0.01 4.83418006120502
0.02 15.1222441977242
0.03 -1.61150332079521
0.04 9.42656261927139
0.05 0.365582436312837
0.06 17.7381853876612
0.07 19.4621147086016
0.08 -5.95765531910162
0.09 4.41685717359126
0.1 15.4312340856338
0.11 13.6481321551175
0.12 3.79278095708368
0.13 -6.78559887562463
0.14 25.8766362023573
0.15 -2.99734570281314
0.16 9.76356114502747
0.17 -2.30759103168184
0.18 19.4263241407786
0.19 0.736538391445447
0.2 3.21514910275736
0.21 14.2271575349883
0.22 18.8364985358552
0.23 -2.44205189496255
0.24 18.1345951247289
0.25 8.14885476704858
0.26 12.7364876101201
0.27 -5.46655066158753
0.28 14.8318317568676
0.29 -2.15764561855036
0.3 -5.72023976145883
0.31 -11.7328996417182
0.32 6.77939383767934
0.33 8.02871921181391
0.34 -4.94942168145618
0.35 8.41881879058855
0.36 8.5309639924
0.37 1.43012145763683
0.38 22.6647903995301
0.39 17.4741670038485
0.4 9.78408219044466
0.41 14.2932101480912
0.42 -3.44815254099925
0.43 14.046346793712
0.44 -11.3873001583438
0.45 -11.1127637383764
0.46 4.08870606684843
0.47 5.1737381597156
0.48 16.1937526406536
0.49 15.5953739357779
0.5 -3.22455021039845
0.51 18.1961345875333
0.52 9.51573444936719
0.53 12.5899296814189
0.54 1.27287264907945
0.55 9.02362180555653
0.56 6.4872917232716
0.57 -0.846425547668613
0.58 -6.60983834459182
0.59 -10.0046599272237
0.6 13.5044299936396
0.61 6.48679219616923
0.62 20.2872588676584
0.63 -5.47510360969499
0.64 16.3029397456705
0.65 4.78059681336049
0.66 14.8543833823653
0.67 17.5419845183795
0.68 -10.2551894408256
0.69 5.20537112193673
0.7 8.53544408508433
0.71 5.61610216697684
0.72 11.128006867957
0.73 -12.0615940226759
0.74 5.39914510235233
0.75 4.54662308188232
0.76 -3.92581144641428
0.77 -3.35861371313926
0.78 10.9203906693467
0.79 10.8966023123173
0.8 14.0105281911723
0.81 -5.64094631697688
0.82 15.4063214911309
0.83 4.17234982077563
0.84 1.08549237034029
0.85 13.7443256309755
0.86 12.4787958486614
0.87 6.14188820810144
0.88 1.77014992745679
0.89 10.4650332772445
0.9 6.14673854108223
0.91 18.1046772972732
0.92 7.39518029307231
0.93 17.2406691398303
0.94 -12.9930029902743
0.95 28.8225003764191
0.96 24.2447415328178
0.97 -6.75343461399363
0.98 7.27771425198618
0.99 6.92502612028591
1 -10.732208010693
1.01 6.12292676616087
1.02 5.95653068692375
1.03 13.3285096412921
1.04 6.4407888601898
1.05 16.3612378711651
1.06 13.0102612946735
1.07 8.56120351661217
1.08 30.3930234281786
1.09 2.2165152299254
1.1 19.956288591431
1.11 17.7636717439131
1.12 19.0507141765207
1.13 7.12712136448002
1.14 3.05080310800315
1.15 9.10797231956656
1.16 14.2195488683161
1.17 19.8974143149891
1.18 20.0610335904913
1.19 11.4330472149727
1.2 12.1925326783783
1.21 -1.35221453666202
1.22 13.8534292429613
1.23 15.5710249714526
1.24 30.2094691823998
1.25 9.95803170462236
1.26 7.24060857869756
1.27 13.7240242311153
1.28 18.5560960440033
1.29 17.8012084390061
1.3 29.9081194820831
1.31 28.4990496203413
1.32 -4.13705347037308
1.33 24.4912975965848
1.34 18.0100951955705
1.35 -2.40353000654507
1.36 4.72285659234392
1.37 20.8225511009035
1.38 0.719580623986461
1.39 13.4961507062337
1.4 24.956635533935
1.41 39.4133870111088
1.42 8.58655909766931
1.43 17.6727538322942
1.44 20.297454748697
1.45 -16.5912632886443
1.46 3.70310229684883
1.47 13.885280766003
1.48 21.0597098167721
1.49 -2.04736328552141
1.5 -1.97049544580159
1.51 9.71724586944499
1.52 10.4790686519023
1.53 17.8229361575435
1.54 17.8471654643586
1.55 14.3142021013977
1.56 24.1496534987882
1.57 16.8999339539975
1.58 23.4292638034507
1.59 9.51557644993503
1.6 -8.12368511737579
1.61 23.2335858074857
1.62 10.7040027245583
1.63 -2.29249142894868
1.64 11.3303995521647
1.65 21.8980125909184
1.66 4.64258678380003
1.67 24.4428996523415
1.68 6.24343076860894
1.69 9.86540897766868
1.7 9.70744334528135
1.71 24.7173806404001
1.72 25.1165585681794
1.73 4.37877943250994
1.74 22.5300219043044
1.75 7.44830058216692
1.76 25.9183887487838
1.77 7.56873203073599
1.78 8.82941184248842
1.79 7.92433439591522
1.8 22.2848034695795
1.81 22.0599529967899
1.82 -6.3792470121008
1.83 -3.51499760370876
1.84 2.36310828075232
1.85 6.01031670231927
1.86 9.93217495037588
1.87 0.833344401437278
1.88 8.40737887009029
1.89 7.70037837484539
1.9 11.6653820626907
1.91 17.7343059102755
1.92 13.7259039871731
1.93 4.44681753515422
1.94 25.5966777441711
1.95 27.6560304865437
1.96 -0.474033286452558
1.97 25.7548459709477
1.98 24.4613868459036
1.99 34.507490909955
2 29.4556596008657
2.01 1.48956174576165
2.02 3.95692821703748
2.03 23.8634673920483
2.04 2.76798668196118
2.05 40.7042167097528
2.06 10.2535194186636
2.07 5.68460379945229
2.08 34.985676642711
2.09 20.9803162673888
2.1 22.1417966278026
2.11 -4.68201121449847
2.12 25.9511721890489
2.13 8.75922208651801
2.14 18.6527748685118
2.15 26.9546479473641
2.16 1.34944485406368
2.17 26.8819686550711
2.18 20.2234398514919
2.19 -2.19111256127902
2.2 19.1553982305068
2.21 18.9870697269006
2.22 7.75936083053429
2.23 -9.79030784344385
2.24 1.61006801052043
2.25 15.4847040755631
2.26 13.9703186344883
2.27 16.67243643186
2.28 21.096797183359
2.29 26.4521378007115
2.3 27.3557952835475
2.31 10.4960748784388
2.32 29.559963460079
2.33 30.2620882027935
2.34 -5.75641050757339
2.35 40.7307926907453
2.36 27.6518299030799
2.37 18.5367498112327
2.38 30.4902006151878
2.39 16.9356325758935
2.4 15.779723312988
2.41 22.0885896736809
2.42 9.21511011549766
2.43 16.8471657050926
2.44 26.8610901705099
2.45 33.7346206391543
2.46 22.1750806358909
2.47 14.7562301584582
2.48 33.2829938410898
2.49 13.8636796638684
2.5 19.9896472551864
2.51 25.3968948396545
2.52 19.4795842685885
2.53 28.634060415344
2.54 24.6838268604514
2.55 23.9539465052894
2.56 12.5403466121197
2.57 1.68890306650377
2.58 19.9113567495025
2.59 17.3407229090154
2.6 11.5152768744388
2.61 21.5903697905032
2.62 6.97270102994663
2.63 28.6792796091143
2.64 17.4567601928546
2.65 4.18040984364649
2.66 33.7983990291556
2.67 32.061134603477
2.68 20.7644041889086
2.69 14.0374720611705
2.7 10.7933449938876
2.71 19.2849726952077
2.72 12.5944661411017
2.73 19.717767153219
2.74 19.5555596686348
2.75 11.185764903371
2.76 27.5483684756774
2.77 19.5057296975093
2.78 22.3336197713217
2.79 31.6402926084331
2.8 13.3485195728942
2.81 22.1853069861149
2.82 28.7116739169357
2.83 26.8590202291816
2.84 18.0730418416926
2.85 39.407830410148
2.86 31.7607768896402
2.87 35.1572999397513
2.88 34.9006272020346
2.89 17.4567589190233
2.9 9.0484902665512
2.91 26.7621063960989
2.92 8.99742173552282
2.93 22.2046056198518
2.94 39.1622695144481
2.95 15.7906321865562
2.96 19.0785203132822
2.97 15.583323810396
2.98 22.180352827354
2.99 22.2061690884994
3 24.771378825752
3.01 21.7916959693711
3.02 7.54110200833005
3.03 32.8857375496813
3.04 38.877482959899
3.05 20.8958166465186
3.06 -1.03000983799354
3.07 6.24754138334691
3.08 21.4817659259757
3.09 30.5456402704316
3.1 0.307609539968857
3.11 17.1502138801375
3.12 30.7726580515817
3.13 15.1691929462109
3.14 12.4882567820524
3.15 32.3419795056471
3.16 29.5902694755754
3.17 21.6501960984066
3.18 30.9305820196321
3.19 13.551900110266
3.2 14.5656136768742
3.21 4.17166659240696
3.22 5.63272622211181
3.23 14.9383507515262
3.24 7.19246972441472
3.25 32.0132578898529
3.26 33.4137698697264
3.27 26.1930949889311
3.28 23.3196082692965
3.29 21.7511453981172
3.3 33.5038094019913
3.31 25.3960895325505
3.32 23.417936262549
3.33 9.94856873365268
3.34 35.4318767808328
3.35 28.0124429228464
3.36 16.8328782206084
3.37 24.7651458013852
3.38 16.6629391174019
3.39 44.195284466067
3.4 22.6500156325392
3.41 32.6140837766771
3.42 14.73979475233
3.43 18.1859947207782
3.44 22.7418538202706
3.45 14.4778532657921
3.46 23.4360715806055
3.47 11.2294258260886
3.48 33.0508034055105
3.49 18.5256627153611
3.5 29.1588048871356
3.51 16.6056491309823
3.52 27.7234585912015
3.53 27.8918929290424
3.54 43.3639604204394
3.55 18.3358198115524
3.56 29.3705573452636
3.57 42.9734927696735
3.58 -7.92296719090764
3.59 5.23322246939395
3.6 29.9841609285692
3.61 17.99700523644
3.62 13.77762499661
3.63 0.0172531903899049
3.64 33.135099920008
3.65 34.7842839617096
3.66 20.3885470698084
3.67 30.712216772692
3.68 30.3178328749477
3.69 30.2301563844781
3.7 25.7402337276015
3.71 -4.41420336704243
3.72 26.8044872690304
3.73 26.8851795225248
3.74 16.7483639813542
3.75 26.5758378357183
3.76 12.6656504157173
3.77 20.4883837196935
3.78 5.93114600380441
3.79 33.8843682562124
3.8 19.9042414173229
3.81 30.2299494729373
3.82 24.1230570728599
3.83 31.5055349331359
3.84 13.3569754430965
3.85 16.6959586364434
3.86 21.3012445746367
3.87 49.5059890700422
3.88 24.0290548440703
3.89 19.6947945187233
3.9 17.2666522748072
3.91 25.2900830312683
3.92 39.815689286223
3.93 22.4339522212902
3.94 13.5314339408245
3.95 39.6560127784637
3.96 25.5651575780914
3.97 55.7373688056135
3.98 26.7421359581589
3.99 25.218837161706
4 23.1215115355211
4.01 24.0895129518026
4.02 38.3361230841007
4.03 23.0187647807855
4.04 19.5048344130466
4.05 13.6142310437708
4.06 37.479111230084
4.07 28.5378477348216
4.08 16.999654011521
4.09 34.4447003950042
4.1 31.4244762241473
4.11 39.1850613345671
4.12 11.0106931073525
4.13 22.4195864790799
4.14 20.943765183265
4.15 16.4135058724748
4.16 33.9923102977824
4.17 14.9079181764602
4.18 37.3544442638391
4.19 31.8440793048847
4.2 11.1056162006874
4.21 23.068248585401
4.22 31.9557830048024
4.23 50.3047180041084
4.24 35.6358161436798
4.25 11.2007977521868
4.26 20.3873241942998
4.27 18.7418720676323
4.28 26.1453688556511
4.29 20.2655688916088
4.3 22.1872292919908
4.31 12.8947344592161
4.32 32.5944185700891
4.33 23.8320392202017
4.34 26.3919715344866
4.35 15.6895348487956
4.36 32.0753718143864
4.37 37.2304653655976
4.38 9.12338637996044
4.39 13.5965386578427
4.4 28.2452234155577
4.41 22.7380585819643
4.42 33.4560037887467
4.43 27.4075825329119
4.44 19.5134420059508
4.45 20.8897412329935
4.46 26.723456193287
4.47 31.6861661233084
4.48 35.8832853924534
4.49 45.1859917031591
4.5 24.3553304729264
4.51 16.1889128135548
4.52 22.5888118345351
4.53 27.4689668244951
4.54 33.708253705493
4.55 27.8285654404725
4.56 41.5633603232277
4.57 34.0296235221097
4.58 35.1657989759312
4.59 32.3095578344002
4.6 41.5378364560873
4.61 33.334529422915
4.62 45.4185977883138
4.63 54.8749374536569
4.64 45.9006252791678
4.65 27.8159237045306
4.66 26.4996914438102
4.67 34.7786069625595
4.68 25.2567989152995
4.69 30.517271988317
4.7 12.7268643762987
4.71 40.3737802532681
4.72 20.6306555976099
4.73 27.4151176705422
4.74 16.5106163236233
4.75 30.9937194648884
4.76 31.8786977543596
4.77 18.5466238856522
4.78 49.8792963272367
4.79 24.3057460596685
4.8 34.3692942897848
4.81 31.7281262977106
4.82 12.4418705912259
4.83 40.3105510531315
4.84 14.7676652156341
4.85 23.5996465340364
4.86 37.6692285341902
4.87 27.5753956695334
4.88 16.4683182899943
4.89 29.5527286541727
4.9 36.0393273271657
4.91 42.1545390068215
4.92 12.9627450439055
4.93 33.9379037670425
4.94 35.4137092223403
4.95 40.5389355445846
4.96 41.2086542102167
4.97 41.179748194958
4.98 22.5725074346447
4.99 12.4563785814393
5 18.2249721942827
5.01 35.4574550332527
5.02 35.7538066663794
5.03 34.109787815493
5.04 24.0546473174205
5.05 14.2404808194717
5.06 30.1560263699187
5.07 35.6623676721473
5.08 36.6922959486581
5.09 32.5263986737205
5.1 12.816590651021
5.11 38.2965643918203
5.12 25.6660906775208
5.13 51.0988455820516
5.14 37.3218577666046
5.15 33.5762288271892
5.16 28.3514244219416
5.17 31.5970836943954
5.18 57.4807964350825
5.19 23.7947032204941
5.2 19.0791417867778
5.21 35.5095944236051
5.22 31.2547537287303
5.23 37.3936953060234
5.24 30.3716316023307
5.25 31.5752287234559
5.26 31.4824104345937
5.27 37.3582211829064
5.28 36.4007054149368
5.29 44.8573931643848
5.3 42.8619268952271
5.31 39.9775464964789
5.32 30.0032056334736
5.33 32.0251463323343
5.34 23.4542007325545
5.35 26.2239068628055
5.36 9.73811875130989
5.37 41.4418783957195
5.38 37.1606057535214
5.39 35.5295635622562
5.4 49.4502027670768
5.41 41.5541748748731
5.42 45.6179562296742
5.43 31.1710179350798
5.44 37.1129254438471
5.45 31.8944937458515
5.46 36.3647174833832
5.47 31.0054973167126
5.48 23.4434900476739
5.49 37.8558519801596
5.5 36.6808076940793
5.51 50.2374613744251
5.52 29.0605818908255
5.53 21.3504483270145
5.54 32.299541786149
5.55 28.3669174938665
5.56 26.1058184088369
5.57 32.8447643001532
5.58 24.6810367929072
5.59 44.7600408580949
5.6 27.1091018137159
5.61 25.8080794151693
5.62 34.4958671385858
5.63 30.6526187078332
5.64 25.4357003832471
5.65 37.669355056677
5.66 42.2744293139044
5.67 29.4625294830254
5.68 37.7424051669937
5.69 51.322296142549
5.7 16.8189184246041
5.71 53.046074782866
5.72 45.9488573962271
5.73 26.1417711431303
5.74 31.2105669326925
5.75 18.8736538384244
5.76 52.7709382781577
5.77 17.7044603804395
5.78 38.1108998956621
5.79 16.067622820765
5.8 47.5640395742829
5.81 26.1595157267659
5.82 14.4153043871046
5.83 38.3638327158856
5.84 41.1256572468674
5.85 29.0976740368985
5.86 38.8108570184341
5.87 37.8665560296812
5.88 32.0095425216869
5.89 41.239147479351
5.9 35.2037513832614
5.91 5.42208048244744
5.92 36.4296959783167
5.93 33.0824406975058
5.94 41.3477191919241
5.95 46.3635384258833
5.96 42.0698141825151
5.97 29.7787983670209
5.98 16.2848857090393
5.99 37.2176788289828
6 26.9767846697425
6.01 25.3630768406689
6.02 32.1934484292757
6.03 26.3039354192894
6.04 29.261914441602
6.05 47.2036771370076
6.06 14.7562456490135
6.07 36.4199659303687
6.08 24.0387442589579
6.09 35.0657908772791
6.1 37.1841862729619
6.11 12.308404032655
6.12 35.8871833473763
6.13 24.1458426049478
6.14 24.1934504611786
6.15 34.4736291220505
6.16 47.6652064982302
6.17 42.3657443212309
6.18 48.1485612072828
6.19 36.4623003415847
6.2 49.613526997323
6.21 43.4638643198646
6.22 34.8067030692063
6.23 32.4712237202104
6.24 40.7235875080093
6.25 11.0276824903758
6.26 41.8413110125159
6.27 36.4615986472979
6.28 41.0778307399753
6.29 34.8666216674326
6.3 42.0041958359212
6.31 28.1094977578615
6.32 30.2655299536333
6.33 28.5602498399621
6.34 15.8814090222951
6.35 34.2456265727338
6.36 42.8625222715716
6.37 49.8011304272626
6.38 33.14902579728
6.39 24.8792922537266
6.4 18.2731973056583
6.41 18.5706025571287
6.42 51.4591543515578
6.43 59.4174870543051
6.44 22.1684604930371
6.45 33.0267065424006
6.46 35.4966887848679
6.47 37.5352187760859
6.48 29.0841697305181
6.49 42.6682731668455
6.5 31.2251001727825
6.51 39.4908278083017
6.52 54.2328472358082
6.53 39.7687559123775
6.54 13.3127418525724
6.55 50.5720230460469
6.56 46.7662971005191
6.57 25.9640823556939
6.58 40.1922095375765
6.59 41.2074468618707
6.6 38.1240765929022
6.61 41.6262103278817
6.62 40.9966525776563
6.63 36.1201386878145
6.64 25.8691824501585
6.65 38.4686102211028
6.66 42.9788384704948
6.67 29.1172580095666
6.68 42.7118492040925
6.69 28.9971568722724
6.7 26.2441470643593
6.71 58.1682942216537
6.72 41.4815782187614
6.73 40.4961172307704
6.74 47.1741879104488
6.75 25.3084870809548
6.76 46.3338253106518
6.77 41.5949611963772
6.78 52.4091694724852
6.79 51.9092474466369
6.8 28.6725390668117
6.81 27.0577361045941
6.82 40.8800229574111
6.83 30.0469164174999
6.84 17.6890357985457
6.85 24.4231778284178
6.86 39.8774372340932
6.87 41.4957856154789
6.88 40.5295995134516
6.89 24.6374027863804
6.9 45.0517648212935
6.91 34.7365202905667
6.92 37.8432838698183
6.93 41.4227823445049
6.94 49.3842469024646
6.95 40.0934596277746
6.96 39.7510774328281
6.97 40.4168744238395
6.98 34.4819991614049
6.99 34.9921029018727
7 38.3366542653493
7.01 44.9833442088212
7.02 57.689355168232
7.03 41.1390174031662
7.04 38.8312505930506
7.05 42.0898278605557
7.06 30.1837418105727
7.07 40.5320328153217
7.08 54.6872397755978
7.09 35.4006860492983
7.1 39.4937052201516
7.11 51.5844495083706
7.12 43.0111312783957
7.13 27.8110223918508
7.14 25.1403697824258
7.15 46.8332348825591
7.16 60.3255265022199
7.17 42.5141461962291
7.18 43.3902581347854
7.19 27.3776917212095
7.2 52.8267100630787
7.21 52.4951253071619
7.22 44.2794098333277
7.23 40.1760233617437
7.24 31.6003153687182
7.25 39.3658208232348
7.26 55.4835135058176
7.27 50.3268199718224
7.28 51.1393761018626
7.29 47.8619139859621
7.3 24.5250702149164
7.31 52.6968091442921
7.32 45.0166097975353
7.33 44.51187138833
7.34 25.1806388318289
7.35 51.3684924693988
7.36 14.4484438847157
7.37 34.5702205161447
7.38 46.844751623304
7.39 36.3922995048276
7.4 27.1827536471378
7.41 50.020685930279
7.42 26.9233454049976
7.43 49.8505474793833
7.44 43.3416396818224
7.45 40.7560806270729
7.46 48.6662753430681
7.47 41.6759876314411
7.48 43.1694355040795
7.49 38.7273126747114
7.5 52.363427931505
7.51 55.8050502190816
7.52 55.1993749307009
7.53 51.167955255665
7.54 41.6127003013273
7.55 36.5240632985615
7.56 29.5223668819558
7.57 41.1534845510376
7.58 41.8837604406557
7.59 44.7769955806248
7.6 33.2796752188572
7.61 41.2726512210584
7.62 33.6156413251431
7.63 34.0280615659969
7.64 37.2469477108567
7.65 31.2651925374188
7.66 54.6027099477659
7.67 56.4463000159834
7.68 42.1717778625132
7.69 32.0942079069475
7.7 44.8031055202008
7.71 43.0950883454473
7.72 33.7416409064871
7.73 50.8705024563075
7.74 50.8001493127955
7.75 49.531343130892
7.76 43.0861614051228
7.77 29.8267745028283
7.78 27.5167784611092
7.79 48.677336292079
7.8 50.1545325456204
7.81 45.2852734527886
7.82 38.9388122126838
7.83 -0.959593266459471
7.84 53.805305404599
7.85 33.6704806804844
7.86 47.6312996940738
7.87 53.5324848051083
7.88 44.0617455632996
7.89 27.6929396045497
7.9 55.1962704996292
7.91 30.1450033072084
7.92 50.4589849142085
7.93 46.1857981573413
7.94 48.9552547608717
7.95 31.3591236790145
7.96 57.026049336833
7.97 39.3635690113829
7.98 33.3295646848067
7.99 37.2656725634069
8 70.7485471700224
8.01 43.9770503610669
8.02 39.5616534447248
8.03 54.7245621792321
8.04 38.5865593867141
8.05 65.8191656337032
8.06 43.737341288765
8.07 35.1290261439879
8.08 53.8894497436659
8.09 48.7583617805143
8.1 33.1576731200983
8.11 58.6005265117924
8.12 72.8548780704623
8.13 37.3782920095748
8.14 57.6611013220264
8.15 46.2528001649467
8.16 36.3369869469216
8.17 27.3345215282139
8.18 43.0212043566138
8.19 42.3637299157086
8.2 70.7980600799413
8.21 39.2684562133759
8.22 50.9652822081159
8.23 49.5269535408256
8.24 59.9672679102585
8.25 65.0647283504375
8.26 41.9086284591642
8.27 45.6770331518059
8.28 31.9932448583061
8.29 49.7281058889531
8.3 52.9702271668297
8.31 23.0309234175216
8.32 44.4731915129859
8.33 54.9167318536329
8.34 34.8357775939223
8.35 40.1899587775667
8.36 53.9207224907095
8.37 52.0453804452263
8.38 38.7382098861321
8.39 45.3505528315041
8.4 51.1115227735875
8.41 51.4256071939901
8.42 43.120500855351
8.43 57.109312726458
8.44 41.7153638018017
8.45 54.0607282077056
8.46 48.5356573631585
8.47 35.8853874131943
8.48 49.0166760679807
8.49 40.8533037622158
8.5 54.7104955925817
8.51 65.8400182940689
8.52 51.6635928491739
8.53 59.1882906075847
8.54 53.7099132498515
8.55 31.2094392920738
8.56 32.5746702816131
8.57 41.2206369536742
8.58 56.5734238576597
8.59 38.6553027679384
8.6 34.4177458843809
8.61 44.6900088677114
8.62 52.0206108392743
8.63 32.820725972019
8.64 41.0621065590752
8.65 58.0830001054247
8.66 44.2325950277573
8.67 57.0173290379002
8.68 39.4338191478584
8.69 42.0025641295879
8.7 25.3198039602075
8.71 50.8380042503456
8.72 60.9771407958105
8.73 51.1652444428068
8.74 33.6942581825703
8.75 70.7910840365064
8.76 46.481025782558
8.77 48.5739202852448
8.78 63.2473934375892
8.79 39.6834475298956
8.8 65.5525937677892
8.81 44.3991882238398
8.82 40.3020060620195
8.83 49.013615863402
8.84 46.2827288489946
8.85 41.5939131970897
8.86 31.1246869021925
8.87 46.0455071799432
8.88 44.6370600771311
8.89 67.8735246125472
8.9 54.0902653799917
8.91 46.4032661224348
8.92 50.6247895469478
8.93 36.0776582997358
8.94 69.8172919784051
8.95 22.9227508399073
8.96 44.45377892676
8.97 44.2465386493697
8.98 64.0282992696194
8.99 54.6076930441324
9 46.8839345862287
9.01 59.7044027668447
9.02 48.5584785208353
9.03 77.955208643549
9.04 57.8431128420911
9.05 67.0747495117052
9.06 44.6569458657413
9.07 30.4979281855273
9.08 55.6015236736336
9.09 41.3347376353182
9.1 33.1449404363441
9.11 59.1208214298402
9.12 52.0998779444644
9.13 55.9395122783741
9.14 57.3962781540349
9.15 40.0702625931562
9.16 42.5686460859677
9.17 54.855084564578
9.18 52.91605802785
9.19 60.2241323380351
9.2 45.0112361319151
9.21 31.2984126572895
9.22 49.4793705507396
9.23 46.8266096013554
9.24 57.6232812592195
9.25 50.3867439040474
9.26 58.5652409086738
9.27 58.7219447206678
9.28 40.467046493902
9.29 49.1640266971668
9.3 60.7791267880669
9.31 55.7669766213996
9.32 52.9328808276801
9.33 45.1211187214325
9.34 50.4309782000006
9.35 58.8193697684466
9.36 45.7191360208755
9.37 63.3071674408274
9.38 62.616880902458
9.39 70.6470410272364
9.4 56.5304948761739
9.41 63.0352739191613
9.42 66.0039633957488
9.43 56.9746018721683
9.44 37.9902031833838
9.45 53.3972053066328
9.46 51.4620027261323
9.47 43.6032841381746
9.48 51.059525141291
9.49 56.8473361348135
9.5 51.93329521534
9.51 51.9152346468819
9.52 51.7583275495234
9.53 42.4326030398012
9.54 32.0466216330193
9.55 31.2307846355709
9.56 60.0624967500732
9.57 50.7415863223073
9.58 52.9652396613423
9.59 51.8261958516257
9.6 51.5578449437518
9.61 66.2493793522247
9.62 59.1487026495915
9.63 59.9399505385796
9.64 68.652183014229
9.65 51.0242647522293
9.66 41.1124127148751
9.67 38.648585566067
9.68 62.4754082224896
9.69 46.8106535045585
9.7 46.8104444248375
9.71 34.4195889686171
9.72 44.6313973783596
9.73 52.7151211094091
9.74 46.664680275842
9.75 37.4745849668468
9.76 59.2065877656161
9.77 44.7360519674391
9.78 54.4051659761128
9.79 50.8540607608513
9.8 46.1505621997403
9.81 56.7157607607049
9.82 57.5308195012763
9.83 62.765725519201
9.84 56.85743379359
9.85 54.2842828112839
9.86 48.215339810267
9.87 56.4235596112874
9.88 52.6010995193162
9.89 71.4272107734858
9.9 55.1039269912187
9.91 81.6658979657129
9.92 42.5958454752884
9.93 58.0497465648483
9.94 66.2815726597645
9.95 59.1236587102234
9.96 49.8923355561795
9.97 56.9979607596155
9.98 42.9289333549669
9.99 51.2730559999938
10 57.4075970155936
