0.01 15.4631071229843
0.02 17.4524140566932
0.03 10.4266674627608
0.04 -2.76020266664715
0.05 3.00245371709984
0.06 30.4170689422965
0.07 -2.07416650708426
0.08 -0.946128002707257
0.09 6.95877811477011
0.1 19.4018898722707
0.11 1.89631725711038
0.12 -4.97832732513085
0.13 3.03334252420148
0.14 4.53551172797779
0.15 10.8117466334458
0.16 16.2551678987247
0.17 -0.294017102480759
0.18 12.0368380124401
0.19 7.01540833904701
0.2 4.51114023928338
0.21 27.5527081012784
0.22 0.854632715196452
0.23 3.21173279087558
0.24 3.19826296505218
0.25 8.54028700537383
0.26 14.1015624637389
0.27 0.237688309037154
0.28 -3.63352251922974
0.29 13.2024943416494
0.3 -10.4771732860656
0.31 16.3356308384507
0.32 9.9241278432854
0.33 18.0251627325227
0.34 1.34505625410786
0.35 6.21173226548974
0.36 25.5473864076138
0.37 -6.73978620196276
0.38 6.84280849192239
0.39 -6.58732941250679
0.4 1.77693045632891
0.41 16.8035784181228
0.42 29.6725408924898
0.43 2.441366771863
0.44 5.46076202532418
0.45 18.9428035275632
0.46 -14.0638758927389
0.47 9.76401285061667
0.48 2.17530461102914
0.49 -4.64861620022152
0.5 13.1948377359675
0.51 3.25985295828476
0.52 -4.52350226030805
0.53 4.15078074252551
0.54 11.3447224377599
0.55 13.884017456706
0.56 10.1866686012222
0.57 28.0002429819385
0.58 9.36650269108305
0.59 15.832104468908
0.6 22.8137840461041
0.61 10.1912920406243
0.62 11.3766779614705
0.63 11.5096352260982
0.64 -6.37560072200555
0.65 12.1100366396719
0.66 -4.36991122253122
0.67 25.0932365992515
0.68 18.7076677467824
0.69 4.88734959606572
0.7 14.5492868132016
0.71 -5.98003842261315
0.72 -9.47462118386072
0.73 20.1576211674937
0.74 10.0266272749878
0.75 3.93792848862642
0.76 6.82783442530161
0.77 6.96774442734852
0.78 17.906105013733
0.79 9.7328399215694
0.8 0.00951685639168964
0.81 9.60515244961381
0.82 9.4950183839831
0.83 24.5802174719638
0.84 6.38365123696926
0.85 0.451320909783655
0.86 13.8939351049767
0.87 3.08460112590078
0.88 33.413184937354
0.89 12.0644981183219
0.9 6.39088636513844
0.91 3.47477663875959
0.92 2.98514738457336
0.93 -12.620033620428
0.94 2.07699379663823
0.95 21.7548121584198
0.96 5.4026138548683
0.97 -5.81301718164322
0.98 16.5626102974161
0.99 23.1420920775079
1 13.3131452305909
1.01 7.60405201805477
1.02 6.95057982695719
1.03 14.0589551453094
1.04 18.8826445486382
1.05 6.73958881238441
1.06 2.68409347108481
1.07 -26.5835054498909
1.08 4.35415707161494
1.09 2.69212932749536
1.1 3.04102006515353
1.11 18.8222612044629
1.12 17.9891955999892
1.13 12.4955773935527
1.14 10.6004237640397
1.15 21.9024857474215
1.16 -19.2883631295851
1.17 16.5577407034744
1.18 8.88534199454952
1.19 23.5711170055712
1.2 18.6684753854712
1.21 35.0429891779447
1.22 18.6424285465944
1.23 -0.624644069629454
1.24 14.9882822051142
1.25 -16.2613487737814
1.26 18.7665110806749
1.27 16.9315766650077
1.28 37.1997718516597
1.29 6.34166000755906
1.3 16.3344326574611
1.31 -16.0637465084013
1.32 -1.65995916098686
1.33 16.001662447142
1.34 30.6671123997412
1.35 16.908005763365
1.36 25.2765705628656
1.37 27.0775660886573
1.38 31.1393573482993
1.39 12.8691936932164
1.4 11.4216024374251
1.41 34.2455324914283
1.42 1.6529750583828
1.43 4.22453031931176
1.44 -8.15756400880304
1.45 5.05164618229018
1.46 18.4360666569589
1.47 16.2761379757007
1.48 -5.58807378083259
1.49 14.0997381327602
1.5 16.3521485135794
1.51 -1.63814800852601
1.52 23.7385263161522
1.53 -8.45589093617246
1.54 19.0546905320574
1.55 2.6354143831051
1.56 4.78623551836267
1.57 15.9104330248396
1.58 9.14409450634324
1.59 27.5481478661459
1.6 20.7673655743806
1.61 6.46121207373981
1.62 25.6971445789973
1.63 21.5347226885721
1.64 14.6574395777924
1.65 10.6553093838151
1.66 10.9150093668305
1.67 5.49697343592914
1.68 29.9710862325181
1.69 13.8795850733737
1.7 28.023501865771
1.71 4.80672557630709
1.72 12.8917189495404
1.73 19.1891458225855
1.74 31.2701282734809
1.75 17.0406440440966
1.76 11.4460324489233
1.77 2.16499297475458
1.78 28.4830810145617
1.79 3.62026855706288
1.8 -3.31333645281445
1.81 -8.7165350942133
1.82 28.0200473568874
1.83 22.2947145548866
1.84 11.9469277578045
1.85 21.8127775266434
1.86 5.79031427680941
1.87 17.8593879037127
1.88 8.36694929506828
1.89 -6.53457914240185
1.9 16.8595667674982
1.91 31.0278058951661
1.92 8.02270503144549
1.93 2.19200871911356
1.94 12.6115493982998
1.95 13.8198518931149
1.96 30.9666531349243
1.97 16.5845572627196
1.98 20.9239203480377
1.99 39.3883396543008
2 18.3350191028782
2.01 19.908540106634
2.02 14.3058880082955
2.03 27.6146484444711
2.04 9.72932385687404
2.05 2.25217597227406
2.06 2.3824432980439
2.07 13.8450230541907
2.08 19.742706001325
2.09 15.0954038381507
2.1 15.8771338264891
2.11 15.0073949858593
2.12 4.22004926485004
2.13 10.7820043384142
2.14 14.5169108854278
2.15 21.1059025171056
2.16 8.39543175034035
2.17 5.02441700150413
2.18 15.5951076696325
2.19 21.5869086432036
2.2 12.7801996545658
2.21 37.6638861026287
2.22 18.5021912593658
2.23 13.9034583945225
2.24 24.5156674694144
2.25 7.30182934459405
2.26 24.1535684585874
2.27 19.3872649193861
2.28 4.02797075757596
2.29 25.227063261125
2.3 19.4456200371686
2.31 7.82892165447388
2.32 20.580653220773
2.33 20.8708678303253
2.34 26.0928970934399
2.35 13.2319925908954
2.36 33.7123988568468
2.37 7.19362763014843
2.38 26.1155763747657
2.39 25.0749236874029
2.4 18.5456644297997
2.41 38.0222706132429
2.42 32.2186086662819
2.43 9.87109643511283
2.44 7.97680405325701
2.45 24.1046518478039
2.46 15.429390569629
2.47 35.0711700343074
2.48 37.1050240250131
2.49 7.44992599944825
2.5 14.0932022118047
2.51 11.6575832032303
2.52 20.7281851026174
2.53 16.5421013565219
2.54 25.8718361459735
2.55 7.41770270397968
2.56 29.6119747795639
2.57 38.2331966779265
2.58 14.0570755996445
2.59 28.5620027630013
2.6 15.96425169147
2.61 16.4407566330546
2.62 12.2425134958937
2.63 8.09946940600546
2.64 14.3347254221642
2.65 16.3811911355826
2.66 16.0449776872904
2.67 28.3908822255377
2.68 1.02334877394485
2.69 28.706052176206
2.7 29.4264273485661
2.71 25.568992370675
2.72 19.6000032023298
2.73 29.1444107415277
2.74 32.9132236290094
2.75 14.4089791873314
2.76 11.8589431025304
2.77 4.83989366381872
2.78 20.3538608458516
2.79 30.4313873799044
2.8 24.1426771434062
2.81 20.2172302350717
2.82 10.4520244228015
2.83 24.2415592991166
2.84 52.8942798816359
2.85 35.2945664008584
2.86 16.3673832355616
2.87 21.5873224888505
2.88 10.7260946042101
2.89 40.7184420903887
2.9 6.07520769232734
2.91 45.6522242876127
2.92 9.47439694317453
2.93 35.7115668924356
2.94 5.54203729871135
2.95 20.0612465561333
2.96 12.0436677685572
2.97 24.5451191094882
2.98 22.9173363499337
2.99 19.8120596158184
3 12.6064235980941
3.01 15.6503640840622
3.02 33.7922576297652
3.03 14.6406240747451
3.04 22.8939180066153
3.05 40.5124548612294
3.06 23.8743018997214
3.07 12.0334328868077
3.08 21.5066608355404
3.09 11.7753061459203
3.1 22.4761449878887
3.11 9.97408520233672
3.12 10.7546652388833
3.13 24.1878289163028
3.14 12.1707154576359
3.15 16.2772541383834
3.16 30.9886947911469
3.17 20.9789813745879
3.18 26.1846530698259
3.19 -1.39533266963215
3.2 20.8669578719358
3.21 28.4878216127454
3.22 23.7395887694362
3.23 29.0322217455978
3.24 26.7374563801092
3.25 17.336820497164
3.26 12.735233576389
3.27 20.2662144347906
3.28 27.9428759404764
3.29 19.0702737996688
3.3 18.6661266343679
3.31 13.0530158798154
3.32 11.6387078834907
3.33 32.8526901010135
3.34 23.8001295631818
3.35 22.9252013925501
3.36 27.5202764715667
3.37 17.9118087061456
3.38 -3.30169172283958
3.39 12.4266352519145
3.4 29.4554514111244
3.41 9.83352662273266
3.42 11.2933693893509
3.43 7.79226348427576
3.44 32.8775029820789
3.45 21.204088601521
3.46 8.58036698266581
3.47 9.07665455299713
3.48 2.07290740371385
3.49 18.8984472610399
3.5 21.8625094547715
3.51 29.2993310700086
3.52 21.8858304533779
3.53 35.5566938074691
3.54 8.74756571134986
3.55 49.1620638773645
3.56 18.8660131969083
3.57 29.0783495991878
3.58 4.50231891228816
3.59 22.6043747739472
3.6 26.8647480538256
3.61 36.0886737293578
3.62 17.0228214521765
3.63 24.3005020173721
3.64 7.49153340170209
3.65 35.2968287920243
3.66 12.439638292189
3.67 31.1537887827837
3.68 27.5814426078081
3.69 15.1710300343645
3.7 18.7072280997848
3.71 25.9735473525006
3.72 7.79201986333931
3.73 31.1920611623943
3.74 44.989294792432
3.75 11.9860370830963
3.76 13.1151144416272
3.77 25.6930244265637
3.78 25.7607185949795
3.79 32.0974714667374
3.8 40.9077246733056
3.81 27.338467666741
3.82 31.2738676748516
3.83 17.4845549547485
3.84 16.7931636352542
3.85 19.8896999765442
3.86 1.33345233247361
3.87 5.72100346837509
3.88 2.48113664482633
3.89 33.5088415465504
3.9 15.8017424657164
3.91 35.194090656173
3.92 40.8997789497586
3.93 40.8293286604401
3.94 49.1052325711517
3.95 8.60419060258378
3.96 39.2420633736938
3.97 27.3360442352675
3.98 36.4480199933608
3.99 18.8391398964932
4 14.3792391227844
4.01 26.7372355589219
4.02 15.2902083401784
4.03 16.5940699465664
4.04 20.3005724890597
4.05 29.5768590289047
4.06 31.9160740483315
4.07 24.8692934887461
4.08 14.830386173184
4.09 29.317056811008
4.1 32.036895037337
4.11 22.0602500695229
4.12 21.1188228054482
4.13 25.5036926911058
4.14 28.0544146674106
4.15 14.8342865478717
4.16 15.6858266080078
4.17 40.1764600569691
4.18 32.3854523851723
4.19 27.0410795555059
4.2 21.482935825715
4.21 34.8653819450603
4.22 10.5677076351667
4.23 26.1971245711097
4.24 36.0492535338799
4.25 31.9488675532064
4.26 41.9355207427208
4.27 17.3667512355294
4.28 15.6869247941313
4.29 18.0968550285607
4.3 35.2347901410018
4.31 28.9925597711359
4.32 23.390186072107
4.33 36.0824813213297
4.34 15.2606227526314
4.35 32.0192210627527
4.36 20.8828741953151
4.37 25.7022120542395
4.38 22.9420173671347
4.39 24.1514576219884
4.4 10.5322943814214
4.41 41.1644124566097
4.42 31.9973145591366
4.43 31.068809056329
4.44 44.0281914429623
4.45 32.0203005064321
4.46 0.943223727026641
4.47 14.7457576825759
4.48 32.444522841499
4.49 26.0559743299163
4.5 21.5564632749208
4.51 4.98090555762842
4.52 26.0290382315015
4.53 28.5409625550232
4.54 19.3487424228799
4.55 31.8908546264705
4.56 18.8050827028429
4.57 18.8877877602404
4.58 19.9065983253943
4.59 31.3322811740291
4.6 21.4216062876619
4.61 52.4651566686393
4.62 14.9249547770419
4.63 41.423834613823
4.64 27.8878148790695
4.65 32.8944638366644
4.66 36.4214989806523
4.67 24.8626133211528
4.68 13.4804668032308
4.69 29.1241218285007
4.7 38.6645991068918
4.71 29.5295868129225
4.72 28.8398571260537
4.73 19.2504665115086
4.74 22.3976522482066
4.75 27.1972686257713
4.76 22.6068855397743
4.77 41.9866164392717
4.78 23.0427853582921
4.79 26.5101420395394
4.8 37.0915585677631
4.81 33.2722953923536
4.82 25.5183883492732
4.83 25.6251061406553
4.84 29.6481217570331
4.85 34.4601252337223
4.86 23.3085599783771
4.87 54.2827020258306
4.88 36.0604647405801
4.89 37.0408385429549
4.9 31.8689316813861
4.91 22.9091850493309
4.92 35.361927929877
4.93 26.1241246261547
4.94 30.6449299605165
4.95 29.9902413204968
4.96 36.518536363676
4.97 24.7816656091897
4.98 43.2634347169181
4.99 13.8453425862241
5 20.7645183101715
5.01 20.8611881581624
5.02 40.0094526811551
5.03 28.757097923108
5.04 31.756599601225
5.05 29.6122987796068
5.06 25.6699273434821
5.07 39.2888165335416
5.08 32.0557561472935
5.09 34.6765633183024
5.1 47.1114883428329
5.11 16.9811865587685
5.12 38.379935394072
5.13 25.7308704378036
5.14 43.3988237166381
5.15 9.51636967106096
5.16 38.8534734227314
5.17 43.3421450512484
5.18 36.6850013328522
5.19 30.7352317182967
5.2 37.5494024231949
5.21 49.8609997191395
5.22 25.7494291347978
5.23 37.3292880370253
5.24 28.0909839137595
5.25 22.6189497930079
5.26 39.2410291188201
5.27 18.8512397522224
5.28 30.0015355339171
5.29 29.1655967523193
5.3 16.8484741844735
5.31 45.2398057788068
5.32 27.509864339679
5.33 31.0663279490111
5.34 16.0971073457765
5.35 34.8276840773871
5.36 30.9313210261954
5.37 30.3340489419088
5.38 35.4821777522535
5.39 18.6769418322989
5.4 17.4501729033431
5.41 22.2950708044268
5.42 30.9451379571645
5.43 34.2043334091559
5.44 40.2079566147385
5.45 48.1198424832899
5.46 34.0362359369219
5.47 48.2490103688228
5.48 17.7934661279253
5.49 27.5240961426233
5.5 33.3640360183542
5.51 27.9399087055875
5.52 29.8292214588772
5.53 25.9309770957627
5.54 37.0237527042658
5.55 35.3698975964344
5.56 48.5143024561757
5.57 50.5832733792306
5.58 20.8004442088921
5.59 34.0379544205171
5.6 22.242331115334
5.61 18.1811531833379
5.62 38.1200376356932
5.63 38.9041946264701
5.64 41.1348404924846
5.65 37.5402341341389
5.66 24.5202125530088
5.67 40.5321225684366
5.68 40.4521474573498
5.69 32.0726769599955
5.7 38.5595954564492
5.71 33.9269371462073
5.72 32.5086197439065
5.73 27.7758654097905
5.74 54.1014440884716
5.75 48.9397559952558
5.76 34.7662378611778
5.77 31.0439631566538
5.78 39.3487670530659
5.79 29.5335950729038
5.8 32.9884677605578
5.81 23.7565760308998
5.82 26.0703749822684
5.83 36.6604550314139
5.84 29.4864648028272
5.85 29.7883786678059
5.86 35.9968830150497
5.87 45.2710271840135
5.88 26.804573503558
5.89 38.3210552205458
5.9 37.4919907426246
5.91 51.0761680622545
5.92 31.7151812721741
5.93 31.3280546649178
5.94 16.1542845825281
5.95 30.6714207072268
5.96 37.535961569825
5.97 45.3380952542394
5.98 25.9221973273158
5.99 25.9367593548393
6 50.7974664515669
6.01 31.0471587360661
6.02 30.0891961112902
6.03 22.0256911966948
6.04 36.041192866523
6.05 41.8367275094598
6.06 31.6737302773595
6.07 26.9742742280969
6.08 45.8267291457931
6.09 50.6400098630735
6.1 34.4769777278055
6.11 23.3217813085144
6.12 42.4819332699131
6.13 36.4270162061912
6.14 37.0270768792155
6.15 38.2584451843681
6.16 50.878932996169
6.17 26.0133931447926
6.18 44.1642142767037
6.19 36.5295537938756
6.2 29.2301325965082
6.21 35.8460157776027
6.22 40.5036671812991
6.23 33.9332863743415
6.24 32.0715328518898
6.25 47.3131266139287
6.26 37.3915280054164
6.27 47.4091379524173
6.28 43.5866072963544
6.29 40.1294266499998
6.3 37.0211835466798
6.31 32.2010100919327
6.32 36.5962845259978
6.33 26.9959079973601
6.34 45.2486182031486
6.35 27.640558254969
6.36 33.266333422122
6.37 30.3482694279693
6.38 22.9439081064664
6.39 19.868911270271
6.4 33.1943485746165
6.41 50.4106753651336
6.42 26.5877461835371
6.43 45.3865666687877
6.44 33.5374583124746
6.45 45.2021287536493
6.46 30.2697172647554
6.47 21.3293895396288
6.48 27.370155962873
6.49 49.8606349243406
6.5 34.4954498285873
6.51 43.1059123488685
6.52 31.6975198504717
6.53 22.5135297424928
6.54 46.4474121804209
6.55 30.5715254247881
6.56 31.733418604452
6.57 41.5404879240504
6.58 28.3636549181471
6.59 22.3891798031545
6.6 36.133910542021
6.61 42.8572841385698
6.62 49.981254723775
6.63 20.7319643190958
6.64 37.6194890158283
6.65 46.4060670416764
6.66 57.9194445292731
6.67 45.4883166048139
6.68 23.9710494584985
6.69 29.8249784040721
6.7 26.2787863336675
6.71 33.5949748957293
6.72 23.865665451188
6.73 52.1836770260934
6.74 48.2972798802788
6.75 43.8686724786279
6.76 28.3191744277568
6.77 43.100019526802
6.78 41.5593185166086
6.79 42.8226794375893
6.8 65.7159854457514
6.81 33.052146749613
6.82 45.5918962288098
6.83 39.8778226344747
6.84 58.6136486813357
6.85 39.7830475574789
6.86 39.4805850861113
6.87 30.5987033821486
6.88 27.330998061986
6.89 47.6047858491532
6.9 32.6515469771758
6.91 36.5748899104579
6.92 41.5433192210418
6.93 28.7494482209876
6.94 48.3631211720632
6.95 39.6196756463979
6.96 22.8480598079703
6.97 42.9162745920148
6.98 27.2531164283196
6.99 30.4355579089033
7 25.2471378274936
7.01 41.6216349760015
7.02 46.3423438143295
7.03 18.4524467192165
7.04 43.5244407110522
7.05 31.2550759552592
7.06 46.1662358988152
7.07 56.9431579571081
7.08 50.4985996253018
7.09 47.1247673899653
7.1 35.0491130271946
7.11 43.8622983081662
7.12 34.0607535878036
7.13 29.2328633675953
7.14 62.1737592807675
7.15 32.9484301063808
7.16 31.8743433108928
7.17 43.8968355583456
7.18 9.09285514673283
7.19 43.5511016839704
7.2 42.7770188731459
7.21 48.33734323488
7.22 28.9550068688262
7.23 48.6478840474692
7.24 36.4452446517101
7.25 51.8563951105176
7.26 32.5946373058627
7.27 54.5245357500817
7.28 10.7821572764564
7.29 58.5954937817135
7.3 34.3322198604245
7.31 62.7448892642061
7.32 48.228008127327
7.33 35.8258241595829
7.34 26.0196325421733
7.35 54.0029463145923
7.36 54.8654250300455
7.37 50.7766787112144
7.38 43.0599121796022
7.39 34.7184863906718
7.4 25.3714829727837
7.41 44.0599616550597
7.42 54.1362812128962
7.43 39.5179946914204
7.44 54.2430983790919
7.45 31.2433644975658
7.46 55.4311890009891
7.47 42.7320283203814
7.48 43.7455331122946
7.49 46.4673095756647
7.5 28.9928612183209
7.51 63.4231292464219
7.52 48.2596193230438
7.53 32.437164099133
7.54 37.9931251241878
7.55 28.5293774462708
7.56 29.3010244369699
7.57 44.8397468130083
7.58 32.2008667261347
7.59 40.8112229665675
7.6 41.1413103221429
7.61 48.4817085268517
7.62 22.0463708388966
7.63 51.5346362012686
7.64 29.9943964909322
7.65 42.6656914931742
7.66 46.4869725351515
7.67 32.6163622702614
7.68 39.1393570585116
7.69 28.0574455625571
7.7 43.9718627956851
7.71 61.3993596748771
7.72 37.8499875846674
7.73 39.9456409909053
7.74 59.0331842553339
7.75 29.8105350345154
7.76 26.7711055027353
7.77 54.0339734938659
7.78 49.6419571936331
7.79 45.4372728816072
7.8 52.2579253065642
7.81 40.4395603029891
7.82 47.964924394456
7.83 47.8066262444373
7.84 51.6181988468547
7.85 34.4441469344981
7.86 47.5097393523203
7.87 53.14442609675
7.88 29.8399785922874
7.89 29.3836501858412
7.9 41.9592478853186
7.91 21.4227987951084
7.92 32.5726975214354
7.93 49.3513465804139
7.94 47.7545749058382
7.95 34.1383519046704
7.96 51.9357721401493
7.97 41.4354858770726
7.98 46.815366982788
7.99 48.7812902001626
8 45.7386731450696
8.01 60.4959092894802
8.02 37.7774397151425
8.03 33.547644148048
8.04 43.5665427838428
8.05 46.1246173475273
8.06 36.5303505760062
8.07 42.2704163163317
8.08 39.0279406535366
8.09 37.3764642313471
8.1 46.2241386149152
8.11 45.0806097043873
8.12 37.5840076437602
8.13 53.8800457252545
8.14 47.6843683591966
8.15 45.1582091361416
8.16 42.5997519848914
8.17 33.9346832648416
8.18 41.0872627941267
8.19 69.8676940093824
8.2 39.0923892818067
8.21 51.3742430572643
8.22 41.0455726451066
8.23 35.5881265689525
8.24 53.2449809925318
8.25 48.411898059495
8.26 49.6647182128009
8.27 61.5671391533632
8.28 46.7400817112465
8.29 42.3884320685319
8.3 37.6828824161193
8.31 43.0477335382798
8.32 43.3350290978464
8.33 53.851165548468
8.34 29.7105896508773
8.35 38.0497217252008
8.36 64.2186631884249
8.37 40.6930622617
8.38 50.4294535655407
8.39 36.8184999246384
8.4 42.2864349177129
8.41 43.6739969893977
8.42 60.325431917659
8.43 45.6602166232495
8.44 52.8714511471105
8.45 51.6073168912153
8.46 73.3669949118989
8.47 40.5018799852999
8.48 44.0621980591854
8.49 54.0741397718724
8.5 58.9574304035228
8.51 44.121503526367
8.52 52.3858189746877
8.53 69.3998709813929
8.54 41.1228841786459
8.55 59.8503690693334
8.56 51.8681348803892
8.57 47.0374562973158
8.58 37.8461689947838
8.59 47.1514792008813
8.6 46.8584793650704
8.61 47.6263913234157
8.62 42.1868443321126
8.63 71.6551883205345
8.64 41.202734520473
8.65 52.7033944400051
8.66 21.6018404091657
8.67 50.088020056377
8.68 41.5889244508824
8.69 43.570669955661
8.7 39.9301042051714
8.71 43.3587023905245
8.72 59.5648130865036
8.73 39.592880045036
8.74 44.0359050226279
8.75 39.4994558517216
8.76 16.865769502303
8.77 56.9649840257632
8.78 64.5408363845758
8.79 67.9313050137538
8.8 50.5626375881843
8.81 47.6419796028666
8.82 48.8192058613796
8.83 47.1338876779916
8.84 59.9655096409971
8.85 54.7984670217621
8.86 64.6246532336807
8.87 61.8680739422062
8.88 52.4709481864823
8.89 47.6273818556924
8.9 42.8603713890205
8.91 49.7605617291001
8.92 53.5303971059013
8.93 42.0205292934395
8.94 36.2716452860397
8.95 40.0897124584515
8.96 61.3585801081769
8.97 52.0677503676287
8.98 52.6141633221522
8.99 62.1319264379537
9 34.2479530182687
9.01 52.7110056084087
9.02 58.0212113699066
9.03 47.5178750876884
9.04 48.1715739384945
9.05 46.0835962084642
9.06 59.5873434058517
9.07 67.7986197495179
9.08 42.8294612109398
9.09 54.7350611516359
9.1 66.7685306833702
9.11 60.2545071254009
9.12 40.3102086908489
9.13 44.2497429040416
9.14 50.7911056202303
9.15 44.8515674905898
9.16 45.0755189694814
9.17 46.3338701136007
9.18 36.4825510204227
9.19 39.2246687779593
9.2 67.6441185059603
9.21 42.2959844760109
9.22 53.3392271719729
9.23 50.8190689998196
9.24 44.1247640302001
9.25 48.434251598174
9.26 63.5913811323492
9.27 57.1304015643457
9.28 42.7304324813322
9.29 48.6770194617848
9.3 52.8718657709653
9.31 34.8834221214255
9.32 64.9403222572081
9.33 55.4321506418838
9.34 40.8802279421219
9.35 38.2899164947746
9.36 69.1502557765345
9.37 51.6798695534001
9.38 48.9417744560805
9.39 60.0706971272192
9.4 47.5966647370513
9.41 61.0404795833996
9.42 32.8704523923685
9.43 56.0331462782641
9.44 45.3719354267375
9.45 52.9029171789872
9.46 54.4018943535519
9.47 54.4912414174142
9.48 56.5703371269238
9.49 48.6894794635053
9.5 42.1326651633679
9.51 60.8459710815581
9.52 54.8469330474089
9.53 59.0067220450787
9.54 42.6769203502069
9.55 59.30802452477
9.56 43.8262913321137
9.57 73.1753607986407
9.58 62.3548133367967
9.59 48.1580174565061
9.6 70.9084352915752
9.61 56.7024273197209
9.62 45.8714891936422
9.63 56.8628767082338
9.64 58.732498700017
9.65 62.2565710359466
9.66 45.7895314932122
9.67 49.7863365264485
9.68 67.1170978563772
9.69 58.1965277692673
9.7 42.6429634255795
9.71 43.9377534708911
9.72 30.3110476035571
9.73 51.0863215395061
9.74 56.6807341978085
9.75 49.3369989410832
9.76 63.9949686438611
9.77 37.9500321457922
9.78 54.7379122213713
9.79 63.6355587271278
9.8 56.3561073277921
9.81 53.3255706870543
9.82 50.8696487526753
9.83 61.1707583350646
9.84 60.874288333502
9.85 56.9852704131027
9.86 47.6632841601958
9.87 58.2430996295508
9.88 45.7589995173771
9.89 37.1211040743966
9.9 77.2519754050202
9.91 60.4162119952663
9.92 75.3947500247882
9.93 31.3390962336721
9.94 48.4867616667772
9.95 61.782041551642
9.96 41.5379653354301
9.97 52.6539336037092
9.98 59.214380509632
9.99 49.0474119769776
10 49.9182585490782
