0.01 -0.816054689631025
0.02 0.0263409575275899
0.03 14.6331951053855
0.04 9.56187464405756
0.05 13.9836599504203
0.06 2.92930530642359
0.07 13.1571616483498
0.08 8.36064316501932
0.09 10.1046981790941
0.1 -10.9338674530055
0.11 11.5783181923433
0.12 22.0540067869447
0.13 0.906440098569378
0.14 31.6921954380315
0.15 28.7335138732217
0.16 9.36710133911352
0.17 5.09231037291715
0.18 -4.12782138480165
0.19 -8.32623751326767
0.2 4.25175232782853
0.21 10.797528811682
0.22 12.314494606916
0.23 -2.18700960541887
0.24 1.90842233823194
0.25 -7.52938527639316
0.26 10.2691390300256
0.27 8.57902701669128
0.28 -6.66241162982157
0.29 23.7270390421211
0.3 0.911530216818015
0.31 9.28906339087675
0.32 1.17034954409868
0.33 4.08868291855626
0.34 -5.89578879848094
0.35 3.28616840809029
0.36 7.75392700475604
0.37 -1.14966377638664
0.38 9.31394885361015
0.39 20.4229018538497
0.4 -7.28009273613531
0.41 10.76491523441
0.42 27.5943647461708
0.43 -9.21768055600165
0.44 -0.992798016315804
0.45 24.4424499728778
0.46 15.0206853751046
0.47 11.982458597795
0.48 12.7571190644554
0.49 13.6974997878685
0.5 21.6425964489804
0.51 19.6165936783283
0.52 18.1458826670118
0.53 2.57264075964943
0.54 -1.60078378934677
0.55 11.4836258701252
0.56 14.9161393871778
0.57 0.467448523543531
0.58 13.3201246807767
0.59 8.56926732722704
0.6 -5.50669376334213
0.61 13.9433267458477
0.62 2.70475684649028
0.63 41.9184692402174
0.64 14.1272160094118
0.65 7.73041843782789
0.66 -0.973921402707687
0.67 9.80850724118937
0.68 20.9408508727729
0.69 13.4833134400005
0.7 4.15930209060611
0.71 23.6518927185052
0.72 -8.29286716574032
0.73 28.874043769144
0.74 8.16623243981424
0.75 16.7800867212881
0.76 1.02276357253553
0.77 8.34774327766282
0.78 -9.83421030268865
0.79 -7.86982844682111
0.8 8.09560048102659
0.81 8.37593631163204
0.82 13.0210140934768
0.83 9.22061900993623
0.84 -3.49868653769381
0.85 -5.26967878770394
0.86 4.50198752958348
0.87 0.560484555172575
0.88 3.19400023296483
0.89 7.08034891246691
0.9 7.36371682693162
0.91 -8.09840864448817
0.92 4.10534575423743
0.93 17.7897322275936
0.94 16.515100334114
0.95 24.4016046354265
0.96 3.74702455599218
0.97 26.5525023592879
0.98 -8.63132837905844
0.99 1.36674447824985
1 3.92635654837202
1.01 14.2604342502775
1.02 13.9625476661553
1.03 11.5107794752934
1.04 -0.507339314317138
1.05 22.8476131639966
1.06 4.99073394554993
1.07 29.6721582418226
1.08 -0.415279500526854
1.09 -8.48581518214095
1.1 8.1592125355934
1.11 9.88786725935493
1.12 -0.180893219968569
1.13 4.83617274334082
1.14 -2.63111248577846
1.15 4.08219955410742
1.16 17.9277077529746
1.17 9.29809699554441
1.18 10.3959439840105
1.19 21.578804714437
1.2 16.1381313778046
1.21 16.480389742039
1.22 14.4552080718923
1.23 6.42227127016252
1.24 20.1914794293789
1.25 14.272052290025
1.26 15.5274006194749
1.27 19.7652131241374
1.28 9.75004215449115
1.29 10.8092113273244
1.3 22.3018014276754
1.31 6.6231293982651
1.32 18.2005146676462
1.33 12.6653965404943
1.34 7.68155603261846
1.35 14.2757226729713
1.36 8.76934192176552
1.37 11.5544892212599
1.38 13.1014036029152
1.39 10.9573852879915
1.4 9.75305905946189
1.41 0.96539144449646
1.42 -3.98141673816393
1.43 1.59348307662845
1.44 -9.52075264428652
1.45 28.2991050092558
1.46 17.8534623333453
1.47 18.050786858219
1.48 11.0743078126873
1.49 24.9241584916685
1.5 3.36731659760041
1.51 7.52623457534746
1.52 21.1123881075726
1.53 4.15124656732767
1.54 -14.246021318417
1.55 13.2377486409217
1.56 18.5877480611992
1.57 16.3174501066779
1.58 7.80213530591489
1.59 -11.4161397033907
1.6 14.6071344369324
1.61 27.1832372350988
1.62 6.84599868995528
1.63 8.87014656350761
1.64 -0.566815475433632
1.65 15.1821083823877
1.66 24.6488303779516
1.67 24.3252705034756
1.68 16.4087278433139
1.69 13.2165027660444
1.7 8.01344810791135
1.71 4.7316483067613
1.72 29.6834077601071
1.73 13.0206539714976
1.74 11.2072809053449
1.75 8.09848941850351
1.76 18.1011451848002
1.77 18.3492755988908
1.78 4.54176104587945
1.79 25.7387607518982
1.8 4.13665842317867
1.81 -5.74911719970643
1.82 26.4525657126591
1.83 9.2228121420026
1.84 6.08890380421812
1.85 6.01710519234982
1.86 17.1536348492372
1.87 16.9608324143558
1.88 -6.24873243461588
1.89 19.089311237597
1.9 21.663141237722
1.91 6.65330113384522
1.92 1.9491091065907
1.93 20.8487546192592
1.94 4.70925016449237
1.95 15.4347248564326
1.96 16.1537135014396
1.97 -6.2960643178479
1.98 6.2413839308145
1.99 26.5688623457309
2 19.0371300360431
2.01 -1.90952458672484
2.02 3.84835163426671
2.03 29.2523646780066
2.04 2.96032381459754
2.05 6.3235289857495
2.06 12.6649550665391
2.07 7.98207402755245
2.08 10.3653867474946
2.09 14.8230345747067
2.1 8.74216868017504
2.11 25.9440138230725
2.12 0.939182743325734
2.13 10.2262174069867
2.14 20.3947283121096
2.15 28.4228728728857
2.16 -11.1797496945195
2.17 6.06301486046399
2.18 -2.19562113626225
2.19 -2.64847009640356
2.2 24.9483181691148
2.21 9.9386798095403
2.22 25.1372934647783
2.23 8.0554209739942
2.24 -13.4673657379288
2.25 6.29308378713771
2.26 10.1651841704522
2.27 13.1417269945668
2.28 6.31523185474728
2.29 13.7762476717439
2.3 20.951415757242
2.31 0.202664007494239
2.32 16.1202272662738
2.33 12.1659675059863
2.34 12.7385310467318
2.35 19.1681860398007
2.36 16.7216446501272
2.37 40.5312374076829
2.38 16.6657481114065
2.39 11.2330872271217
2.4 14.4377188676365
2.41 19.6642449134694
2.42 4.25241120059122
2.43 19.3903499105167
2.44 20.116667659612
2.45 13.9383674116328
2.46 -10.4448863545973
2.47 19.9189005539129
2.48 8.6385672547752
2.49 20.0394737602307
2.5 25.2308665016437
2.51 22.7505798896754
2.52 35.7744157901045
2.53 23.2114417296572
2.54 21.2914091314276
2.55 40.1298311562704
2.56 20.6334664788552
2.57 15.1200916660128
2.58 4.88521049528386
2.59 24.1922744012158
2.6 10.9040734405902
2.61 3.06837412749772
2.62 14.3163414214283
2.63 14.9434457068941
2.64 2.68556350137979
2.65 24.8946518255938
2.66 13.6781313038078
2.67 18.8026548868537
2.68 12.9244635346972
2.69 8.88304437145185
2.7 21.5675043425608
2.71 10.1881413173346
2.72 15.8533222378558
2.73 18.2503809171895
2.74 18.0812215768036
2.75 3.33677887651583
2.76 22.2365753184604
2.77 6.27233476504214
2.78 20.2417668133902
2.79 13.2641360713261
2.8 26.7966891086142
2.81 28.4851087304623
2.82 32.2362062105388
2.83 16.3679864105174
2.84 7.7047322052534
2.85 20.9617439184662
2.86 22.6472905235939
2.87 9.53144682630165
2.88 21.5458564616137
2.89 37.8482935827279
2.9 8.88529724504903
2.91 10.5687080790296
2.92 28.0361688531765
2.93 19.7482891354581
2.94 19.6028528167632
2.95 0.56865666438383
2.96 5.56949168739486
2.97 1.57311150118195
2.98 16.6272400423619
2.99 29.2195646011448
3 17.0966829284259
3.01 34.2024330708301
3.02 29.2037759533986
3.03 28.6125356326289
3.04 16.2377633149501
3.05 12.7817781121359
3.06 13.2171320524252
3.07 27.3849324315715
3.08 14.8302266061797
3.09 26.9638235226258
3.1 12.9080312864956
3.11 23.835257498793
3.12 12.9640363129754
3.13 14.5894483529882
3.14 28.2855085750303
3.15 27.7938888447037
3.16 28.8345080187507
3.17 24.6102085031497
3.18 23.3080860028494
3.19 18.6729390982754
3.2 35.5902110610295
3.21 5.54580817896369
3.22 21.0115633427986
3.23 12.2453254052432
3.24 17.2286770580792
3.25 22.9828790677208
3.26 26.8619087450189
3.27 14.1369021766933
3.28 59.7170816822573
3.29 15.4998081293453
3.3 23.0465622610105
3.31 26.0590397811691
3.32 33.052879609472
3.33 10.2106894436092
3.34 16.8181611872741
3.35 18.9089351783745
3.36 21.7014706743378
3.37 25.2003173561169
3.38 2.81347908445767
3.39 24.906771948473
3.4 31.822095167537
3.41 1.27295588471013
3.42 12.1411077273568
3.43 39.4308174612285
3.44 12.4406042711383
3.45 20.0517229748498
3.46 41.3953090822234
3.47 26.3528227027685
3.48 16.7565158384845
3.49 15.2862209704779
3.5 34.5455369891249
3.51 14.0577704384596
3.52 29.8736410694455
3.53 13.4951491181654
3.54 26.9371016162739
3.55 22.8873038031207
3.56 47.104979934505
3.57 22.8405106402868
3.58 27.531665839597
3.59 36.7885826254524
3.6 31.7419241036935
3.61 24.2487292083094
3.62 29.6956150027007
3.63 34.2224903443543
3.64 17.1713173970487
3.65 31.0648306381053
3.66 34.1263750435605
3.67 19.9756197887681
3.68 37.2063429907298
3.69 18.7900878746867
3.7 32.2672194234306
3.71 36.1933697002377
3.72 37.96417285816
3.73 13.1922215714615
3.74 23.3628391811571
3.75 21.5499947040362
3.76 6.71221936256563
3.77 16.984600210899
3.78 34.2559801697051
3.79 10.3523974234988
3.8 30.7796946625469
3.81 11.3120302733731
3.82 20.631506717621
3.83 16.9450054748156
3.84 34.6750455980347
3.85 40.7430972596161
3.86 38.8236593564771
3.87 26.9201644499433
3.88 19.7906388924742
3.89 13.866628502438
3.9 24.9338825362298
3.91 22.4417112626193
3.92 18.4837083174858
3.93 27.0009070761448
3.94 31.7844238320196
3.95 24.6568909887226
3.96 36.4017313683443
3.97 32.4801595275488
3.98 22.8798807677361
3.99 34.2732939805584
4 23.4250474993715
4.01 27.4998446608308
4.02 18.9644797822339
4.03 26.4787000899776
4.04 6.99245501401343
4.05 21.7497067893787
4.06 17.6857507721227
4.07 31.976081517197
4.08 19.0765311659914
4.09 26.821665100768
4.1 12.2954053787049
4.11 6.16416599950718
4.12 14.3585009019657
4.13 41.3939171708663
4.14 25.6678921934903
4.15 31.2130622612635
4.16 36.8148057392264
4.17 32.244562933589
4.18 19.9218093655947
4.19 17.9161877759511
4.2 25.1411960714955
4.21 20.9776785793947
4.22 16.4644802346588
4.23 23.9344197540737
4.24 41.6216007922233
4.25 32.3214747474642
4.26 50.9550372282192
4.27 2.94331957933118
4.28 13.264441904279
4.29 34.3291516385467
4.3 9.20967103954585
4.31 17.7480500985232
4.32 18.1079988622608
4.33 31.3152294193931
4.34 33.9698563420064
4.35 28.1533270972478
4.36 42.4018272669638
4.37 26.2443468455379
4.38 32.5740958864733
4.39 38.2897601990865
4.4 21.6323677444746
4.41 41.1524120451899
4.42 31.0940903288928
4.43 5.6597437587576
4.44 36.4908377334529
4.45 5.91158238395904
4.46 37.1827728745564
4.47 19.6776776519869
4.48 35.3018847822307
4.49 19.3660678937269
4.5 45.2550417949402
4.51 41.6006857814426
4.52 20.2763291765759
4.53 42.7305747735686
4.54 27.0924865290486
4.55 23.306722047992
4.56 35.6903107103362
4.57 46.7003723070283
4.58 34.4658071090925
4.59 28.1009347381412
4.6 34.2456330829639
4.61 32.842878477123
4.62 27.7236402249061
4.63 38.8063511343637
4.64 36.4347612306096
4.65 31.8044847154199
4.66 31.3459793629146
4.67 38.2323886902462
4.68 24.038686615497
4.69 34.293907168574
4.7 24.6050591717708
4.71 32.3345106250384
4.72 41.2011462361062
4.73 25.7441421283302
4.74 13.3951302185524
4.75 13.658036945352
4.76 36.3505073970765
4.77 44.6695042467433
4.78 30.6444887101642
4.79 29.8853971408644
4.8 21.9258896414096
4.81 26.9910591464953
4.82 31.3478616507969
4.83 38.8802216506973
4.84 33.2324950696008
4.85 29.4052148532949
4.86 21.496488524518
4.87 33.8282085264865
4.88 42.2256146671776
4.89 35.7506755281745
4.9 40.9598412395204
4.91 36.3832159871525
4.92 28.7964532195052
4.93 11.175449511277
4.94 22.6857275953987
4.95 19.8069961084593
4.96 18.0499246291818
4.97 25.385528744282
4.98 31.241556359964
4.99 29.2366139630352
5 40.0907436811224
5.01 35.0954380642627
5.02 45.2229322239628
5.03 33.7520201267454
5.04 17.5000908281636
5.05 40.4137304282744
5.06 24.5556184988354
5.07 33.6813843748892
5.08 34.337689384749
5.09 32.4737889070315
5.1 40.7079860404741
5.11 36.7721599591243
5.12 46.3123223925633
5.13 19.7737995644096
5.14 38.3009894565962
5.15 42.6393525204192
5.16 29.6487607693427
5.17 42.7877638802005
5.18 27.1101660915765
5.19 21.6973612728102
5.2 31.7241727690451
5.21 46.7253467817154
5.22 26.471539479746
5.23 23.2001954346825
5.24 31.1865046360025
5.25 48.915506449416
5.26 17.1112608141905
5.27 25.8467178993096
5.28 26.7315323219009
5.29 38.2260366073973
5.3 27.8260772552753
5.31 7.90801221806532
5.32 29.9857702020862
5.33 33.7575567648509
5.34 32.8364501473501
5.35 21.9343281312424
5.36 47.5289161716054
5.37 37.5423738006211
5.38 27.3632358480934
5.39 25.8985679410899
5.4 41.8894908271566
5.41 31.3755271699794
5.42 36.673420787367
5.43 38.9204879136785
5.44 53.3461196548487
5.45 27.8943539860778
5.46 30.7488670223094
5.47 21.2048048942016
5.48 29.3872710120281
5.49 15.3704582862997
5.5 46.5062795429854
5.51 27.8216956034316
5.52 40.6636684271516
5.53 53.2314739123712
5.54 10.2391574761611
5.55 27.9090768644521
5.56 35.2817580723339
5.57 44.1249927645103
5.58 33.5535569753374
5.59 36.3784806496693
5.6 43.8625383837607
5.61 31.6497263253172
5.62 19.558295783387
5.63 30.883103855194
5.64 56.7554763098565
5.65 16.0077846117309
5.66 34.3228050149712
5.67 37.3610124925575
5.68 31.5813348530344
5.69 28.3022284039643
5.7 32.0604286708781
5.71 44.9207675238586
5.72 23.2955084933004
5.73 33.7688033183697
5.74 24.2345387746062
5.75 38.3625667807262
5.76 39.3879828537589
5.77 30.6607178433705
5.78 16.1703121478892
5.79 30.8379374588235
5.8 18.9267491816248
5.81 46.5325962209674
5.82 46.3544724472012
5.83 23.4837495355
5.84 55.2289289572273
5.85 34.2745879766542
5.86 64.185864354918
5.87 9.59447041056507
5.88 34.3187171136372
5.89 25.7324044236716
5.9 43.4347723579143
5.91 40.1076251706347
5.92 24.5161808490646
5.93 25.2828433252174
5.94 39.5569992240572
5.95 36.2151253088293
5.96 47.4943659560223
5.97 44.1698603438077
5.98 28.0347492718657
5.99 30.2160106001149
6 31.9975794360945
6.01 39.7042310034103
6.02 37.3974237609426
6.03 47.0694465550488
6.04 45.6785063288825
6.05 27.187408939758
6.06 40.8435604667892
6.07 44.2530463757429
6.08 48.6121480461595
6.09 32.4690909254692
6.1 30.3784302993384
6.11 44.6625397943114
6.12 28.2183782412983
6.13 37.6982106624158
6.14 32.0762579100339
6.15 18.5358225433224
6.16 35.3881552843882
6.17 46.3990360299253
6.18 28.5691389862154
6.19 37.2844476134154
6.2 42.3461131866811
6.21 22.300906484923
6.22 28.9898907268264
6.23 24.964409949501
6.24 35.9723674575403
6.25 46.2659657105645
6.26 49.360101933493
6.27 47.4869707308816
6.28 51.5107474819761
6.29 30.5396287795631
6.3 29.4753564247474
6.31 45.2971726893601
6.32 45.8079001014962
6.33 34.1780299381944
6.34 40.009397015917
6.35 22.0010534665509
6.36 23.8246606987405
6.37 52.1787977426437
6.38 48.3246267162121
6.39 61.5629621644414
6.4 37.700273092546
6.41 24.4225314820239
6.42 47.0073477886941
6.43 33.1235593143837
6.44 7.32297010647036
6.45 36.7519937943344
6.46 34.3760638535481
6.47 12.4262194626299
6.48 36.6488174648778
6.49 36.2246504972039
6.5 33.0730098538098
6.51 42.5262213249337
6.52 16.1832944302978
6.53 22.0247015065139
6.54 38.0235062266384
6.55 45.9988122996058
6.56 34.1978761710351
6.57 24.1243014677161
6.58 40.3281272213706
6.59 56.086889741257
6.6 38.6214518188979
6.61 65.1098150393339
6.62 23.5281953322312
6.63 51.4204576747544
6.64 22.7702874117062
6.65 43.9861522601278
6.66 30.3752552905419
6.67 17.6326854729922
6.68 50.4511649384743
6.69 42.4417046000815
6.7 16.2652913528515
6.71 35.4822925977914
6.72 42.6426421721026
6.73 40.9737851128752
6.74 48.0164702813957
6.75 36.3689372711635
6.76 43.9971235448014
6.77 51.6204477413716
6.78 31.7277473004045
6.79 38.516873012377
6.8 58.0018324024477
6.81 56.9140972235714
6.82 20.933617570493
6.83 31.1189861291502
6.84 46.7182046478869
6.85 36.0725228099957
6.86 48.7957786655275
6.87 53.2535661017933
6.88 40.4357888186513
6.89 40.188304899828
6.9 27.1928266177038
6.91 23.1220368176811
6.92 24.447335994762
6.93 41.8011491205516
6.94 44.2596612184775
6.95 49.6985515050215
6.96 36.9894201719247
6.97 40.3939751844953
6.98 40.8791409248492
6.99 49.4593482705246
7 45.0465685370144
7.01 47.6303508925754
7.02 35.9050755224438
7.03 47.6270584092369
7.04 41.6738728792362
7.05 35.0329031757707
7.06 49.2803258693892
7.07 41.1762009299742
7.08 53.77369466726
7.09 48.4228157247437
7.1 39.3393205478738
7.11 38.5254925221184
7.12 40.6538519292197
7.13 38.527818127155
7.14 20.5396907823075
7.15 34.4101950529246
7.16 61.0260446628054
7.17 55.5764272220765
7.18 50.6612021950492
7.19 51.8755471912735
7.2 38.1350322760725
7.21 36.8417717037486
7.22 52.3389787105086
7.23 33.8566126279801
7.24 54.1249593256082
7.25 33.2873259377606
7.26 35.5162964686677
7.27 43.2534821102947
7.28 37.8326057748184
7.29 16.0744337185215
7.3 40.5144052686653
7.31 49.4047831426917
7.32 41.459218702886
7.33 52.6563076081951
7.34 23.1244816380712
7.35 46.4599459235153
7.36 67.6062553588305
7.37 53.8593464686604
7.38 41.2787428684553
7.39 64.102373161155
7.4 33.2147988816969
7.41 15.2687325448968
7.42 39.1305362230742
7.43 34.8811432438728
7.44 43.609168322983
7.45 26.0937046247048
7.46 30.781337367878
7.47 48.9106439568267
7.48 37.1222684751192
7.49 35.7920223525631
7.5 59.6163289172603
7.51 30.9698875644009
7.52 41.271303939589
7.53 27.5103128326701
7.54 53.5560011259833
7.55 29.2653069708811
7.56 45.7720006324669
7.57 34.8756586398875
7.58 36.2783321954355
7.59 33.75618310027
7.6 24.2697267826157
7.61 44.251720177287
7.62 65.6822767303396
7.63 47.508419406553
7.64 48.7229110138059
7.65 30.2272746243868
7.66 38.7713012984682
7.67 21.947343091876
7.68 49.6643512821558
7.69 58.7341825484419
7.7 39.6381155542737
7.71 42.1749712273557
7.72 54.2661962691004
7.73 49.411034501287
7.74 50.5142300032013
7.75 38.8026839410501
7.76 35.4872365076191
7.77 34.2714284512773
7.78 48.0863435703347
7.79 45.3524854626842
7.8 29.4056111172413
7.81 61.943528038027
7.82 51.5213343694532
7.83 37.298176659525
7.84 57.2620548242107
7.85 49.1971540178069
7.86 63.4743569555596
7.87 42.4671981088658
7.88 40.3593018508473
7.89 44.3617860081997
7.9 39.0204738442249
7.91 51.783399137752
7.92 37.254279724285
7.93 27.5361180538251
7.94 40.235968250939
7.95 31.9910262034843
7.96 52.8277889281347
7.97 54.8872665818235
7.98 50.0166711638692
7.99 43.9929925300885
8 50.4431463711709
8.01 46.2587137923083
8.02 42.7388173492011
8.03 73.2893345815782
8.04 47.1360805124936
8.05 34.2259361391079
8.06 52.1884044523986
8.07 40.6596908312741
8.08 39.2736813748208
8.09 37.4058119541786
8.1 38.7465962339014
8.11 33.857361930267
8.12 35.8543899755932
8.13 50.1928206614107
8.14 45.1145632968658
8.15 58.3260395078206
8.16 41.4349265836544
8.17 49.3840032520712
8.18 53.290945825191
8.19 49.9819594582239
8.2 42.6106247672864
8.21 29.5675472144081
8.22 55.6563498129935
8.23 55.5486335277687
8.24 47.1743115340122
8.25 60.7122015362201
8.26 49.2841551402456
8.27 36.6305999150648
8.28 50.1791378776504
8.29 52.5803089937238
8.3 65.5408995608468
8.31 36.7724896838305
8.32 38.8298967743049
8.33 54.6667397112603
8.34 46.5615332102969
8.35 27.5528926350393
8.36 49.7375810592349
8.37 27.0953189252835
8.38 44.9369222544186
8.39 39.0544367555472
8.4 62.3883941569701
8.41 64.9735731591481
8.42 32.9443768892371
8.43 47.4079364125035
8.44 34.4538904495909
8.45 70.0378595144523
8.46 52.3073433610204
8.47 48.7646223103812
8.48 55.5984438236585
8.49 42.5119987890068
8.5 45.5593771801621
8.51 46.962948857023
8.52 65.4133518641489
8.53 52.8189059630539
8.54 48.8087755821387
8.55 54.7698988209439
8.56 55.1408035452281
8.57 50.2935543980982
8.58 64.1263699442976
8.59 46.4578497474148
8.6 54.858612217274
8.61 37.8825702733883
8.62 56.7345666524816
8.63 48.0650001206413
8.64 47.9111694379422
8.65 58.3235938958415
8.66 37.6478352702541
8.67 35.0394880421374
8.68 22.9985506061561
8.69 52.249370259239
8.7 57.2727378495004
8.71 50.913462375774
8.72 54.3801838596429
8.73 50.2058258541081
8.74 54.1121922351516
8.75 58.4287091223315
8.76 44.8819301338132
8.77 59.1753977971843
8.78 36.1760341077962
8.79 45.7419089806909
8.8 48.9209570585569
8.81 47.0644603317778
8.82 49.562848955973
8.83 45.2200476965556
8.84 74.599526061422
8.85 57.7333022222719
8.86 68.9603104532576
8.87 67.2538590207283
8.88 50.5135866505094
8.89 48.8715506603298
8.9 42.165195320435
8.91 53.3482295517064
8.92 34.2378693509945
8.93 48.6062062027797
8.94 36.4743250844817
8.95 57.1692077585273
8.96 27.3315083834305
8.97 58.9831125506352
8.98 37.0705941674193
8.99 44.8033174142162
9 56.5427242255808
9.01 48.4504091135904
9.02 35.430685438409
9.03 56.5083781806861
9.04 36.9181235046696
9.05 58.8134830019809
9.06 55.4249538299788
9.07 54.3144023807925
9.08 55.5312481297035
9.09 47.0570841784801
9.1 66.3251388476538
9.11 62.1818971187263
9.12 66.8805069053213
9.13 64.9723724554395
9.14 46.144659812109
9.15 49.23508922928
9.16 36.9182539691727
9.17 57.0286474184309
9.18 38.0549810940016
9.19 45.1229693604933
9.2 45.8720719438375
9.21 42.1079347299098
9.22 63.5141941335851
9.23 66.061401817063
9.24 34.8864105038147
9.25 44.100479668905
9.26 62.125506787841
9.27 49.5426943569587
9.28 38.3260077915671
9.29 57.0305112754377
9.3 48.0565349607453
9.31 62.8304305471931
9.32 69.7256287023439
9.33 63.0803279955876
9.34 52.0168640235402
9.35 51.518830863185
9.36 46.4284618681421
9.37 63.3331480832405
9.38 71.1628415341921
9.39 47.6515259216383
9.4 32.6878755264153
9.41 60.5302716575409
9.42 66.6039875830556
9.43 59.7081508671322
9.44 43.3746632086299
9.45 63.2684548284079
9.46 49.378079537986
9.47 44.2546278567653
9.48 56.8422270564645
9.49 59.3559332777539
9.5 41.1398592514321
9.51 57.7468973066923
9.52 56.1023640561558
9.53 58.2015245760638
9.54 52.1948038135159
9.55 47.8736386495181
9.56 48.8668667414256
9.57 63.7144947308304
9.58 65.4639055782631
9.59 56.1221435425358
9.6 67.8477775914448
9.61 44.465625515257
9.62 42.7341430449307
9.63 37.6638909847717
9.64 43.571781186422
9.65 67.2080131763675
9.66 69.6018385175004
9.67 73.4339515834418
9.68 52.2508821447775
9.69 61.9026155644817
9.7 50.8671338283681
9.71 41.552663351223
9.72 70.6415320317861
9.73 49.1912944580168
9.74 42.839029542164
9.75 40.0997258448415
9.76 68.5823792662478
9.77 57.5877645878982
9.78 34.2620259247683
9.79 44.9439813899076
9.8 38.1050112866803
9.81 46.9506263129626
9.82 76.0037868605927
9.83 45.4635536697534
9.84 43.9651840881444
9.85 44.0046881377603
9.86 48.3868887901212
9.87 58.11887225156
9.88 50.6225359611723
9.89 37.2441056779844
9.9 36.3376469394556
9.91 63.7029419037173
9.92 52.3794404091293
9.93 38.9911692568193
9.94 72.6385833439396
9.95 52.2487873594203
9.96 37.0084880567441
9.97 58.5139706604976
9.98 50.969052462175
9.99 46.322225706803
10 57.8784195940355
