0.01 2.05567080348525
0.02 25.3550766007536
0.03 2.18808393945895
0.04 -12.5297735398241
0.05 13.6879673208232
0.06 -0.639201053783628
0.07 -0.953536571471597
0.08 11.8707507639413
0.09 8.0179235848608
0.1 -15.9882019103727
0.11 2.03926300368583
0.12 2.69267190752371
0.13 -11.0793235481551
0.14 -1.05703963302256
0.15 14.8456735268139
0.16 -12.8712685891335
0.17 5.24814001467383
0.18 20.2607358584058
0.19 17.4643688379043
0.2 -2.59714523237464
0.21 10.5143767328024
0.22 -7.59246919914574
0.23 4.33155442933357
0.24 6.80010929643648
0.25 -14.454572071114
0.26 10.2401306179615
0.27 2.62872003052644
0.28 15.1754099560959
0.29 -10.824860220465
0.3 7.01516096553114
0.31 8.03207810196361
0.32 -19.7244100481604
0.33 5.57209145140449
0.34 1.56761180331551
0.35 6.1608198786173
0.36 -3.50840487657137
0.37 5.37111116488967
0.38 3.93606125622799
0.39 -8.60835123090474
0.4 13.7845144309353
0.41 -2.56471993815213
0.42 13.4828060124388
0.43 -7.59102513210015
0.44 7.63971794690944
0.45 12.7299499148863
0.46 17.2834317654079
0.47 -2.32619752689215
0.48 -11.8598506102673
0.49 23.4556146863285
0.5 5.95744166174767
0.51 -12.6617028998116
0.52 17.6063404454975
0.53 -4.35654210396545
0.54 4.85891183610622
0.55 -3.3903696773925
0.56 7.56473359101677
0.57 -1.26377463579455
0.58 6.32419764701324
0.59 11.6820614846588
0.6 19.2018094938278
0.61 16.9699388022196
0.62 0.291145892389029
0.63 10.2849832407591
0.64 2.09352864072797
0.65 0.564359247150609
0.66 -2.31163240072884
0.67 2.91413056350841
0.68 14.8192312154573
0.69 8.82116675778242
0.7 10.3382075672685
0.71 14.664975524838
0.72 11.1299111007393
0.73 4.16782915271653
0.74 12.0838629789529
0.75 -9.75654778212412
0.76 3.69030117734467
0.77 9.05033574703521
0.78 27.5225360719065
0.79 7.24712134564053
0.8 18.2710410488652
0.81 2.20973113143823
0.82 26.2057333263269
0.83 17.4142719569568
0.84 12.9472911598341
0.85 18.9749301399057
0.86 -0.182359057350627
0.87 -1.14199366151985
0.88 13.0894635499917
0.89 23.3980274087044
0.9 17.4644261194038
0.91 -9.33533632306572
0.92 9.9867849540586
0.93 -8.24474204977312
0.94 1.21024134952115
0.95 13.2533418166229
0.96 20.471862326648
0.97 -3.67282928624081
0.98 1.06532399149035
0.99 1.28151262147612
1 9.73155619094375
1.01 -10.4875934978518
1.02 3.84585529645277
1.03 10.2195171668503
1.04 6.84914874656536
1.05 -8.14721065116237
1.06 8.89371378135934
1.07 9.68277908717151
1.08 10.6391324507871
1.09 -0.847454613165448
1.1 5.8513799262758
1.11 15.4137911305031
1.12 24.3544280763108
1.13 31.9218778594763
1.14 -10.0709886456128
1.15 1.60591708573845
1.16 1.06745095323691
1.17 0.87649744811017
1.18 26.9833561209628
1.19 -2.80881083553201
1.2 21.6429876320006
1.21 14.1934993009192
1.22 7.45963695129482
1.23 9.22651179730646
1.24 -12.2217783134636
1.25 25.5158944965086
1.26 28.8615297116498
1.27 10.8970747983541
1.28 14.7799613410692
1.29 -18.0196589766773
1.3 -4.92743183981517
1.31 7.57664641310474
1.32 20.4437576813516
1.33 4.21086383521693
1.34 4.05108524632799
1.35 7.17483817286425
1.36 7.69997793556752
1.37 7.73309000152716
1.38 1.27722517899087
1.39 20.7489927261421
1.4 9.27000302056054
1.41 36.311681914742
1.42 23.5658945014702
1.43 -0.190821998651295
1.44 6.77375693982578
1.45 -0.161129036731628
1.46 -2.17773280279759
1.47 12.671384793033
1.48 6.86016020856556
1.49 16.6237215652035
1.5 24.2343266388524
1.51 1.13679690463937
1.52 22.007007172042
1.53 -10.2954714498228
1.54 22.9583791342611
1.55 12.1871909108737
1.56 27.6340302217137
1.57 1.0000444391094
1.58 19.619042468148
1.59 12.7671882651765
1.6 26.1168624355211
1.61 25.4976807905181
1.62 -4.18601248994665
1.63 15.968141755496
1.64 13.5236029392366
1.65 12.8975457905946
1.66 19.9798029083546
1.67 24.9790582984755
1.68 5.04416422909241
1.69 14.8420898075756
1.7 3.41887048203603
1.71 7.33965352302865
1.72 4.1211098808729
1.73 17.919803032293
1.74 33.4461314506048
1.75 23.0801169888067
1.76 6.9911272381846
1.77 8.42276421059494
1.78 -9.76505048687772
1.79 35.2776363168921
1.8 18.5269453250941
1.81 24.7919945414823
1.82 12.444488744981
1.83 16.0314086760174
1.84 16.9191638592115
1.85 5.6896983495736
1.86 2.41674738863083
1.87 15.4743002591816
1.88 -4.81379689098073
1.89 30.1003156234666
1.9 18.769651582289
1.91 10.9151869283383
1.92 28.3829441051293
1.93 10.9915112104254
1.94 9.64725107594812
1.95 9.716993209847
1.96 21.7381086883527
1.97 18.6876667468698
1.98 8.56334179063379
1.99 -2.69887822898284
2 15.8680965885451
2.01 20.5532648410339
2.02 19.2103084930669
2.03 14.8289682319809
2.04 16.702589208613
2.05 15.912448828525
2.06 14.6997652078736
2.07 9.35241372562642
2.08 12.8578575643888
2.09 14.7613558754641
2.1 16.8401438623301
2.11 5.12276317663723
2.12 25.7285524557882
2.13 2.79619434864146
2.14 29.4724727957925
2.15 24.0172482095642
2.16 20.5660827535348
2.17 9.81450505004086
2.18 28.3389596845398
2.19 9.10430773451245
2.2 13.516052891147
2.21 3.12794594297168
2.22 15.7812992861824
2.23 6.39276247747648
2.24 21.1682697024295
2.25 21.1407964816704
2.26 6.41289320636051
2.27 11.3199450596794
2.28 5.27957974642137
2.29 3.88522493891611
2.3 17.1863438200572
2.31 32.8931625749347
2.32 25.8333969045805
2.33 5.35441470758814
2.34 23.570686958018
2.35 17.8838570623596
2.36 4.00155146961385
2.37 11.1891971692172
2.38 14.8556837581499
2.39 39.473012312055
2.4 3.55421768785468
2.41 9.44436168000852
2.42 -0.915342464657375
2.43 11.6499439066536
2.44 9.83337682990215
2.45 32.3068079572388
2.46 19.4087594239771
2.47 22.1635196189346
2.48 6.22510035191013
2.49 30.5758585194821
2.5 3.81175987904361
2.51 23.5813402073296
2.52 3.31304128630319
2.53 24.6535511565671
2.54 17.9785704720461
2.55 25.7885468574106
2.56 19.8101808774609
2.57 7.81263319416049
2.58 13.4571964752534
2.59 27.366881569828
2.6 17.123390548908
2.61 12.969960835364
2.62 8.75418251067584
2.63 7.434375829364
2.64 16.4713175616332
2.65 11.0470843702054
2.66 13.4606252695322
2.67 11.0615115382008
2.68 26.8641765847177
2.69 21.2133465383693
2.7 13.068199575805
2.71 26.530944356249
2.72 30.220365251886
2.73 11.1946310298707
2.74 3.435610736215
2.75 17.976098765257
2.76 4.75712289841618
2.77 13.3495903476777
2.78 15.4816938671981
2.79 11.5960211483876
2.8 33.2475533965079
2.81 26.0244942505351
2.82 13.9582868761907
2.83 40.1443904856302
2.84 9.51075125137427
2.85 28.0130054000032
2.86 18.3146999329998
2.87 24.9240080932725
2.88 29.7185048643353
2.89 3.7746667282395
2.9 29.2587606211087
2.91 20.6528055223234
2.92 20.1598838400845
2.93 6.90424214685933
2.94 17.2537987073668
2.95 30.957880713486
2.96 11.3290648667217
2.97 5.87776182188695
2.98 6.55888740289634
2.99 24.4514615624277
3 10.3572371559249
3.01 14.5121638180757
3.02 10.768968586275
3.03 17.0898040431978
3.04 -8.95890839430282
3.05 -4.71050158120451
3.06 21.4963761916102
3.07 12.1389123242459
3.08 17.8774345850774
3.09 24.2718782893792
3.1 23.3627812810907
3.11 10.3793313945443
3.12 37.1618476646732
3.13 5.37174957414359
3.14 27.44053629966
3.15 2.8519311141435
3.16 18.1226667226971
3.17 0.730167767548544
3.18 15.7763516757001
3.19 23.1972565077393
3.2 11.080071177324
3.21 13.8695353442813
3.22 23.2157157544676
3.23 39.2123946391406
3.24 36.3415427368762
3.25 39.9792632215295
3.26 17.0960740966074
3.27 13.4764591995976
3.28 20.9597567388088
3.29 21.3811365413392
3.3 41.596767553703
3.31 38.2373634386214
3.32 30.0999213242709
3.33 2.98041030383585
3.34 29.0340810641767
3.35 13.7968107958665
3.36 35.799019674402
3.37 25.9510841379697
3.38 27.7478582845735
3.39 17.2901418023791
3.4 20.118023549522
3.41 33.8593963508279
3.42 22.719499542175
3.43 -5.23117292246491
3.44 28.3135874338445
3.45 34.4324183939834
3.46 32.5704585614528
3.47 21.853901735358
3.48 25.7649306454185
3.49 37.9707470113312
3.5 24.7323107404368
3.51 20.6264363555311
3.52 26.526643800537
3.53 19.9886379971648
3.54 27.113923618478
3.55 25.5741647285152
3.56 32.4169459942577
3.57 24.4909951650462
3.58 26.0245607655555
3.59 30.5803852046461
3.6 23.0357263399591
3.61 9.6344911502502
3.62 32.5392031165187
3.63 25.3964056904026
3.64 22.0619028723707
3.65 12.9922694591513
3.66 5.92900759558264
3.67 46.5056828681667
3.68 27.744420883496
3.69 17.4588505582809
3.7 43.292291917381
3.71 35.190946974103
3.72 14.0197162088943
3.73 24.8419935040736
3.74 31.8375060514016
3.75 49.48826665292
3.76 31.5801063141108
3.77 8.81665440153635
3.78 5.55821190593915
3.79 51.2742974703933
3.8 -0.174554108708161
3.81 23.0814943973069
3.82 32.4327640326713
3.83 21.1309985176701
3.84 -2.10009171470785
3.85 14.5527912395202
3.86 35.6960972757616
3.87 22.2278956999677
3.88 41.3424909312641
3.89 32.7535815268254
3.9 30.3849236855484
3.91 31.8610688075974
3.92 27.8789948049732
3.93 32.4083185850928
3.94 3.3199844388577
3.95 18.9103818170981
3.96 33.1443854423694
3.97 27.7881465292032
3.98 18.720052463713
3.99 31.7975842201808
4 34.6521246984905
4.01 5.59701074578294
4.02 19.1123674604924
4.03 24.1497775617995
4.04 23.1334686020718
4.05 16.9575361747975
4.06 39.7595109345424
4.07 17.7670737329583
4.08 19.7785718545593
4.09 29.530944474965
4.1 21.7862032254012
4.11 21.7726587083769
4.12 27.472572579488
4.13 25.2830256404213
4.14 1.88995948115257
4.15 34.3631578040292
4.16 30.3542445140944
4.17 30.9753262033074
4.18 18.9493720063868
4.19 13.6469845357167
4.2 30.2667642507852
4.21 20.4335899667692
4.22 23.3721063787834
4.23 39.3265909446603
4.24 44.9230234051227
4.25 26.0193408364579
4.26 35.4203567752099
4.27 33.3215772360919
4.28 25.8862719886554
4.29 27.7805860227241
4.3 9.23159386802888
4.31 15.7969709916999
4.32 48.6821173514464
4.33 27.0058322169412
4.34 25.9407121728331
4.35 14.7836326718894
4.36 16.099017260791
4.37 30.8290773166479
4.38 24.833039247677
4.39 36.3229919589722
4.4 27.779851523038
4.41 20.3242080502241
4.42 20.0295350563368
4.43 2.84583824038862
4.44 44.1372506200251
4.45 27.4370396030971
4.46 24.4520721360007
4.47 24.5153176882052
4.48 30.393760448404
4.49 20.6244228391207
4.5 35.4286364745843
4.51 31.3555637191683
4.52 10.3173846272471
4.53 36.7664297093526
4.54 35.1451221940752
4.55 4.93444954815973
4.56 38.6349390604098
4.57 29.6925665034178
4.58 26.015409806795
4.59 2.71796896827729
4.6 33.0295741093965
4.61 24.1277450901542
4.62 11.8304506387887
4.63 40.1860936074757
4.64 36.9340734374169
4.65 23.3285840492734
4.66 31.1307979455023
4.67 31.7907448713068
4.68 33.754408548634
4.69 28.9144072408025
4.7 25.4942376615317
4.71 27.8651363734369
4.72 30.4632700387706
4.73 37.4642804133421
4.74 31.1054359052561
4.75 34.8771475823714
4.76 27.6691106554722
4.77 0.814508562381658
4.78 20.3798696879904
4.79 25.1422789881358
4.8 38.3228359073796
4.81 22.1840247301746
4.82 22.1667724587328
4.83 34.3005239153702
4.84 27.6008977613675
4.85 26.3547627214771
4.86 37.8990762158208
4.87 35.0556382659704
4.88 30.6403140131376
4.89 14.2341744065656
4.9 31.30112769393
4.91 37.3540556435361
4.92 21.210331430309
4.93 41.7665886942773
4.94 26.4967139564446
4.95 21.958949040091
4.96 23.1899046416005
4.97 47.727040393283
4.98 28.3709568311078
4.99 34.5577578143804
5 36.8969499185905
5.01 45.4791061507514
5.02 34.4920774581019
5.03 42.3153310963389
5.04 15.5718619500858
5.05 54.1946910333184
5.06 13.6611141198242
5.07 30.5237541537399
5.08 50.3793549974668
5.09 17.4261330315787
5.1 26.1387573577483
5.11 40.2054907524284
5.12 24.7708507043525
5.13 24.989842264578
5.14 20.3636581337524
5.15 22.988992919983
5.16 19.1424763083452
5.17 20.5769989392076
5.18 34.580928221517
5.19 26.9149749930621
5.2 17.4180321606362
5.21 44.4687356254317
5.22 29.7600836673188
5.23 32.5235543990217
5.24 36.7265233202387
5.25 31.7373105057501
5.26 21.5024462862731
5.27 19.3686572838931
5.28 24.2946981240683
5.29 19.0949118149473
5.3 47.0285869526835
5.31 43.613682389641
5.32 37.4269828800966
5.33 30.8443626691336
5.34 32.0665487801703
5.35 26.0577977784677
5.36 24.4412862751847
5.37 22.0150856095687
5.38 3.60947109049351
5.39 31.1593333399244
5.4 17.6853544077796
5.41 28.8383809715731
5.42 44.529685727446
5.43 42.6839184834073
5.44 36.1718203897089
5.45 26.2007468727535
5.46 37.249232614239
5.47 14.2864722352577
5.48 53.0927440265216
5.49 35.5373879023892
5.5 34.5019142956735
5.51 45.0507741228631
5.52 43.9827730095101
5.53 50.0873176940643
5.54 35.605772679021
5.55 7.63202999991467
5.56 14.9844232872033
5.57 30.2131516086216
5.58 27.9146080498622
5.59 26.0266716312275
5.6 20.1079320617976
5.61 10.2555482537883
5.62 35.3375697347047
5.63 26.3426294756262
5.64 22.6970401995609
5.65 33.4063124720363
5.66 17.3446306566895
5.67 28.7197021340436
5.68 52.0825533362407
5.69 30.3004734059492
5.7 8.08759913913741
5.71 29.2663739621757
5.72 18.6993369890566
5.73 36.6391763041222
5.74 36.1952069738949
5.75 38.4932088863812
5.76 38.078453874384
5.77 37.2947450339267
5.78 44.7612126383303
5.79 26.4813666654995
5.8 28.1294171335863
5.81 37.1907934077012
5.82 44.3545805942317
5.83 30.4064731505129
5.84 36.5360223445138
5.85 50.2671398425953
5.86 24.6636209770764
5.87 56.9762214837873
5.88 29.4058455323198
5.89 41.7984928978653
5.9 30.2240266192416
5.91 37.3750515600747
5.92 28.9071793950334
5.93 22.7905169449561
5.94 33.0280958651539
5.95 46.860437942511
5.96 25.0970079875931
5.97 33.7723059071499
5.98 27.6166365846105
5.99 21.8296731944259
6 41.3885394084376
6.01 33.5704821616497
6.02 55.3556415968968
6.03 45.0914717851292
6.04 32.2256389842967
6.05 43.7843051479267
6.06 41.9848591140816
6.07 44.5862308437736
6.08 36.6659460654934
6.09 16.6929027663843
6.1 29.4813015630767
6.11 26.8846255812595
6.12 37.9301570532146
6.13 30.400846327114
6.14 31.3655641818731
6.15 35.7572855941023
6.16 33.0592834696104
6.17 40.0223492235691
6.18 29.9971154006435
6.19 52.9481540311342
6.2 39.2592427124633
6.21 25.2451579469815
6.22 25.2545606572473
6.23 33.1935824351743
6.24 23.8159547281658
6.25 26.8409582965646
6.26 16.7652604792697
6.27 48.1534289815203
6.28 47.6722382939583
6.29 35.0311850086773
6.3 30.6227963763967
6.31 24.0676049853036
6.32 31.043865104308
6.33 45.8297557618352
6.34 50.6292948758015
6.35 36.9154991793574
6.36 24.9524413134535
6.37 26.1319972051373
6.38 49.2148423544971
6.39 16.341234560877
6.4 37.4228260139922
6.41 30.0325986200031
6.42 32.7052087572042
6.43 38.2368021463515
6.44 52.5414798595763
6.45 46.6026849764495
6.46 43.4141062538374
6.47 31.6073361232919
6.48 28.1623078577704
6.49 29.4552683021103
6.5 44.142798416947
6.51 50.8179378320275
6.52 40.9293010153785
6.53 40.123619843225
6.54 43.9008390384717
6.55 31.7431653427146
6.56 32.3899975354842
6.57 48.7677493643097
6.58 48.47873198192
6.59 32.9191610670588
6.6 28.9091711252579
6.61 30.4323158656411
6.62 27.1424003407015
6.63 39.843757327016
6.64 41.9523233338198
6.65 32.1942280185513
6.66 34.5101950522282
6.67 49.1480191337023
6.68 23.73983906364
6.69 42.857694099639
6.7 27.6298703753075
6.71 48.0094996907451
6.72 42.1340801283335
6.73 34.7433553423548
6.74 37.7438551075347
6.75 41.6590026338797
6.76 41.8112504612728
6.77 45.4793682421344
6.78 34.5134800888037
6.79 42.274378850859
6.8 38.774619732502
6.81 24.0260076540649
6.82 37.8538016139795
6.83 56.7572758058349
6.84 49.3958844599473
6.85 49.0237402711398
6.86 26.1900176055243
6.87 38.0279569139317
6.88 39.7163668639023
6.89 39.4024070777908
6.9 37.4780081619041
6.91 23.2007401007103
6.92 36.9274304307507
6.93 40.6765012716839
6.94 27.192334374071
6.95 43.9273840858379
6.96 48.5285885952342
6.97 32.8595956305413
6.98 28.9238607476243
6.99 39.9448704322138
7 31.9501211820314
7.01 53.6513244491863
7.02 28.4316783588682
7.03 50.4814254148962
7.04 44.8326697413387
7.05 30.327520795664
7.06 33.4044552148583
7.07 39.9161596131637
7.08 28.0610463183316
7.09 27.5274230025991
7.1 34.635139607444
7.11 43.4748107350185
7.12 31.4079046592686
7.13 40.7498376564182
7.14 32.2802056333203
7.15 31.4519161884924
7.16 41.9241079227195
7.17 32.370422708698
7.18 33.2904519973673
7.19 47.9622365642128
7.2 38.0787632575188
7.21 41.2060685154634
7.22 46.8603780744376
7.23 22.1658533274659
7.24 44.4036966019294
7.25 42.8606337315138
7.26 33.0015238291629
7.27 49.3096686289836
7.28 64.1643478218428
7.29 29.1747622057581
7.3 54.627201716116
7.31 57.0681417971936
7.32 45.1545230766174
7.33 27.1521051472474
7.34 41.9228005908079
7.35 58.1842298866453
7.36 44.3772381838464
7.37 49.719355429351
7.38 48.4433937067271
7.39 38.4155044824758
7.4 72.5421022549268
7.41 42.9902743716276
7.42 51.2919114383364
7.43 37.3179021921186
7.44 43.9803585179535
7.45 43.7442933952941
7.46 31.1289625999726
7.47 57.9726245811191
7.48 43.4276149458334
7.49 55.3862969836402
7.5 36.8984925868091
7.51 48.5220945149868
7.52 34.0472434437027
7.53 47.4284140367896
7.54 55.5885714914146
7.55 41.9482359725473
7.56 39.6031811380815
7.57 35.0687177175505
7.58 25.5637239307147
7.59 37.4046008811563
7.6 37.8696459030008
7.61 38.0549260702124
7.62 51.2083577217192
7.63 54.2056604161756
7.64 37.4361969805699
7.65 34.7560135089401
7.66 51.6027602138157
7.67 32.1361673569772
7.68 46.7409136071726
7.69 75.348933192455
7.7 47.9008087659532
7.71 42.5785103409885
7.72 47.6921423534444
7.73 34.8284103382953
7.74 52.5260545550159
7.75 57.5988776284342
7.76 34.4475161012493
7.77 41.8439273674807
7.78 46.3073947948976
7.79 46.1013872573547
7.8 33.3156208578113
7.81 38.9733099635616
7.82 45.322653996618
7.83 42.2183336666665
7.84 43.5205337748611
7.85 68.7020960627852
7.86 41.1646068856797
7.87 40.1247061880684
7.88 49.0190550078567
7.89 42.3055102485511
7.9 49.0513732940306
7.91 38.7169930895834
7.92 50.6923378363458
7.93 62.678089983773
7.94 51.5715368162852
7.95 40.4471793649898
7.96 54.449616944627
7.97 48.0901299813365
7.98 63.3814222007428
7.99 39.6982126303128
8 24.0425007544429
8.01 58.9610459913182
8.02 38.3177130785383
8.03 42.1164963615701
8.04 33.5295707789596
8.05 43.3061514449763
8.06 34.7967858537158
8.07 45.6928470139192
8.08 54.9980094093139
8.09 47.9031074101399
8.1 53.9658254125251
8.11 51.0334663683473
8.12 55.3137511873
8.13 40.6571848313171
8.14 48.2031336176896
8.15 47.5886110590891
8.16 49.5733885414292
8.17 39.9433711483209
8.18 37.6137460217979
8.19 55.1078020313549
8.2 68.9157605763099
8.21 43.1883664430032
8.22 28.9984136330862
8.23 51.8452346986059
8.24 33.3036509917142
8.25 54.7109710816305
8.26 44.0077286611599
8.27 49.2195404885225
8.28 51.3730765482356
8.29 54.6116583137759
8.3 46.5563457626265
8.31 52.1831317781052
8.32 39.7628871765264
8.33 42.2039543145362
8.34 55.0364815571458
8.35 39.0540568054724
8.36 55.4691293064794
8.37 50.9228966916815
8.38 50.3739176728569
8.39 45.4973583755845
8.4 59.4504652225105
8.41 42.9967105016185
8.42 36.8603784192804
8.43 58.6952970438056
8.44 41.3626104835009
8.45 63.41469600183
8.46 39.9006290135635
8.47 51.2170361699586
8.48 32.6679673458305
8.49 57.8871113531097
8.5 57.7667919293176
8.51 37.0924378496047
8.52 61.0786142737243
8.53 49.696340913942
8.54 49.379946716765
8.55 43.5696337356927
8.56 52.8429389115822
8.57 57.6895833491599
8.58 46.6196260727896
8.59 37.9005878009637
8.6 56.5323941581963
8.61 54.5616470587832
8.62 53.7198469924809
8.63 28.6759008076442
8.64 41.4214405954686
8.65 31.2456680365288
8.66 34.9962637965943
8.67 48.6661377568795
8.68 41.9060209038746
8.69 59.8072320265297
8.7 16.7378183535607
8.71 44.5470278806199
8.72 71.7625823423648
8.73 52.4347551458958
8.74 57.1766277361784
8.75 28.533494233912
8.76 39.377951248637
8.77 44.7967663822279
8.78 36.3267850262403
8.79 43.6587193804835
8.8 40.6554649349624
8.81 51.7224331807544
8.82 49.3633964135765
8.83 58.6349471355107
8.84 49.4194230915067
8.85 34.3213044972729
8.86 45.0672852991992
8.87 37.9597996456306
8.88 64.2587990984289
8.89 43.6670507095519
8.9 43.593162551958
8.91 61.7796130656492
8.92 39.1375042281757
8.93 55.7407745269959
8.94 37.1210152722089
8.95 45.2384888107371
8.96 63.035426779553
8.97 53.9686830988017
8.98 61.5674047916638
8.99 69.5368285297503
9 47.2299266441748
9.01 48.2033087784522
9.02 66.6559632634746
9.03 43.5573127628463
9.04 41.709673670014
9.05 49.7009165145584
9.06 61.6377960500792
9.07 35.7322264026518
9.08 67.6430097785014
9.09 48.8196574447503
9.1 44.9027315972315
9.11 44.2891092916556
9.12 50.9943529763939
9.13 71.6452889492091
9.14 46.2014246102676
9.15 43.4854648337403
9.16 29.9259481205254
9.17 43.2639241006252
9.18 45.3335242767618
9.19 65.7055540356224
9.2 53.4476545422846
9.21 41.541461109666
9.22 29.1547300249457
9.23 40.9595284694971
9.24 56.1290800515232
9.25 59.9799091213198
9.26 39.7274318988379
9.27 74.5528623914362
9.28 45.2972866817658
9.29 44.8560754930937
9.3 43.8940042064913
9.31 63.3304178480741
9.32 47.3138389325828
9.33 49.7294120825072
9.34 56.649185662459
9.35 37.9320852469016
9.36 47.2054785098711
9.37 56.2259919252249
9.38 33.5317956622637
9.39 43.9714091354309
9.4 46.0603594282296
9.41 52.2380009414806
9.42 42.4904993138417
9.43 44.2534285477788
9.44 50.654446967777
9.45 73.797225518476
9.46 51.903063237349
9.47 44.8702045271473
9.48 61.2810562604616
9.49 25.6920709061227
9.5 55.4473850561578
9.51 57.1224656602053
9.52 59.2311718364198
9.53 39.9845458696653
9.54 49.9077467574212
9.55 67.3357197186134
9.56 42.2755842645586
9.57 57.2601304584463
9.58 38.9457486225649
9.59 52.1651390075137
9.6 51.9933448941696
9.61 54.618197583775
9.62 41.2487680774771
9.63 52.97433629813
9.64 51.0539334263175
9.65 67.7001749756251
9.66 60.7790527796705
9.67 48.6882870587657
9.68 57.6040709523186
9.69 49.1483580447857
9.7 42.2390546503658
9.71 32.1628080567736
9.72 55.1723449155055
9.73 29.8542722560908
9.74 58.1849948592354
9.75 42.2327745477634
9.76 48.7159638283544
9.77 64.3532940147927
9.78 35.754604617154
9.79 69.5720345646866
9.8 44.9582494590868
9.81 48.7245503777694
9.82 51.2601223347807
9.83 49.0449407193449
9.84 54.7160561147988
9.85 48.8929894291434
9.86 56.0356874868396
9.87 49.729553005781
9.88 44.9438210675033
9.89 50.3813389339837
9.9 56.414355987495
9.91 62.2959872071675
9.92 34.5124195179164
9.93 39.9306630720864
9.94 72.0277873422642
9.95 54.743432045925
9.96 37.9326240214326
9.97 40.4601700066131
9.98 62.0550414277447
9.99 63.8865896901062
10 61.2057006553797
