0.01 -2.16360824120843
0.02 6.69562478215507
0.03 1.3133288761147
0.04 8.16733908973914
0.05 -7.59509158563126
0.06 18.9685873988948
0.07 14.5253481224744
0.08 6.2109731814922
0.09 9.33926198753213
0.1 11.5798504610976
0.11 19.9848599716963
0.12 2.97450808344841
0.13 27.9947691991925
0.14 19.2339835611909
0.15 -5.19192407272222
0.16 0.516168162331622
0.17 22.2495568951258
0.18 10.1865169113393
0.19 3.57103588263536
0.2 19.410429304595
0.21 10.5186720427599
0.22 9.69834703699629
0.23 8.70563585274621
0.24 -3.79766036369258
0.25 14.2521074724836
0.26 20.6976869839147
0.27 11.9693528499894
0.28 7.3098160054928
0.29 3.19764503019389
0.3 18.6440569674335
0.31 8.70418295044002
0.32 -12.6119892816035
0.33 36.4138113169066
0.34 1.20593427720898
0.35 -11.4365641528366
0.36 19.0125427010155
0.37 17.2367181380329
0.38 3.17566815021267
0.39 25.4403371000435
0.4 3.14657702105116
0.41 7.90640866348623
0.42 -4.45502832113954
0.43 -2.78208875694825
0.44 -5.79352398922913
0.45 20.822422508928
0.46 22.9652606455235
0.47 1.01721837443137
0.48 13.6188657867133
0.49 5.45775033575714
0.5 16.5746209551988
0.51 1.64519671946089
0.52 -7.13499887377879
0.53 -10.1776491814708
0.54 3.8054249130333
0.55 11.215081345169
0.56 19.8796311866958
0.57 0.980344919493759
0.58 5.01184660967464
0.59 15.0507548391405
0.6 16.8610406540373
0.61 -17.5079912100504
0.62 16.8546590152349
0.63 1.81681343461708
0.64 -9.0082440446021
0.65 -4.3150927732236
0.66 4.6027474956459
0.67 -1.27280801389618
0.68 5.37537898542741
0.69 -5.62582743975412
0.7 -2.43292880600404
0.71 7.02659054059364
0.72 3.42586440939435
0.73 18.7405042708132
0.74 -2.70774996220166
0.75 -8.40966174073929
0.76 17.7121827520814
0.77 -1.22039933716432
0.78 -5.72014462726417
0.79 7.96022713316445
0.8 8.16747309714375
0.81 -4.17479587968233
0.82 25.6387066396651
0.83 1.31856126706048
0.84 12.1720706988447
0.85 3.11992369618115
0.86 5.97419353534863
0.87 34.11706827542
0.88 8.60369848984688
0.89 22.1761741810137
0.9 -3.84057434527723
0.91 3.41512929948915
0.92 23.9850371394745
0.93 9.17052935426193
0.94 24.3090092033578
0.95 29.9034578229172
0.96 -0.686351934565716
0.97 5.75791995287474
0.98 -4.64000690452535
0.99 13.3158265999926
1 -4.9366649006494
1.01 5.96097154440659
1.02 0.352605958255293
1.03 6.56853535449747
1.04 10.2722428173112
1.05 19.7709281075676
1.06 10.3126576968214
1.07 22.6190700411535
1.08 12.8053082505843
1.09 6.75998398522339
1.1 6.09118896692216
1.11 18.7721917967926
1.12 8.24162929715944
1.13 8.06175545165419
1.14 2.96595923817412
1.15 7.34046178554023
1.16 9.32247639887943
1.17 21.173926145228
1.18 0.128016026027781
1.19 -7.68593307276122
1.2 10.6217181993927
1.21 10.7225420557663
1.22 22.2140288604869
1.23 -24.5550168156896
1.24 16.6434779319748
1.25 8.96286899646088
1.26 12.7654170778972
1.27 21.2723706944405
1.28 3.61268543348616
1.29 6.49812781715343
1.3 8.64710009920757
1.31 13.538635422059
1.32 15.6282569632262
1.33 2.1253357869547
1.34 31.3206759308753
1.35 25.2136367537519
1.36 12.7483217799176
1.37 10.7053423091493
1.38 30.292647911555
1.39 24.7588465659586
1.4 19.2749929752837
1.41 -14.4605400171202
1.42 0.363622054997023
1.43 3.15554677742585
1.44 -0.347871417357227
1.45 -2.89200849587145
1.46 12.6432702678026
1.47 -2.85578162961974
1.48 1.08798294282097
1.49 25.2016586089204
1.5 11.5655873855225
1.51 0.448089190068021
1.52 18.4872289525032
1.53 11.2656328252204
1.54 23.9957788019679
1.55 15.9255048752962
1.56 4.98977845862595
1.57 35.1814901834753
1.58 17.9655657067029
1.59 36.6790649256517
1.6 21.5137575782191
1.61 16.9106176217092
1.62 12.5248403978465
1.63 14.8445213907958
1.64 8.20450013627798
1.65 17.5553912902786
1.66 20.1952067567434
1.67 -5.41817222768251
1.68 17.6812049454363
1.69 -1.39503177486563
1.7 22.6501505866023
1.71 26.5122047586758
1.72 24.8782110379556
1.73 3.5516545603332
1.74 17.4265684895797
1.75 15.6319639663724
1.76 18.7304234765639
1.77 7.47360435605232
1.78 15.9404681980273
1.79 -4.09171197346798
1.8 21.8905855185379
1.81 6.13537159993215
1.82 -7.99407273799326
1.83 9.18884490167607
1.84 12.524018834935
1.85 -2.29854214775042
1.86 26.8504872557243
1.87 31.3946571500501
1.88 10.1247589669552
1.89 39.776072014446
1.9 24.2988977716318
1.91 8.48019146397253
1.92 12.7578163888195
1.93 12.558513981826
1.94 19.2387045745076
1.95 20.3833733800175
1.96 20.4987952076994
1.97 6.33758578907987
1.98 16.2758816925919
1.99 17.0745274376157
2 2.33397707461962
2.01 16.0781448692603
2.02 26.1753782528815
2.03 2.90270541927956
2.04 10.8684264495114
2.05 10.3202495647425
2.06 16.0110449353092
2.07 4.74270775422657
2.08 3.50946189996514
2.09 16.4484594635557
2.1 25.5903408572517
2.11 16.9892905319882
2.12 11.7291724926109
2.13 10.4184985165388
2.14 32.4838867847952
2.15 31.9822367926294
2.16 14.2208977819627
2.17 35.8132805846463
2.18 15.063894979272
2.19 19.8454845841104
2.2 29.2073364796252
2.21 26.3185164996056
2.22 15.7417389937637
2.23 18.8655607384722
2.24 13.2228406767811
2.25 28.4565835840918
2.26 1.91756269895681
2.27 24.4340596835805
2.28 15.9808023615385
2.29 3.68847252065239
2.3 27.3934411318052
2.31 37.1444325133034
2.32 37.2030533351069
2.33 23.1680692780594
2.34 10.9437656973791
2.35 -2.77469384711677
2.36 5.28414424952269
2.37 30.0305677230725
2.38 32.5021574803364
2.39 9.56457030632978
2.4 27.9539024724324
2.41 -4.93364025129314
2.42 18.2728973176909
2.43 17.6714895309199
2.44 11.7999086262694
2.45 16.2715645766219
2.46 9.88342523308645
2.47 -0.510281178701774
2.48 21.7627627349762
2.49 7.91749239291044
2.5 19.2411413187496
2.51 14.263244999562
2.52 16.2920221837871
2.53 0.778446447866688
2.54 10.4577328922833
2.55 23.224200638281
2.56 24.7167984942783
2.57 19.4044471898888
2.58 15.7363611545211
2.59 1.8716187131687
2.6 6.16244806101351
2.61 18.8556628240949
2.62 45.6581775197878
2.63 27.7022361839673
2.64 28.9793290488524
2.65 15.1429220447428
2.66 24.7370400449736
2.67 17.9819003135983
2.68 32.3409418146445
2.69 3.79866921986213
2.7 16.2935920810485
2.71 16.7863521379529
2.72 34.2587803856893
2.73 21.2006895375032
2.74 24.549481428704
2.75 24.6176093127527
2.76 28.2331980223324
2.77 12.9506785421895
2.78 16.6613971786737
2.79 3.53155480817035
2.8 22.8952687443881
2.81 18.659801807268
2.82 13.6449685869769
2.83 15.5828881654646
2.84 21.9962444489266
2.85 12.012024292148
2.86 13.581946076454
2.87 12.1372600786226
2.88 12.8412515574253
2.89 30.2214425639837
2.9 18.035400578919
2.91 19.3226464201563
2.92 24.8898741524971
2.93 5.74009103309494
2.94 17.3047414225446
2.95 32.4355261161
2.96 3.83749089598997
2.97 19.4423327312475
2.98 -14.8045476962572
2.99 17.2571042845689
3 13.9054052442999
3.01 22.6859788093438
3.02 24.6356454605735
3.03 34.5555422015233
3.04 8.31706467821451
3.05 19.3625137737597
3.06 8.93569981398178
3.07 40.622040550925
3.08 22.1747492010451
3.09 5.28272297157457
3.1 15.0203345083535
3.11 17.5474900887013
3.12 9.44677710784793
3.13 11.7964735527586
3.14 20.9138339267876
3.15 1.85611639907123
3.16 22.361025575009
3.17 14.3643478246085
3.18 10.9193749065024
3.19 28.1485564668885
3.2 38.9487948155159
3.21 15.5919358981147
3.22 2.76748148417649
3.23 28.1606109218158
3.24 14.7277718365963
3.25 22.9749177043471
3.26 24.3706507728581
3.27 13.6533211666415
3.28 37.2115544378058
3.29 32.6588317956289
3.3 24.8528832951711
3.31 36.0209758900142
3.32 9.88020056048381
3.33 15.7711202395693
3.34 13.0053498479594
3.35 9.13790024474688
3.36 21.5789981128174
3.37 16.5415507527856
3.38 31.0982349528084
3.39 36.4182177906468
3.4 25.1851203377091
3.41 25.6375765868172
3.42 28.7073746664189
3.43 20.0383002745147
3.44 21.7121189731161
3.45 13.9599800865105
3.46 24.6929373880551
3.47 -2.50817503533993
3.48 13.3370684778192
3.49 18.5093557410259
3.5 12.2397734605067
3.51 20.685170513933
3.52 27.8818420811796
3.53 17.3970684772558
3.54 21.4439432495239
3.55 25.9834606837269
3.56 28.5586972150906
3.57 32.254006348149
3.58 26.7922832012799
3.59 17.6717615750222
3.6 5.44931108744409
3.61 17.8592259288472
3.62 26.3632463848561
3.63 23.2626002490688
3.64 30.3334947096729
3.65 18.7582659003284
3.66 20.8128669731883
3.67 -0.28266210139639
3.68 26.460524166942
3.69 14.613614704087
3.7 9.77006235327291
3.71 24.5050988258695
3.72 18.7737987514262
3.73 14.6905061719148
3.74 14.5663372497018
3.75 24.4488831966143
3.76 23.0771770032573
3.77 29.8544812534637
3.78 18.310784460107
3.79 28.0409391029789
3.8 9.42211271141873
3.81 24.5156586917805
3.82 45.8933338085717
3.83 18.5907044610822
3.84 34.8644178716628
3.85 21.3133383139135
3.86 39.8613608694364
3.87 25.5999160432897
3.88 33.6563794408332
3.89 29.6457393106535
3.9 16.5316163199062
3.91 22.3412654909595
3.92 10.7059664270312
3.93 28.0182859908523
3.94 19.9603735332099
3.95 21.6225886324364
3.96 17.0266948499699
3.97 28.5766318271363
3.98 41.0682037628208
3.99 37.0084736975721
4 29.0835715523689
4.01 38.5645804985002
4.02 39.2767300873857
4.03 32.3555757614254
4.04 19.6674856031777
4.05 30.2624495957163
4.06 24.4873792933633
4.07 35.2700747325356
4.08 22.7555471476101
4.09 18.6213139324318
4.1 -2.98810728170656
4.11 28.8410360185006
4.12 25.3096795855233
4.13 14.0861125294698
4.14 29.2261360239991
4.15 30.1917770864038
4.16 5.84185578904201
4.17 26.6117454867606
4.18 6.17664233419196
4.19 26.6318281765646
4.2 32.9254751269326
4.21 26.0780156381351
4.22 8.00000216082216
4.23 34.8842178502878
4.24 8.59777682008722
4.25 31.7280682178172
4.26 0.0573564033286296
4.27 26.563859080386
4.28 46.0082605731797
4.29 42.0826382648391
4.3 24.2387975381817
4.31 24.443939996021
4.32 18.5338822671021
4.33 22.0586527149051
4.34 20.9314248729231
4.35 26.9174852785897
4.36 13.1789301113852
4.37 35.7863405579332
4.38 20.1457103137716
4.39 41.5891366541003
4.4 16.9722005483264
4.41 36.3454345697656
4.42 12.0920832163421
4.43 31.6767946432375
4.44 26.5127226061093
4.45 17.3008939659693
4.46 26.1248888885343
4.47 22.2589811360781
4.48 21.5636869997104
4.49 12.8048058593342
4.5 40.8984977315446
4.51 26.24747331136
4.52 14.6287001531901
4.53 7.04248702282902
4.54 18.9401007185321
4.55 15.7737027862487
4.56 27.6777207892026
4.57 18.8933486859409
4.58 27.7496073751125
4.59 15.560367124249
4.6 8.54148007470888
4.61 8.98472466706287
4.62 5.5385260881819
4.63 26.1363562969462
4.64 21.4584877944843
4.65 33.2835852720482
4.66 32.8813844856083
4.67 33.8323332666951
4.68 28.0650319036005
4.69 40.0703064019716
4.7 13.4727518981024
4.71 24.946735127793
4.72 26.4686356598093
4.73 30.2843757188013
4.74 25.412452033324
4.75 31.2846912497973
4.76 24.7752526687565
4.77 25.3797622680115
4.78 20.5656310035333
4.79 19.6655203882401
4.8 12.5565103804566
4.81 31.4249772648636
4.82 25.6430272003023
4.83 51.0857302460647
4.84 31.5487240205877
4.85 53.4390209381243
4.86 39.918911574568
4.87 39.5276319384543
4.88 21.9343961350803
4.89 30.8345692386014
4.9 32.945415668671
4.91 42.5792900784306
4.92 34.6303350560209
4.93 17.6383785119024
4.94 30.3187025676559
4.95 25.8652853857179
4.96 21.790144975642
4.97 27.6259882382317
4.98 49.7025493941275
4.99 14.7503028628031
5 26.4385973850389
5.01 33.3889880895141
5.02 22.0897904568461
5.03 36.7759133403116
5.04 38.4528497527712
5.05 36.740893491302
5.06 34.2027187869763
5.07 23.261924502257
5.08 20.3112740820969
5.09 34.5812738820817
5.1 22.0284673875487
5.11 31.062035870608
5.12 21.1272859537129
5.13 14.7989375719238
5.14 49.0166580883394
5.15 56.5087196699055
5.16 28.7840531371001
5.17 41.3977671968532
5.18 29.2672834158874
5.19 29.9438975613054
5.2 30.5427089492695
5.21 42.024480604183
5.22 26.1058954017052
5.23 16.7676655146537
5.24 31.1818656639474
5.25 34.0298438564411
5.26 33.9846471580283
5.27 9.1610738746921
5.28 28.8357295217816
5.29 21.43139910885
5.3 18.5403735515958
5.31 39.2561734839053
5.32 27.4793680723367
5.33 39.1885867234464
5.34 41.4110771330718
5.35 58.5428541824736
5.36 38.8527223811341
5.37 32.517742152471
5.38 49.2907879981935
5.39 37.5612571284696
5.4 22.4861925608349
5.41 25.1529552603014
5.42 42.5753402214117
5.43 24.1936116811462
5.44 22.4919597550441
5.45 28.620549607565
5.46 39.9184627869857
5.47 37.3907523213586
5.48 28.224008457211
5.49 34.2384104537831
5.5 18.8397208124067
5.51 24.4912764568737
5.52 31.8306340095439
5.53 47.5645976988551
5.54 37.9497849898527
5.55 18.8056904862502
5.56 39.9274551993361
5.57 25.7859103054435
5.58 30.6506472102755
5.59 37.571863091992
5.6 47.0686049284611
5.61 41.1477201680964
5.62 41.7245421657399
5.63 43.8519814824135
5.64 30.356274047941
5.65 19.913903775995
5.66 34.4707353853816
5.67 28.4309892511109
5.68 49.5893689105834
5.69 27.5740449961889
5.7 35.2322282641962
5.71 21.7162248832935
5.72 34.4274270140018
5.73 24.1605560995857
5.74 49.2088067452456
5.75 34.3706084250553
5.76 22.6368937152255
5.77 13.6637066962507
5.78 47.1005852149912
5.79 21.39544234973
5.8 54.7703300191699
5.81 41.3441818702966
5.82 45.1644434550084
5.83 6.93450836164544
5.84 27.0231808254552
5.85 40.3460499317733
5.86 28.7584847466535
5.87 38.0177479846228
5.88 35.5101451955378
5.89 31.5615613287844
5.9 22.6526081599577
5.91 41.2815823963657
5.92 38.8214587672331
5.93 38.7312829471795
5.94 27.8654687076227
5.95 33.1477459603468
5.96 21.6117351951031
5.97 44.1827400277156
5.98 38.0122656867927
5.99 34.6617227991905
6 40.4688896882235
6.01 29.9521176188598
6.02 33.3154477873783
6.03 33.003288598461
6.04 47.1903470384182
6.05 37.1010669638016
6.06 15.9249067959948
6.07 36.9844389607885
6.08 46.5569471371126
6.09 57.3732552285353
6.1 33.6065404801265
6.11 41.0428003141425
6.12 31.487348964279
6.13 49.1509052671204
6.14 26.9048062398658
6.15 29.9355866029263
6.16 65.144672913374
6.17 39.1259942031815
6.18 43.10583284449
6.19 54.6376325929895
6.2 18.4259024827373
6.21 36.3742450842865
6.22 44.122503804032
6.23 24.4978059325303
6.24 29.4051369344584
6.25 39.084762290186
6.26 24.1758789140244
6.27 36.7864301181121
6.28 40.5840793916305
6.29 20.8685601266048
6.3 33.7334715461988
6.31 26.5256633741146
6.32 36.8927641965429
6.33 36.4144055511205
6.34 43.1919418444759
6.35 23.1070176253735
6.36 45.3101158525256
6.37 22.2834892739332
6.38 46.2487507151936
6.39 43.0846067107665
6.4 27.1035336800966
6.41 13.2192996846743
6.42 29.340822198217
6.43 48.9661053970971
6.44 39.6213222972195
6.45 31.6648727388627
6.46 33.4638454036031
6.47 40.1546961165879
6.48 33.5648664859893
6.49 26.9641030712316
6.5 28.4399911150749
6.51 32.5054922467417
6.52 48.2559982839916
6.53 53.3899477173684
6.54 34.5716251969804
6.55 35.7681253741482
6.56 28.4089149590957
6.57 30.4165670702719
6.58 24.5059695192144
6.59 39.4939220041936
6.6 31.6211509027566
6.61 33.2278966229425
6.62 45.8548034172126
6.63 43.6794041896471
6.64 31.0423452879698
6.65 42.7957674162608
6.66 33.9727861567726
6.67 28.4877840870295
6.68 35.508629302829
6.69 26.1525182567255
6.7 30.8081912767389
6.71 28.8375342903232
6.72 30.9304568202333
6.73 39.0251282448078
6.74 29.6363074209852
6.75 24.9352100865749
6.76 17.6359585459363
6.77 52.5999479026993
6.78 41.6552561872805
6.79 48.0746828291085
6.8 54.1961181372481
6.81 52.8178584595293
6.82 40.6928808902144
6.83 28.409319069111
6.84 55.1545215340349
6.85 55.73445127371
6.86 57.652204262523
6.87 33.5126754021095
6.88 35.1182659539683
6.89 36.9867714064976
6.9 31.2971398054392
6.91 49.9148059431388
6.92 36.1796849689323
6.93 49.7804346086443
6.94 44.5902704656106
6.95 35.4139564992963
6.96 42.7496896682949
6.97 24.0262906868015
6.98 42.2714716837311
6.99 24.9279827771705
7 36.1756798614444
7.01 36.6941545021342
7.02 29.6980656818552
7.03 40.6280627979885
7.04 39.0383696141963
7.05 46.0902492894819
7.06 55.6564482187249
7.07 51.0354107012061
7.08 47.6324352835516
7.09 31.3727452827634
7.1 35.5913343257873
7.11 40.58951961925
7.12 46.7330450211359
7.13 49.8599362774283
7.14 43.1844333527888
7.15 57.0926633982334
7.16 48.0091427395982
7.17 40.9832184050257
7.18 27.6453488878091
7.19 20.2677956534899
7.2 42.0523119345
7.21 55.0648430457344
7.22 41.5101106577369
7.23 30.0977031532643
7.24 58.0935713642907
7.25 37.2232716146078
7.26 49.1749348820485
7.27 31.3424602412708
7.28 47.2818292774913
7.29 38.500752085154
7.3 31.9925974871554
7.31 44.0474658548406
7.32 35.8819779298182
7.33 43.5668090384244
7.34 26.4198093180755
7.35 48.0119363742466
7.36 38.1602548425877
7.37 65.0898699071837
7.38 54.0048390980803
7.39 43.4872578907573
7.4 33.3603373048802
7.41 35.9425633717071
7.42 62.2364808100789
7.43 60.6357831240608
7.44 50.0011593738593
7.45 48.5553318679616
7.46 37.4479190687103
7.47 29.1241800273002
7.48 48.8177257343878
7.49 64.7351214517433
7.5 41.9360625037948
7.51 40.8629987113688
7.52 49.3934138320967
7.53 34.0176741245337
7.54 36.7990948292416
7.55 37.8965630234221
7.56 32.2973696795864
7.57 40.1809715721368
7.58 28.9491887206322
7.59 46.0758505445235
7.6 39.707676781967
7.61 19.7219215351642
7.62 45.2139195901532
7.63 37.6553523136391
7.64 31.5258843697867
7.65 41.5051878623024
7.66 46.3730756201415
7.67 59.7587092957804
7.68 32.6453754337382
7.69 58.5161117145972
7.7 44.3997878155545
7.71 39.9849283283786
7.72 52.2991263666844
7.73 36.7818885561057
7.74 45.0524962158945
7.75 43.8492128963588
7.76 49.8380726329274
7.77 41.9490973976381
7.78 51.0442525924599
7.79 46.6090175614211
7.8 39.4900340097991
7.81 37.4656787549062
7.82 45.5661993671698
7.83 58.9052026336701
7.84 40.1938523640172
7.85 69.9158138645734
7.86 19.7512343048938
7.87 33.8940285566223
7.88 41.7836172174444
7.89 42.638204313832
7.9 21.7803170288367
7.91 29.3940335051733
7.92 43.3666077495271
7.93 44.5531775328745
7.94 44.8262837096192
7.95 67.9970797923573
7.96 28.2923015915533
7.97 41.0445470237357
7.98 50.8179073624929
7.99 43.6274042831002
8 56.508585446674
8.01 49.197577530983
8.02 35.0109731785095
8.03 47.4993750557823
8.04 38.8757250160091
8.05 50.5631999274315
8.06 47.0645990813853
8.07 56.0896739654505
8.08 39.1795534691911
8.09 41.99465761831
8.1 43.4238613381234
8.11 29.2808342348963
8.12 50.4038063551382
8.13 23.4074303007809
8.14 40.8047995872598
8.15 38.8007642833553
8.16 67.9543417674534
8.17 36.3179581550026
8.18 44.1040255187798
8.19 31.4114637092919
8.2 48.9725305555079
8.21 53.2184420186617
8.22 44.9191186254409
8.23 43.3781429307261
8.24 55.0662644732038
8.25 44.6242970787711
8.26 48.3724413236107
8.27 53.2875659534165
8.28 39.5247079643417
8.29 39.8615615859593
8.3 38.9527918219258
8.31 49.2940772942388
8.32 47.0717784559655
8.33 42.5328675923182
8.34 38.4147787205845
8.35 42.0316579310024
8.36 30.3995865698905
8.37 64.029078177306
8.38 50.7299508076546
8.39 33.4417585493181
8.4 23.1132576458756
8.41 50.3275434210434
8.42 37.9372924647537
8.43 50.4750959735848
8.44 49.7591156610819
8.45 39.1270602439975
8.46 40.0960323785842
8.47 48.0694220471222
8.48 63.9186555557629
8.49 46.4837964431848
8.5 52.649469615459
8.51 38.4109747952036
8.52 38.5770388473067
8.53 54.8200204953739
8.54 38.7884571121994
8.55 63.7184092779996
8.56 49.3647952040373
8.57 37.6021955979437
8.58 34.4777209745257
8.59 71.1753667664184
8.6 63.3599547000938
8.61 56.552046465414
8.62 58.1597458065506
8.63 57.727268031755
8.64 45.0052205922511
8.65 53.1902225576802
8.66 40.5713902029385
8.67 42.2277172356325
8.68 56.019452826569
8.69 46.2836330831946
8.7 49.561262021789
8.71 38.4523994389334
8.72 67.8453737485644
8.73 26.6611572625679
8.74 35.8826507152075
8.75 55.571371306449
8.76 48.5110127261826
8.77 25.6393669060929
8.78 66.2656905458531
8.79 58.6069014569702
8.8 42.3766821260163
8.81 32.575539922903
8.82 47.0304387878317
8.83 46.2312753229045
8.84 48.2280116443901
8.85 45.3328372486291
8.86 69.9247148982633
8.87 25.8416137808968
8.88 61.9914566863672
8.89 35.4719698256347
8.9 49.3963093398454
8.91 47.1348790206912
8.92 55.8908881185068
8.93 46.5072748199814
8.94 63.1543174531372
8.95 53.9146895119269
8.96 39.6602770601368
8.97 50.2079436889841
8.98 44.5516588950604
8.99 56.4652955343495
9 61.9852571249129
9.01 58.5782088162767
9.02 53.8158784121256
9.03 54.1404504455058
9.04 58.2804321093523
9.05 48.4972372741991
9.06 43.8846846445987
9.07 54.6792094314376
9.08 46.3966305622037
9.09 50.0519676871883
9.1 54.8978307714115
9.11 49.8408251935973
9.12 52.652361614231
9.13 54.1003990481686
9.14 34.8028722588928
9.15 65.7056371629838
9.16 53.1353999410984
9.17 58.2191334395422
9.18 49.8671767691677
9.19 46.825050221435
9.2 28.0355471550586
9.21 63.7447679506369
9.22 58.5871861664779
9.23 46.1875703000358
9.24 39.0211334978743
9.25 50.2753917850493
9.26 65.0395899210168
9.27 44.9265191027106
9.28 50.8445344564602
9.29 58.3771325920115
9.3 47.2174411079435
9.31 32.2587057650119
9.32 45.5409817203304
9.33 56.1762730121911
9.34 36.8639599575593
9.35 35.5355031549421
9.36 59.6298787378473
9.37 52.6335542157746
9.38 85.258783733918
9.39 37.5176859083804
9.4 63.6390157893973
9.41 83.1669121149932
9.42 54.2056688553142
9.43 53.4663903092123
9.44 54.1164859925802
9.45 40.3527378661336
9.46 68.1653769159695
9.47 45.1991097700655
9.48 51.0496175280886
9.49 33.8019450950146
9.5 67.9612807601483
9.51 61.7111032179663
9.52 52.9978760534951
9.53 61.4891758018023
9.54 52.4769898489524
9.55 52.4557605848984
9.56 56.0615224946012
9.57 74.7929649448171
9.58 46.3345103213776
9.59 53.3745601071065
9.6 43.2298352707723
9.61 57.6532591357416
9.62 58.0902841905151
9.63 59.7016274930691
9.64 50.3410444790593
9.65 38.6186842226753
9.66 51.5680719036821
9.67 43.5011468517858
9.68 28.5279336812634
9.69 63.408071735092
9.7 71.9781113118966
9.71 57.9833772805206
9.72 61.4777689737607
9.73 43.7515861612094
9.74 34.3512430481579
9.75 46.3986890655005
9.76 62.4408793070288
9.77 50.6379107929121
9.78 57.7827564144136
9.79 63.2917193679716
9.8 51.8820538916676
9.81 54.3900958822696
9.82 40.2593647124237
9.83 43.3995248511633
9.84 47.363913140676
9.85 39.3827051982428
9.86 41.560113531224
9.87 72.0920967163409
9.88 69.1717048439195
9.89 50.9444256078203
9.9 54.8172989555779
9.91 61.1159765632771
9.92 43.2364003043491
9.93 62.4781886350609
9.94 48.0419659541987
9.95 54.3704976318113
9.96 72.4877732530642
9.97 62.5272953515249
9.98 52.1926002144981
9.99 66.2840112293941
10 70.9091369769118
