0.01 1.92519942906351
0.02 16.5519368458398
0.03 -11.0692778860733
0.04 5.93008066923249
0.05 5.98819628731955
0.06 12.0203193550889
0.07 24.9626147302764
0.08 9.69062275988087
0.09 0.598773537912193
0.1 15.6610718275024
0.11 9.98694585135262
0.12 -2.81485385829823
0.13 8.92401873786446
0.14 23.8410646678061
0.15 -3.58548350488671
0.16 -17.8374029645024
0.17 12.7592460797862
0.18 9.97324729042291
0.19 18.1619922569804
0.2 1.50737233207749
0.21 15.3764200864549
0.22 -7.45694205796155
0.23 1.46255443968481
0.24 6.36513167257033
0.25 7.01318579091717
0.26 -0.573138658541843
0.27 -0.00232375250494243
0.28 12.976438465071
0.29 9.33492479347253
0.3 14.0141918920937
0.31 -2.38204132213326
0.32 16.0588216131247
0.33 13.2712348514354
0.34 25.0220802409677
0.35 10.7078277357009
0.36 6.49535551456809
0.37 18.2843881964703
0.38 -1.19265231667864
0.39 14.6429459848497
0.4 8.89770922308969
0.41 2.12186125482434
0.42 20.1389012387256
0.43 13.8816417088462
0.44 16.995407977059
0.45 10.2230470660316
0.46 8.06471494638074
0.47 -0.606029652142933
0.48 1.95576804706124
0.49 7.60384378818733
0.5 -7.8854273475683
0.51 -3.39558043163875
0.52 13.0349085573717
0.53 17.2266654026247
0.54 15.3973447200148
0.55 5.85479432760158
0.56 14.6664784583418
0.57 22.8918075569561
0.58 12.6252382657458
0.59 4.45410879644558
0.6 16.0244573131071
0.61 -1.14928345178462
0.62 14.8733465102696
0.63 4.69673107632105
0.64 6.94786117342386
0.65 10.2136086747119
0.66 14.1367916125863
0.67 -1.3677169767344
0.68 23.6166230701399
0.69 17.2759242450889
0.7 10.5488678773507
0.71 13.0669793672813
0.72 25.7829896474649
0.73 15.8028418165661
0.74 18.0101486374627
0.75 10.8927702208379
0.76 3.56190382519808
0.77 7.83816588545934
0.78 23.8533330187103
0.79 9.79578018919438
0.8 -2.66239805109821
0.81 -0.797337784384419
0.82 8.44460375927492
0.83 23.6246545922754
0.84 5.2106763298808
0.85 16.0612164013472
0.86 13.3840923130704
0.87 22.4217219134804
0.88 -19.1535746854005
0.89 18.2722330233995
0.9 10.4056655584291
0.91 16.2029581808516
0.92 19.8866765431553
0.93 7.50739496570232
0.94 15.5524379539499
0.95 -0.59004811245337
0.96 11.9984528712969
0.97 3.39884342220048
0.98 28.1534929372911
0.99 13.2658024644291
1 6.72016168103449
1.01 11.543559454448
1.02 16.0020378490643
1.03 12.4692910186732
1.04 -16.4532692373108
1.05 9.9748168209611
1.06 0.479015150173042
1.07 -6.12909128128295
1.08 -0.256372051983934
1.09 13.9735632830023
1.1 7.16534642028103
1.11 2.64109549386892
1.12 3.81072370279288
1.13 17.732938925755
1.14 5.36418598324316
1.15 -1.87413597849743
1.16 3.91448611517563
1.17 10.9246263249626
1.18 12.2842402229722
1.19 -5.49838133640474
1.2 19.4901363760016
1.21 24.8083227121835
1.22 3.73407027773046
1.23 -2.97211290054576
1.24 27.7035699025243
1.25 10.0635644419752
1.26 7.01938249146694
1.27 23.2296307621612
1.28 12.5879168404468
1.29 23.9143414144798
1.3 20.7825443590225
1.31 18.4478252669885
1.32 3.4275351000836
1.33 17.8652299980474
1.34 25.1827503723018
1.35 15.8909892467863
1.36 -0.404528686278598
1.37 11.622422632757
1.38 12.5503825964195
1.39 -0.62819593457319
1.4 1.57932297831525
1.41 0.0660275534603478
1.42 3.26215563811521
1.43 13.6159340704509
1.44 21.5637307628475
1.45 28.4316208089494
1.46 -1.02068474324372
1.47 25.0766092519989
1.48 34.6400453096208
1.49 29.1251554260188
1.5 -4.50422245420999
1.51 14.7942973377567
1.52 12.3862357979674
1.53 11.0390330249955
1.54 -2.80127259118846
1.55 14.5227470456715
1.56 2.49533116457702
1.57 -11.6603602349403
1.58 -0.941609999170053
1.59 20.995643321154
1.6 23.6124156789329
1.61 20.6976817465467
1.62 5.49588805378101
1.63 21.9339473999529
1.64 12.1815557462557
1.65 12.9201990837656
1.66 18.6331128226354
1.67 28.2332695453489
1.68 -7.74141342941678
1.69 21.4654449924766
1.7 8.33478081748024
1.71 21.4291784625976
1.72 1.92019542494008
1.73 8.60737683181417
1.74 22.9319117433712
1.75 30.816239997716
1.76 23.5526003396121
1.77 12.652524058717
1.78 0.224103879478079
1.79 16.7878587855427
1.8 14.9554576046722
1.81 24.2916139830774
1.82 14.6538984372498
1.83 11.9096747127843
1.84 24.0873780405079
1.85 18.9283429591293
1.86 38.6286542951742
1.87 22.1734458657745
1.88 27.6208042770235
1.89 6.32382002429629
1.9 7.51716881738275
1.91 9.77228145101615
1.92 6.48709597789591
1.93 28.5090087090759
1.94 13.8631055552048
1.95 19.2645472119995
1.96 -3.53159292879082
1.97 5.90784622173984
1.98 22.7452566076561
1.99 12.9273698335853
2 15.7412055926289
2.01 8.66446405749837
2.02 8.72684016126706
2.03 29.3858534942353
2.04 26.0611561230472
2.05 18.2481797872201
2.06 11.3469096703479
2.07 21.4968037692828
2.08 18.7194563835422
2.09 16.6223907182645
2.1 20.557001236754
2.11 2.45646255737356
2.12 12.2005752663294
2.13 1.7485463083588
2.14 17.9029353417449
2.15 35.3642379803245
2.16 12.3547695324252
2.17 17.521806173053
2.18 0.821244783384483
2.19 8.75390400876963
2.2 7.53212617692709
2.21 13.3181195758303
2.22 3.41282787854994
2.23 18.2196451898178
2.24 13.5761584988037
2.25 16.5450247021526
2.26 6.83437289986943
2.27 13.2509197519669
2.28 17.9512116016566
2.29 0.788428564796046
2.3 18.4753869587458
2.31 23.4671268738485
2.32 17.1628646294555
2.33 11.2405161627456
2.34 -1.84417502882806
2.35 31.2530191953781
2.36 10.2413307061036
2.37 8.20518158896401
2.38 14.8097669961475
2.39 2.88797895918767
2.4 24.029817900218
2.41 26.688481059953
2.42 5.80602472376021
2.43 3.19840561213025
2.44 23.4530532722681
2.45 26.0185549421422
2.46 4.0453937288067
2.47 1.84602671424071
2.48 26.2450637225114
2.49 14.391730802933
2.5 29.8575382106061
2.51 26.424164127397
2.52 12.4639065058937
2.53 17.903207164942
2.54 15.9402924274174
2.55 9.34361454508071
2.56 32.1244260390483
2.57 22.036496354462
2.58 21.0685610608132
2.59 11.7212924001784
2.6 15.814286542227
2.61 47.0620223069717
2.62 12.7439588630875
2.63 41.0602928348766
2.64 22.2493604631929
2.65 6.82618862967722
2.66 26.2647739903761
2.67 18.2607890066133
2.68 25.4279028253898
2.69 18.483713310857
2.7 22.2224698070155
2.71 20.224630352371
2.72 14.8352330555494
2.73 22.7631380433457
2.74 22.659192880337
2.75 15.2763110919742
2.76 16.8979486052574
2.77 31.6381321453143
2.78 13.7720188749513
2.79 10.4303998795259
2.8 26.7038554188171
2.81 12.1238359050876
2.82 2.44381769021612
2.83 -4.30616552465049
2.84 25.3952707428168
2.85 12.8050130207735
2.86 8.5847167303907
2.87 28.3274886636926
2.88 24.6864149725633
2.89 8.37831967912819
2.9 21.3419368206668
2.91 14.6517059287078
2.92 12.3117601421122
2.93 17.1337988444621
2.94 9.20571989132667
2.95 27.2892698484931
2.96 38.2359577453023
2.97 19.2878875290612
2.98 19.0959595326044
2.99 16.1385533723143
3 32.3026018326559
3.01 7.46039441491332
3.02 6.45345874404607
3.03 2.29113401003933
3.04 15.4847936395173
3.05 14.6610713632135
3.06 10.5424752033954
3.07 19.1401085709043
3.08 32.3060043940438
3.09 18.4308159261241
3.1 -9.99593650606802
3.11 27.0534364749936
3.12 27.2862496268863
3.13 12.2328641206563
3.14 35.5282284028534
3.15 46.2610281307015
3.16 17.1412133987053
3.17 27.3127667286392
3.18 11.0948633691341
3.19 22.4981393582987
3.2 26.7419869916385
3.21 24.7081568097294
3.22 22.7405394878519
3.23 25.1165550290015
3.24 21.4133280865776
3.25 10.6242223753826
3.26 33.3723911657811
3.27 32.6519360594687
3.28 29.2484433372498
3.29 4.6756048582256
3.3 25.0017285070549
3.31 17.7775229198356
3.32 18.9579059933067
3.33 38.1111357757863
3.34 9.47800846562642
3.35 25.2817893196377
3.36 21.7593645661767
3.37 16.1873952524022
3.38 38.7560047097896
3.39 26.0251398491587
3.4 33.2404836227264
3.41 33.4729551387534
3.42 32.6676357413814
3.43 26.2197832127621
3.44 8.8300078360994
3.45 46.6381188224492
3.46 16.8754681086412
3.47 4.54726900503309
3.48 20.8141051623667
3.49 39.0661110995909
3.5 8.9132126703524
3.51 22.1370868499343
3.52 13.9514202153221
3.53 7.16377912045175
3.54 9.19639558768653
3.55 19.5124854248493
3.56 20.532831261968
3.57 1.7783343636952
3.58 35.8883329598751
3.59 40.7716450650824
3.6 39.7203763931052
3.61 35.5987072958897
3.62 40.679209046316
3.63 11.2040098624576
3.64 19.455851387053
3.65 10.9884104713466
3.66 25.5898694388752
3.67 21.4411292331434
3.68 28.2758990794002
3.69 27.7217389600637
3.7 24.5721633318912
3.71 35.4579078111863
3.72 10.7887259091849
3.73 -4.78292580015129
3.74 46.8316653128799
3.75 22.4080010253176
3.76 6.30198751956472
3.77 45.3712016355013
3.78 8.05689705411239
3.79 32.2850488023642
3.8 30.8616755396362
3.81 31.8846755655796
3.82 24.8286913053709
3.83 16.3289648295832
3.84 6.52952397302709
3.85 36.1088952647593
3.86 33.4368182849757
3.87 20.5185998427045
3.88 35.9021053467352
3.89 22.2098829007452
3.9 24.0728410977205
3.91 17.3757986451262
3.92 21.634634913952
3.93 36.1182608313798
3.94 11.9990359009415
3.95 29.1975600924789
3.96 34.0389784691629
3.97 29.0232947756603
3.98 6.04251776735389
3.99 47.5517687037221
4 30.058966021437
4.01 19.7584850421942
4.02 33.2784759313964
4.03 26.1343271361333
4.04 49.9149597073122
4.05 11.9879538195843
4.06 28.2416254986854
4.07 30.3008805795555
4.08 23.2155609319115
4.09 38.2765305526148
4.1 38.1974630625842
4.11 47.0150547230624
4.12 16.3541303334112
4.13 34.6178750868368
4.14 16.3816662387701
4.15 5.29248416981809
4.16 36.729639705317
4.17 28.2912461392457
4.18 41.0166067714706
4.19 34.8088089421249
4.2 29.8538560186118
4.21 30.7520972153679
4.22 30.011876011166
4.23 14.1950831788476
4.24 18.9970708915486
4.25 31.7149113136626
4.26 27.5641371053274
4.27 39.3181546079346
4.28 27.5657545062855
4.29 34.1083466878829
4.3 15.9367469179603
4.31 26.5514314002464
4.32 31.7612658080342
4.33 24.1114724417769
4.34 26.5129592231319
4.35 9.17406483548011
4.36 3.45135134090004
4.37 33.1100336492827
4.38 31.5067589236444
4.39 21.1173618714597
4.4 20.388203915025
4.41 23.8784912951963
4.42 41.6864009621924
4.43 22.0715432308746
4.44 27.5238173030854
4.45 25.1547242482178
4.46 35.2503931620533
4.47 18.3543675393265
4.48 43.474550257209
4.49 32.0187544124018
4.5 43.0231484414555
4.51 17.7281412969332
4.52 42.5802575412392
4.53 19.4345003665639
4.54 44.5889837555332
4.55 33.1733060466116
4.56 18.7559914080998
4.57 45.3207802796161
4.58 20.1932883865559
4.59 16.6778745705558
4.6 38.5536270855076
4.61 29.3638448303181
4.62 37.200647755982
4.63 27.482201275545
4.64 38.2943764186865
4.65 21.2096471441624
4.66 25.1846520479813
4.67 36.4224312192913
4.68 27.9406642476881
4.69 21.2830775180793
4.7 39.4871891651302
4.71 30.1154138790195
4.72 19.5799602689466
4.73 37.224375572179
4.74 27.5101320543693
4.75 15.3678620179563
4.76 28.7013134494653
4.77 30.1250643808214
4.78 31.4410960022388
4.79 23.3247711057619
4.8 38.9868186948458
4.81 20.4773887758765
4.82 35.7645533545399
4.83 12.6817072591463
4.84 40.0687136757522
4.85 31.211608415095
4.86 49.2374969322272
4.87 36.7038479336026
4.88 37.8054940133115
4.89 40.6332561772443
4.9 9.10299274154553
4.91 5.53657269815774
4.92 40.5835915729884
4.93 17.2944137457169
4.94 18.8152944037619
4.95 42.8651086099845
4.96 45.229812447448
4.97 41.6529802298272
4.98 16.3143966032471
4.99 42.8896632799558
5 32.5095028732345
5.01 17.8431970924358
5.02 34.0508069923823
5.03 17.4694163539959
5.04 34.0161399730534
5.05 24.9008667047294
5.06 35.4023215338077
5.07 26.7865769309618
5.08 41.4929504562548
5.09 23.0910930678886
5.1 21.3903394427822
5.11 27.2858103700896
5.12 44.9097380253678
5.13 26.6424181365984
5.14 30.011885679258
5.15 29.1602321801327
5.16 27.7618430928865
5.17 30.3792856274095
5.18 16.6331367565189
5.19 34.9601372463073
5.2 27.3930194503548
5.21 38.3248805663028
5.22 28.114676957573
5.23 27.4860031138001
5.24 34.1977893238529
5.25 36.2324623307997
5.26 36.5773984032017
5.27 20.3086197124685
5.28 24.8472615861114
5.29 37.721430081661
5.3 39.929977638738
5.31 23.5606461480599
5.32 47.4628132020001
5.33 29.7709994358053
5.34 25.867930443967
5.35 35.0265331043332
5.36 42.65523494595
5.37 32.7121875681513
5.38 37.6248170473529
5.39 7.95523676036208
5.4 6.85757638396685
5.41 10.0841571131233
5.42 15.8153353160199
5.43 29.9768255291012
5.44 27.7249861337088
5.45 31.8033607060321
5.46 38.8267756449652
5.47 33.2100989337034
5.48 16.0680813021173
5.49 16.4343456588721
5.5 40.5294413271449
5.51 45.7326472308502
5.52 39.0552378674672
5.53 25.7517679668572
5.54 31.3793187350933
5.55 24.5221723271057
5.56 32.3786408905277
5.57 30.1999218308217
5.58 38.7662812922378
5.59 20.7378646686074
5.6 28.4400212311
5.61 40.3726376353693
5.62 34.7631952423679
5.63 39.6489012517853
5.64 38.6600452693938
5.65 38.7659099095281
5.66 46.6495782143459
5.67 30.5618194081766
5.68 16.2334978519161
5.69 35.8208836952624
5.7 20.4216326826295
5.71 23.2463236070425
5.72 36.5343384924142
5.73 30.2915573442623
5.74 41.8899862642204
5.75 42.0965830325095
5.76 39.0933101776097
5.77 44.9586805398264
5.78 58.5559079381063
5.79 57.2216930649027
5.8 42.1574648595051
5.81 36.06223744066
5.82 37.0359095539625
5.83 40.3587964050309
5.84 22.2591515584828
5.85 31.6313244931157
5.86 62.3750955431787
5.87 43.7142969841937
5.88 24.9604951257623
5.89 17.4174166157279
5.9 41.7136123911234
5.91 27.6794820235457
5.92 37.6421229687117
5.93 42.1509429747777
5.94 28.1298480937452
5.95 21.8687048628409
5.96 31.5501899736692
5.97 33.4123761168992
5.98 40.931007049073
5.99 47.3874542487686
6 47.3337645523326
6.01 40.8206184411726
6.02 44.137337769037
6.03 44.3911631029887
6.04 29.1870773662905
6.05 27.2307784938522
6.06 35.6499549823819
6.07 24.3878765675902
6.08 12.1260268803184
6.09 38.4478495214455
6.1 33.8846097553558
6.11 39.3154735114181
6.12 28.7422865000698
6.13 22.8977751057228
6.14 50.8719231403244
6.15 36.6439692162444
6.16 33.6513734822075
6.17 28.6119961498683
6.18 47.6568555603263
6.19 40.1678960407354
6.2 44.9938130751988
6.21 26.2227070384764
6.22 29.4887916528532
6.23 39.8784988421826
6.24 35.3617158607891
6.25 39.6776732613966
6.26 54.4144645707819
6.27 33.025392203236
6.28 41.4711977092701
6.29 30.6372129788636
6.3 47.9296144710504
6.31 29.1755232316335
6.32 44.6861776579349
6.33 31.3238535646952
6.34 36.4930095928524
6.35 43.4132532694516
6.36 40.8801546717381
6.37 37.5746174526287
6.38 13.0302555568497
6.39 29.3199076882945
6.4 49.067960981394
6.41 52.0690412001411
6.42 42.673963133947
6.43 58.2115724271717
6.44 40.2750733770601
6.45 48.1784056040086
6.46 31.604502463815
6.47 36.7187980171096
6.48 31.1072464373413
6.49 45.8559553894906
6.5 32.3774098644707
6.51 47.4196947984687
6.52 36.8269765630592
6.53 22.754270485224
6.54 29.3444250328233
6.55 39.2410260249067
6.56 52.2032493217761
6.57 35.4117206121842
6.58 28.9909782130667
6.59 32.1614904155824
6.6 59.5292432599276
6.61 52.494318296299
6.62 44.1027019095111
6.63 51.4359281141744
6.64 17.9304558457635
6.65 46.8393494021729
6.66 31.1697296290517
6.67 37.9355430462888
6.68 39.2736453387615
6.69 49.9244514199474
6.7 27.181449443167
6.71 50.6049356853605
6.72 53.2954365408026
6.73 35.687525414636
6.74 30.1091906734246
6.75 18.097116208943
6.76 32.0639035837969
6.77 33.8733124842808
6.78 41.1068670298282
6.79 38.5141869367159
6.8 43.7011323980325
6.81 40.2705362897854
6.82 46.88307656279
6.83 46.4803420169594
6.84 35.6952637931013
6.85 49.7054160023084
6.86 46.1532827703373
6.87 41.9016692519308
6.88 53.4542096241128
6.89 26.4660979529354
6.9 30.6751181606864
6.91 27.9405625983475
6.92 56.8681411785625
6.93 48.0628209618782
6.94 42.6413073069592
6.95 40.8009711253136
6.96 48.9943178106729
6.97 45.2866581108542
6.98 34.453146123724
6.99 51.4962545513967
7 43.4848676893035
7.01 31.4108436958454
7.02 44.69665209311
7.03 61.5934515476891
7.04 29.6874364921154
7.05 38.4800662063076
7.06 38.5011731865783
7.07 46.0196715159782
7.08 36.7451830483802
7.09 25.9949085294627
7.1 45.449811846393
7.11 53.1246780609231
7.12 39.4503981628478
7.13 44.6041411760538
7.14 36.5129136188003
7.15 38.0523680235063
7.16 27.9226133284022
7.17 39.7897538903489
7.18 41.6459520605023
7.19 28.7223002693048
7.2 35.3594411876581
7.21 44.2476004390047
7.22 53.2077754750038
7.23 43.888207661758
7.24 30.5157125830273
7.25 42.6153645526567
7.26 19.7665922560723
7.27 49.0690614648424
7.28 28.2640183329842
7.29 26.5010580623166
7.3 44.9092240364999
7.31 22.5604438134737
7.32 26.3498984273845
7.33 31.1324397004577
7.34 28.8449303666296
7.35 42.7391384634436
7.36 40.0210601935619
7.37 54.4964201853709
7.38 43.8459802180545
7.39 41.3507191421988
7.4 38.1056831819474
7.41 33.5579878132654
7.42 52.3737105824365
7.43 28.7367565534222
7.44 50.1152260165611
7.45 34.5806709120104
7.46 33.6732144443344
7.47 51.2628063882307
7.48 42.3637759885336
7.49 39.4598136207649
7.5 47.9168885740948
7.51 29.1378114935053
7.52 30.0613063060025
7.53 44.396596140129
7.54 43.2435909493433
7.55 39.2183592301062
7.56 51.8010283422032
7.57 28.1204321564709
7.58 48.0627877520699
7.59 39.5417136373362
7.6 40.159906641113
7.61 57.6926443145317
7.62 43.6677118526185
7.63 25.385119656258
7.64 47.7234344205645
7.65 52.4516642254807
7.66 37.0916307901562
7.67 49.7173982961362
7.68 53.2325587432745
7.69 40.5575951468374
7.7 34.4368914058085
7.71 35.6363725716205
7.72 26.4467602115889
7.73 37.8490073161791
7.74 46.7995375673914
7.75 34.7419631217637
7.76 45.8517442141681
7.77 32.9413630984639
7.78 43.5658059339344
7.79 51.123690718461
7.8 71.1127915684102
7.81 38.0433407770568
7.82 47.7014526510421
7.83 38.1935513674276
7.84 51.2163624197179
7.85 40.8694291662212
7.86 21.5079720511984
7.87 36.9972664678578
7.88 35.1477263640916
7.89 43.7128859288395
7.9 49.641099543163
7.91 35.331567930495
7.92 44.6250051597269
7.93 27.7942480798107
7.94 28.4737959827639
7.95 33.678102958047
7.96 35.7478944628087
7.97 31.9402297207423
7.98 47.1276202333262
7.99 39.853706350785
8 34.0427690176128
8.01 30.3758349576627
8.02 41.0817977452475
8.03 37.4234717180445
8.04 43.5233789165723
8.05 44.4809455694663
8.06 60.5888124113615
8.07 60.5430002413415
8.08 47.2670778589733
8.09 39.1100861896651
8.1 48.8032210644875
8.11 63.412866718666
8.12 38.2417191816129
8.13 52.7082017471044
8.14 55.1223734752732
8.15 46.6851136579228
8.16 34.9923876047148
8.17 43.3571063643396
8.18 48.3923655374669
8.19 36.4700264769469
8.2 48.0253280544694
8.21 40.7869824917476
8.22 72.3522384070058
8.23 42.0787999339001
8.24 40.7460977066916
8.25 68.2853361110035
8.26 42.7624967255373
8.27 36.0798671017078
8.28 49.4697397489929
8.29 41.4271665891908
8.3 42.6780033607224
8.31 64.1457939923394
8.32 52.2429315433303
8.33 54.6313943605649
8.34 40.5680460874358
8.35 37.9477159688972
8.36 40.7192624757693
8.37 41.2618767459199
8.38 41.7547626275577
8.39 32.107623598088
8.4 41.4305149729046
8.41 31.5970367997714
8.42 60.0322462991618
8.43 49.613120514128
8.44 49.7837123709781
8.45 35.0266554288874
8.46 59.5054604874446
8.47 42.4376461053361
8.48 45.7829038528072
8.49 59.6513763593909
8.5 46.9289460518208
8.51 33.2566931049826
8.52 44.4320414154343
8.53 66.2214652090632
8.54 47.7724457062972
8.55 58.4262950797676
8.56 39.0747156246437
8.57 32.7541496186335
8.58 58.1754521863637
8.59 53.334142324937
8.6 55.7093168630135
8.61 49.8039544308657
8.62 48.652954716544
8.63 54.6872430989254
8.64 41.5613120103255
8.65 24.3948903148517
8.66 49.8838006729675
8.67 56.8999962457777
8.68 45.1016790864678
8.69 44.7151507786242
8.7 58.2232022002612
8.71 54.0048658407182
8.72 46.8399641673364
8.73 60.4989371716313
8.74 40.5656839917177
8.75 44.7574282514292
8.76 46.0568422560503
8.77 53.4106482267675
8.78 41.5572943996899
8.79 71.9302578266411
8.8 45.7654454530389
8.81 47.3880548196551
8.82 43.2715389378702
8.83 62.3679965216952
8.84 53.4122657861279
8.85 54.5455292864806
8.86 51.4372597657082
8.87 44.6741585790558
8.88 60.6767341245988
8.89 46.070216807978
8.9 39.6467429800958
8.91 38.2341141899426
8.92 36.2495818489799
8.93 57.1854454039279
8.94 56.1807503329478
8.95 54.4596559267454
8.96 41.6429487873976
8.97 72.831204281919
8.98 45.2939122234053
8.99 58.6391006094645
9 56.7956971391246
9.01 40.0747714477342
9.02 51.8380659719079
9.03 53.2815964476964
9.04 55.6141807705001
9.05 50.9944056881851
9.06 45.2433464058269
9.07 40.0356316876128
9.08 49.9553701521472
9.09 68.7252487516778
9.1 59.6532037852147
9.11 39.5438231879136
9.12 63.3913499105669
9.13 54.9090955324209
9.14 56.6281236422141
9.15 38.7252215373052
9.16 52.7454681544614
9.17 51.5743421692061
9.18 54.3996399568168
9.19 60.6007730875973
9.2 37.21341678461
9.21 36.8235042546155
9.22 61.6020536190359
9.23 57.6853927118693
9.24 39.1483430077821
9.25 57.1152978985461
9.26 50.491666471862
9.27 44.5354857842418
9.28 56.2112321670505
9.29 51.3735672401841
9.3 59.9515391191563
9.31 64.2569664071973
9.32 48.8015822328526
9.33 58.1405767761612
9.34 37.7842177768262
9.35 56.6344700869084
9.36 46.7025453786251
9.37 57.4373540117892
9.38 64.9814310369708
9.39 48.9630175271098
9.4 51.7384252707613
9.41 51.4781665921482
9.42 49.9516741186636
9.43 47.9705587589607
9.44 43.129516566753
9.45 49.3645746638158
9.46 55.4815648181009
9.47 65.9064897462882
9.48 57.0404818148166
9.49 54.6857445976791
9.5 57.4594105710647
9.51 60.5084881633102
9.52 37.2307431871407
9.53 44.8168194817226
9.54 50.4217007261069
9.55 40.164944650363
9.56 24.9224574093436
9.57 61.3797622543057
9.58 37.2711763354532
9.59 69.0570693129795
9.6 53.7831389479637
9.61 45.4852116986911
9.62 39.6873874426433
9.63 42.0423562684247
9.64 50.5570215715533
9.65 45.6376124800185
9.66 61.3258861657871
9.67 44.092810628216
9.68 61.7822177471008
9.69 68.9162408447895
9.7 52.6157045191345
9.71 32.3505744003794
9.72 45.0587770394537
9.73 48.689506899811
9.74 52.863901248842
9.75 68.0837931136796
9.76 41.5943888347064
9.77 74.5821698588604
9.78 52.2463429215634
9.79 45.5949739396369
9.8 54.0251763250011
9.81 62.3009609715843
9.82 50.0334448840089
9.83 42.4357985740896
9.84 41.5679708962501
9.85 49.6609494581581
9.86 80.1179576371655
9.87 62.3928758608678
9.88 71.3824870497636
9.89 71.5684198415252
9.9 45.6343358882264
9.91 51.8170339310202
9.92 67.8371670542756
9.93 45.7446188909551
9.94 60.1611783939151
9.95 48.1611006088583
9.96 55.3184442454362
9.97 57.233207074746
9.98 58.6013984096538
9.99 54.3966481065685
10 43.6741584138321
