0.01 4.07351311958302
0.02 5.08748002267441
0.03 8.91002260767475
0.04 -5.39375404155335
0.05 -11.2847435433951
0.06 13.809642573708
0.07 15.0141704443497
0.08 11.9180236208346
0.09 29.7514499703932
0.1 8.60884358877809
0.11 20.063184750397
0.12 16.0249788242335
0.13 22.1973471360045
0.14 17.394781373497
0.15 24.2775936737267
0.16 7.73810584259716
0.17 -14.4385378606612
0.18 13.0057936616869
0.19 -11.6765853968833
0.2 26.2366014524441
0.21 11.9307110231836
0.22 0.645961487832809
0.23 3.0400878306719
0.24 14.6695783819385
0.25 2.38292277388189
0.26 14.6045749819711
0.27 21.4645787497821
0.28 -7.53161313193233
0.29 11.7531083838844
0.3 11.2087261890012
0.31 11.0024560411526
0.32 14.6591946759098
0.33 -8.67363241255022
0.34 1.70026315993421
0.35 -2.58805623471113
0.36 -3.36072437022565
0.37 10.4117487540318
0.38 -4.50028640398941
0.39 7.56476725971434
0.4 2.45148305066944
0.41 18.5439022414127
0.42 -2.06623794968461
0.43 8.60248431581742
0.44 0.180023744515875
0.45 -0.0288291321804688
0.46 -2.28401801172272
0.47 1.73798618763515
0.48 13.9381466136913
0.49 20.3612755278124
0.5 2.99267886757191
0.51 0.392565680334414
0.52 1.1411968920293
0.53 2.48534469897996
0.54 16.2404240197093
0.55 2.70163144972923
0.56 4.50921534401964
0.57 10.6195800142389
0.58 14.7039850664259
0.59 7.8220297268586
0.6 -2.36074544396622
0.61 8.75785857006797
0.62 11.0248353703959
0.63 22.8384157287507
0.64 -15.4675999466437
0.65 30.5168817044999
0.66 9.35034181358561
0.67 17.0506989789324
0.68 18.7804766327603
0.69 13.1065216047938
0.7 19.4416724286317
0.71 15.3397148061146
0.72 -6.76844870375239
0.73 14.8264015481613
0.74 -8.6635887268695
0.75 4.95022431904073
0.76 13.7616695373194
0.77 0.304587705509684
0.78 6.0589998756681
0.79 8.10149571144671
0.8 15.820923043281
0.81 -1.35204998372896
0.82 4.58953140029316
0.83 8.11572781454633
0.84 18.482299464283
0.85 -13.2502120864615
0.86 6.30032483156573
0.87 16.2602020012742
0.88 -6.63798716526979
0.89 7.46562032708942
0.9 6.73086055196817
0.91 38.8701031924064
0.92 14.8571782979113
0.93 11.9125250661963
0.94 25.6172214177763
0.95 11.2820995110362
0.96 18.1109041300938
0.97 12.7660686518593
0.98 11.1778506611618
0.99 3.69466250610504
1 -1.01458106089606
1.01 1.22611337389167
1.02 8.16527753674673
1.03 16.7987519267339
1.04 5.52649433755422
1.05 16.0379972378952
1.06 40.3865003216494
1.07 -0.501915824458944
1.08 16.8230643049207
1.09 5.62927785504083
1.1 -4.46442785503631
1.11 2.09068781163277
1.12 22.3499420291873
1.13 23.0168397655187
1.14 35.0562922796103
1.15 6.66843255334583
1.16 18.7712126727769
1.17 1.39094406611292
1.18 16.0898943061646
1.19 2.95028758523337
1.2 18.0435237482334
1.21 23.7475188368373
1.22 22.1386862768255
1.23 -1.92180483157303
1.24 -10.6255476717937
1.25 14.2687776604981
1.26 35.0146038453467
1.27 9.66353826626199
1.28 -7.72231833905318
1.29 12.1095223513134
1.3 16.8026137511086
1.31 -1.74641660342059
1.32 25.5415245252246
1.33 -1.38784421504166
1.34 1.84680859970001
1.35 -3.61382005904127
1.36 7.39030599826465
1.37 -13.8040133823604
1.38 16.8979118243603
1.39 11.8267098998151
1.4 9.1735258594532
1.41 16.1687529599138
1.42 3.05856058446392
1.43 6.09865224939997
1.44 27.9866744133223
1.45 16.3805347562077
1.46 26.302916920748
1.47 12.4870291906536
1.48 14.1241209337255
1.49 7.70491916366009
1.5 5.1027573014683
1.51 10.4378286574601
1.52 10.1727390397274
1.53 23.8673930584041
1.54 -7.29419088110961
1.55 17.927011235874
1.56 40.7731720163814
1.57 32.2931060821445
1.58 19.2921586679155
1.59 26.5758073287368
1.6 24.4633248108935
1.61 9.62742177747474
1.62 12.7387902066415
1.63 23.8565359848491
1.64 26.3872878151363
1.65 20.3313984541837
1.66 17.1504733664972
1.67 1.42934491738165
1.68 5.07271187242071
1.69 15.9044874700947
1.7 19.1105610866786
1.71 25.633407790018
1.72 11.8947456734056
1.73 31.8436659920243
1.74 4.00766670844259
1.75 23.8086142294265
1.76 31.149712435749
1.77 18.6277473131794
1.78 -5.17399039442593
1.79 14.8068415979215
1.8 17.1924879811877
1.81 -5.65341183815797
1.82 19.9899839656899
1.83 14.5948584483917
1.84 4.4969989734131
1.85 17.3571203674524
1.86 23.7512636510886
1.87 15.8393345767727
1.88 12.648340115085
1.89 8.69271158056532
1.9 15.4374036175119
1.91 20.395188636557
1.92 33.6114210511617
1.93 18.6129523101315
1.94 13.9530640491052
1.95 22.3815015090987
1.96 19.0927212921954
1.97 22.7519769473353
1.98 14.7902237275762
1.99 15.7309643146244
2 17.4807857014627
2.01 24.210428976761
2.02 22.7807256542283
2.03 7.4931625416154
2.04 1.79266219694403
2.05 9.73924395757392
2.06 26.9688845461474
2.07 15.4461960878911
2.08 23.1080707070696
2.09 25.5457122153555
2.1 14.4569118278817
2.11 -10.544064280028
2.12 4.39734249429656
2.13 33.2706039363599
2.14 7.01457777201403
2.15 3.77459762188594
2.16 23.967191305928
2.17 17.6934952986752
2.18 29.8070460103356
2.19 13.1408422078563
2.2 23.8657484821437
2.21 -2.86689114633808
2.22 7.8016433093573
2.23 10.2926974336214
2.24 22.1587085204345
2.25 27.0637186517181
2.26 20.8220709386823
2.27 15.4803239803064
2.28 6.30336801147141
2.29 18.9625222000037
2.3 3.35688813686285
2.31 12.9305321919681
2.32 20.0453772805771
2.33 16.7695521300116
2.34 11.2392789031633
2.35 19.4290845116486
2.36 37.4077575903016
2.37 25.6772555167005
2.38 19.0125664096601
2.39 7.29983641255148
2.4 20.4166602470768
2.41 29.4422625047219
2.42 30.7321790237264
2.43 1.87293344344815
2.44 14.9624710690652
2.45 27.3539826925823
2.46 20.1489524064331
2.47 7.42548711179147
2.48 21.5317353329978
2.49 -0.780806406535426
2.5 20.6751983201683
2.51 6.54867230338706
2.52 16.2833694685764
2.53 25.1773081256534
2.54 10.1644683410264
2.55 21.1337434488371
2.56 14.5150633163771
2.57 29.1339115597751
2.58 23.8273163630971
2.59 15.7909310599119
2.6 7.39543809030423
2.61 24.4370678553139
2.62 7.56715705827643
2.63 32.5995161743549
2.64 2.66562881025508
2.65 10.4670167814711
2.66 34.29442720381
2.67 22.533220424001
2.68 10.6108220102314
2.69 19.9676948276123
2.7 7.09155649972623
2.71 21.815654857993
2.72 14.0704820656461
2.73 12.800510444171
2.74 19.5598411322796
2.75 10.63167817795
2.76 7.20627721200655
2.77 17.856367657975
2.78 16.2325092058007
2.79 20.6929279656143
2.8 15.8729509316452
2.81 16.830142756556
2.82 13.9505942346198
2.83 31.587222655944
2.84 7.17943354254105
2.85 9.49631829795935
2.86 40.4288383692113
2.87 10.4507025510099
2.88 16.5493761510586
2.89 19.7051444340596
2.9 21.8761762964597
2.91 22.3333813086452
2.92 35.0729311158354
2.93 22.5242921185733
2.94 16.1109136314117
2.95 27.2792707242319
2.96 26.7406674027943
2.97 21.3930222886184
2.98 42.9049816623181
2.99 11.1456884731027
3 7.29462618723317
3.01 42.1336337776562
3.02 7.58467308698278
3.03 32.8216851032121
3.04 10.8217824217437
3.05 16.2807583195988
3.06 29.3915927983379
3.07 14.0845498630669
3.08 34.1282522609309
3.09 22.6781234998497
3.1 16.8520146546744
3.11 12.2851771990206
3.12 1.04050161312993
3.13 17.6005492759346
3.14 24.1033094210448
3.15 30.7871088876174
3.16 12.467918713551
3.17 34.2789900189196
3.18 27.4531288820626
3.19 15.8222747003606
3.2 15.1903020226009
3.21 13.8552699020105
3.22 13.4895117691604
3.23 19.0243619750138
3.24 -1.85456415187127
3.25 21.3930147811766
3.26 37.9894038459292
3.27 5.11249167089781
3.28 18.0502569847681
3.29 38.2769991422205
3.3 12.995306541806
3.31 28.8656128342151
3.32 17.1235487070915
3.33 16.0539383521749
3.34 28.8767964127709
3.35 26.4705386848234
3.36 22.8261998958358
3.37 19.5637687645281
3.38 22.4124064386935
3.39 23.8330186447679
3.4 23.8979239071954
3.41 17.394155243827
3.42 19.6613896880693
3.43 7.02237931037449
3.44 25.9273868937107
3.45 31.3553374166833
3.46 17.1669079575792
3.47 15.8872534938521
3.48 30.7802704863794
3.49 25.0356276281031
3.5 4.15120932521639
3.51 29.71173195707
3.52 17.9665410520952
3.53 12.0229893498705
3.54 26.1814947210836
3.55 23.7363840665389
3.56 29.5377675854511
3.57 17.2415833336818
3.58 31.2511444189272
3.59 23.4120725501407
3.6 33.4951381535915
3.61 29.3528428801451
3.62 34.0642952524833
3.63 8.88069536849856
3.64 13.4901452050972
3.65 34.8141194263933
3.66 15.2113371998446
3.67 29.4092957695011
3.68 11.5492007054168
3.69 32.1151142459451
3.7 13.3209535123225
3.71 23.3079877200776
3.72 12.8349734177296
3.73 26.9304469305656
3.74 8.45572870431347
3.75 8.71129304015934
3.76 31.2129073957957
3.77 6.34943941633477
3.78 38.1582734567827
3.79 32.3186086688456
3.8 42.5001228537205
3.81 34.5261157144747
3.82 39.3149584054187
3.83 37.0490869224914
3.84 20.5197099499264
3.85 25.0909427491648
3.86 25.4482989469699
3.87 20.9357989195779
3.88 40.1446489836624
3.89 20.9384743565155
3.9 15.7104859684407
3.91 38.8701042572053
3.92 25.802281615568
3.93 42.6457366940679
3.94 25.312143340247
3.95 29.9791636763891
3.96 25.5620326515506
3.97 6.48559391849652
3.98 33.785761712477
3.99 28.6901870888255
4 23.2621451387074
4.01 26.8373196876634
4.02 20.6557559943034
4.03 21.1495568294004
4.04 9.24101205878192
4.05 12.2924733273254
4.06 19.4523079925719
4.07 38.5154212058505
4.08 17.0045308893714
4.09 11.9915567077824
4.1 7.00994940720412
4.11 20.4757720386345
4.12 21.624965762525
4.13 34.6361727884878
4.14 51.7521777229057
4.15 42.8146230509737
4.16 14.8168909348964
4.17 30.4060011184486
4.18 38.9147398008021
4.19 13.0482314305137
4.2 39.8493943154204
4.21 30.0628675144531
4.22 7.14007841000674
4.23 23.2466307555129
4.24 32.2538531140863
4.25 54.9081833683046
4.26 21.2462096821586
4.27 38.4783290925644
4.28 40.5628961316389
4.29 23.145474244629
4.3 20.610989032639
4.31 14.9661690198903
4.32 32.8217233731759
4.33 20.0577495639794
4.34 31.4786455153511
4.35 20.437894526532
4.36 9.36051311918107
4.37 44.4474853922093
4.38 18.6517503996196
4.39 33.0903963386733
4.4 33.4132548850595
4.41 27.7050223535119
4.42 17.247653152064
4.43 16.1107551737971
4.44 30.1641414377987
4.45 17.7294626289161
4.46 18.9161972410473
4.47 22.9996970772021
4.48 21.785413396884
4.49 20.4650314929467
4.5 13.3884876098512
4.51 35.8639333207569
4.52 21.8755420311433
4.53 11.7391443219863
4.54 41.9282997064782
4.55 18.0029250124857
4.56 31.2873163100634
4.57 35.1572654621952
4.58 37.1076030589565
4.59 16.2563735232653
4.6 35.2689343131867
4.61 25.476205506046
4.62 31.0811209418201
4.63 42.3514105544081
4.64 35.9603055020432
4.65 18.6670179427294
4.66 33.6662691625396
4.67 27.0867731267595
4.68 36.0546831474532
4.69 31.9546459830343
4.7 21.7102705104733
4.71 18.3216549279299
4.72 26.1714387980609
4.73 31.3828225336178
4.74 8.80006938379309
4.75 31.4023741355366
4.76 17.424462862238
4.77 20.1939612702919
4.78 26.8076662709407
4.79 18.1524863958096
4.8 33.3801062633969
4.81 30.3571018719082
4.82 29.9396652668832
4.83 20.1499540195961
4.84 16.8611680236789
4.85 42.1962564565743
4.86 32.1838561077843
4.87 19.7335470085639
4.88 48.3924731369043
4.89 14.2882594848868
4.9 27.9289651057731
4.91 35.6645214403803
4.92 22.3957654155222
4.93 24.4666813669442
4.94 52.4595269454057
4.95 38.7932219389886
4.96 34.6442561954055
4.97 16.7304614526748
4.98 34.0316912812931
4.99 15.7427496651627
5 31.4892382561271
5.01 20.0957893571023
5.02 35.1219242852086
5.03 13.8745229572794
5.04 34.7864916925688
5.05 39.658802627296
5.06 23.4826059296164
5.07 30.3977554900489
5.08 19.2263775445375
5.09 41.3476954356901
5.1 41.0986787967566
5.11 27.2965243058828
5.12 32.2193360111847
5.13 29.6300094759837
5.14 18.276727623919
5.15 26.8939136442431
5.16 42.9862221839541
5.17 32.4516113064984
5.18 41.05172248951
5.19 32.3083672215728
5.2 21.34968610072
5.21 24.1104636535529
5.22 62.1317478667485
5.23 25.7013378680687
5.24 48.8494768027049
5.25 37.4504825504615
5.26 24.6363974964377
5.27 28.2706158328185
5.28 25.0277288130171
5.29 36.8153265500742
5.3 42.1210868395155
5.31 39.6963393195625
5.32 43.7255944721605
5.33 11.1543816308571
5.34 49.692711898097
5.35 33.8601429806761
5.36 12.6378440629421
5.37 35.5676125793211
5.38 4.39553288485024
5.39 34.7188415687849
5.4 38.6278145569321
5.41 31.1903667620973
5.42 27.180412584059
5.43 38.0828704833488
5.44 24.6582053611481
5.45 42.3031392391716
5.46 47.0662142204893
5.47 23.178533667107
5.48 40.888173687863
5.49 14.7394223724272
5.5 29.8625374016953
5.51 39.5172560958087
5.52 42.2679035904662
5.53 28.3756037068686
5.54 27.6025863285103
5.55 20.8995851762337
5.56 36.155372670974
5.57 19.5408751594248
5.58 24.7919021608094
5.59 52.720272059668
5.6 26.927825333217
5.61 19.1873607190615
5.62 43.4304707582331
5.63 19.6150442297338
5.64 45.7335638899649
5.65 26.1794822240036
5.66 51.0045584858288
5.67 29.9759526623709
5.68 57.0207812891999
5.69 38.96811795506
5.7 31.1425294690383
5.71 17.0221285871768
5.72 27.398394469891
5.73 32.3830442267561
5.74 41.2693283961342
5.75 30.0901381814644
5.76 23.7991010012639
5.77 33.3429067591218
5.78 20.1600229157044
5.79 30.7459493254938
5.8 26.0417950212366
5.81 28.3371820462948
5.82 30.4010873466337
5.83 50.6717611595358
5.84 30.9018929086691
5.85 25.3957565071925
5.86 24.8296922598635
5.87 37.0775249970834
5.88 36.2301946858928
5.89 40.5739614933751
5.9 43.8299903245322
5.91 47.2900319635488
5.92 49.0005452549611
5.93 20.9453918136779
5.94 53.738106936385
5.95 38.178753566198
5.96 31.2626414321007
5.97 33.72329230338
5.98 47.0627556521021
5.99 41.3920866081117
6 37.3458707413683
6.01 29.4021211389264
6.02 41.0256440462807
6.03 35.1909760256781
6.04 21.4031581010613
6.05 48.8099240987985
6.06 29.3488999038398
6.07 35.5308895938477
6.08 13.3644011604671
6.09 48.6987632662124
6.1 31.4998772632019
6.11 33.9593018290147
6.12 32.6969098893195
6.13 45.4373389907192
6.14 33.1836500005546
6.15 53.186912709247
6.16 41.7714625533145
6.17 43.5636124527389
6.18 47.200728474372
6.19 29.3790851405207
6.2 44.0447792238154
6.21 54.3627401277699
6.22 17.7423199553282
6.23 41.797619955443
6.24 40.4859177298701
6.25 52.826199358097
6.26 26.9383069693193
6.27 33.5975993772798
6.28 39.6641681794974
6.29 17.6867875610289
6.3 28.4543968379939
6.31 36.6588816610782
6.32 27.6767650945212
6.33 30.3372366204264
6.34 30.5262343262469
6.35 41.4940712035027
6.36 31.6385973052453
6.37 38.5923735781223
6.38 26.5516989581124
6.39 37.5193051703009
6.4 35.3358688060711
6.41 34.2826403564889
6.42 45.9633342906049
6.43 15.4028882654905
6.44 55.7136324848094
6.45 38.8931394750134
6.46 29.2627559383787
6.47 39.7728312126524
6.48 21.2857658915749
6.49 47.20715100448
6.5 32.5693254834248
6.51 27.8501894592227
6.52 59.0283595721897
6.53 37.3351106692566
6.54 47.1742231719965
6.55 46.8263189607479
6.56 48.2618473157141
6.57 48.6275132095568
6.58 33.5588603334802
6.59 35.482280696514
6.6 51.4644789152168
6.61 36.7420480015474
6.62 47.1344056335891
6.63 29.8045444225244
6.64 24.709593566529
6.65 27.8094001895087
6.66 48.0859650968539
6.67 35.1170482978436
6.68 25.0280616192189
6.69 43.0187724892199
6.7 35.1555937329177
6.71 43.7422056238977
6.72 36.1582512744689
6.73 30.8642672801971
6.74 41.090637422441
6.75 21.035665135803
6.76 28.7334136651968
6.77 47.9150893210498
6.78 30.5063254651585
6.79 36.0424408483814
6.8 22.9762071241386
6.81 55.3513426678856
6.82 44.738806988574
6.83 45.7630543534894
6.84 46.8779249902292
6.85 26.1497074524995
6.86 41.782441172535
6.87 45.9839152587197
6.88 31.0828682425303
6.89 48.6043721257206
6.9 53.3769420350656
6.91 31.1074970843354
6.92 46.1250899579629
6.93 55.4948971335113
6.94 41.3826482500364
6.95 52.7728597077281
6.96 48.3691396063651
6.97 31.7006364430922
6.98 37.047539343571
6.99 44.2988584295423
7 39.6360778582039
7.01 59.6091004946869
7.02 32.3836297266085
7.03 60.1932526391735
7.04 34.6383280010922
7.05 47.3576593160373
7.06 37.3256417366974
7.07 35.6511807110386
7.08 25.216747789364
7.09 35.1048875552907
7.1 41.5742255152587
7.11 30.3249494732908
7.12 50.2115456321978
7.13 36.3949778818168
7.14 50.2347594373032
7.15 21.5920539315813
7.16 54.2458948430819
7.17 25.0851319292575
7.18 32.2486883046123
7.19 22.2415434348767
7.2 54.540048156882
7.21 39.4733814883154
7.22 47.8202671281819
7.23 39.5020612755461
7.24 34.2693581944324
7.25 27.6570061950431
7.26 63.0275014227441
7.27 56.6586706881574
7.28 37.2934706025274
7.29 35.5746645854689
7.3 36.6309341010446
7.31 42.1337153055318
7.32 38.7504307660986
7.33 55.4590587017772
7.34 42.5275668968752
7.35 39.4483583951172
7.36 28.2063039023931
7.37 46.928187855097
7.38 57.0063350305198
7.39 35.0768645805829
7.4 34.8721081138173
7.41 38.5365337966211
7.42 43.3387711749451
7.43 52.3660578638809
7.44 28.3154164526591
7.45 48.2173534812756
7.46 37.5753161411291
7.47 54.1129861913779
7.48 36.5214371021303
7.49 32.9282005093503
7.5 48.6956523302262
7.51 35.7380539997586
7.52 55.4165478887152
7.53 59.7878590734607
7.54 45.5540232367949
7.55 30.3145915924853
7.56 29.7226785437149
7.57 50.1500541074456
7.58 51.6059546134462
7.59 35.0887309474106
7.6 48.1069543130438
7.61 43.0579856755537
7.62 52.7427897427131
7.63 38.3039751587376
7.64 43.8902526341586
7.65 40.0377210338703
7.66 39.5979776010329
7.67 28.2630770966518
7.68 44.190417018684
7.69 44.7882452583403
7.7 48.3307001811556
7.71 33.8420394096494
7.72 33.9267362063254
7.73 56.4891815991686
7.74 56.2440496836573
7.75 40.6806408297744
7.76 55.0722498427462
7.77 55.6960106372116
7.78 37.7185423141809
7.79 40.2395291735328
7.8 42.3237797107837
7.81 27.6833450846974
7.82 54.5484327249198
7.83 35.2763532053368
7.84 35.6032481057508
7.85 32.4245357551395
7.86 57.6785476073629
7.87 55.7413260859725
7.88 27.1056563983788
7.89 41.540894369483
7.9 43.7812639613536
7.91 31.0991238785351
7.92 42.6209986703534
7.93 45.3999407213615
7.94 50.9381568820124
7.95 60.1185309080909
7.96 63.7796175346273
7.97 50.8615602149374
7.98 39.5221003562395
7.99 60.3892927360881
8 27.802720175512
8.01 53.9632829046785
8.02 56.6837956667493
8.03 42.4813836351991
8.04 60.23817414372
8.05 61.0815933954034
8.06 36.814494619281
8.07 31.1669977836822
8.08 34.7550361929101
8.09 52.7474917620315
8.1 45.4925914758535
8.11 60.0291543783326
8.12 57.9111386533396
8.13 45.6187008440719
8.14 59.2186825201985
8.15 60.2979216881117
8.16 52.8353015863047
8.17 38.1746325829204
8.18 46.9961438208913
8.19 59.6116821047757
8.2 23.421957886567
8.21 77.9660109241098
8.22 62.3500739084014
8.23 46.4530344094035
8.24 57.8964856029125
8.25 36.6963845427677
8.26 46.0284700976805
8.27 33.1621799685563
8.28 30.4881166327169
8.29 40.0518783985979
8.3 49.8984643159272
8.31 63.2229080331776
8.32 51.6580868478891
8.33 59.5824689926654
8.34 42.3295487260144
8.35 52.5316075985819
8.36 51.5993295128446
8.37 50.473061857245
8.38 54.3587349153443
8.39 47.7660186239546
8.4 40.9672073654621
8.41 47.2120051434146
8.42 53.0737720653128
8.43 40.035356224254
8.44 54.551756718187
8.45 59.5502723117888
8.46 52.7971106534876
8.47 34.4801991042768
8.48 48.7292844743359
8.49 58.3926661234945
8.5 41.6547484774294
8.51 50.2920765792798
8.52 51.9794099553467
8.53 39.1389585597351
8.54 44.9482495637965
8.55 50.8884515450827
8.56 43.4706537281469
8.57 40.87036331413
8.58 49.2260509083254
8.59 60.0557102742191
8.6 37.7946251891993
8.61 39.2255464194348
8.62 53.3757392302876
8.63 55.2387049137008
8.64 66.4197398682743
8.65 62.7499227840351
8.66 52.8386272165729
8.67 39.8399884993485
8.68 49.5722739995772
8.69 47.6245459545262
8.7 63.8006858524615
8.71 42.9071108443384
8.72 50.0450911726928
8.73 36.2596202162545
8.74 30.109684645018
8.75 57.1482115479905
8.76 34.1782265203274
8.77 42.2449968554835
8.78 39.324707107547
8.79 33.285627128182
8.8 32.676413908176
8.81 48.3466428448171
8.82 44.2573498517478
8.83 49.2144042305128
8.84 29.9514846180374
8.85 33.5027624500944
8.86 49.0896866012734
8.87 56.4991294243826
8.88 49.3802562206818
8.89 43.6457072946755
8.9 52.6941017652484
8.91 58.6555594998359
8.92 46.8398978980361
8.93 39.2408340484334
8.94 45.407497611592
8.95 42.2127947596207
8.96 52.5771364971393
8.97 51.1999474006412
8.98 52.6274954036045
8.99 60.6721847521396
9 41.1554409221607
9.01 42.5585669388803
9.02 47.540787878176
9.03 48.1048006112238
9.04 51.07302432711
9.05 58.5864525796318
9.06 74.3671616472279
9.07 50.4953435745194
9.08 55.8611362040675
9.09 58.4477626081937
9.1 53.4403245055105
9.11 38.655494954558
9.12 50.4789987998056
9.13 42.7196182227059
9.14 46.651900702197
9.15 56.4310325171284
9.16 48.5274750873648
9.17 61.3693979717878
9.18 32.4800702179379
9.19 53.0587168115501
9.2 36.1156871574827
9.21 56.6717977153475
9.22 37.9859250957732
9.23 30.3936115837662
9.24 51.4142800245723
9.25 49.2447028679378
9.26 59.0447344602774
9.27 53.5455559414275
9.28 62.483713147061
9.29 51.5705915476118
9.3 45.7866134113219
9.31 61.835385379546
9.32 66.1097373532303
9.33 56.8101436187988
9.34 40.3350728788041
9.35 39.9550910599433
9.36 36.91223221968
9.37 62.5383297160585
9.38 68.9020249143269
9.39 35.4849502826602
9.4 56.2690997598502
9.41 50.0650004593098
9.42 40.5525932594225
9.43 62.9325536889921
9.44 38.106373449925
9.45 35.2784186534618
9.46 42.5850203825408
9.47 65.3025337920869
9.48 37.4402945457183
9.49 70.1858382425842
9.5 43.4739290856417
9.51 45.7254158341333
9.52 46.3863054031072
9.53 37.4796271801541
9.54 64.5911746337797
9.55 47.0169530009311
9.56 37.3010054061996
9.57 41.9437745990654
9.58 40.5539460899146
9.59 34.7058848007203
9.6 53.7508666256831
9.61 49.6493560728572
9.62 63.3721900068581
9.63 66.1617921390839
9.64 59.9837262348749
9.65 51.1550381180521
9.66 52.3230781943802
9.67 58.7202062644013
9.68 71.6977153480167
9.69 51.9631002382029
9.7 62.762365277076
9.71 59.6486602468423
9.72 50.2325368729713
9.73 53.2471024509753
9.74 73.4515344006306
9.75 40.0436348246246
9.76 63.56363963641
9.77 36.3227798031512
9.78 53.5775735329738
9.79 43.0980716171765
9.8 61.881051362146
9.81 59.3534724244037
9.82 58.8458400061934
9.83 61.7830938425992
9.84 71.1922332640524
9.85 53.6779398226687
9.86 51.021333941757
9.87 52.1342693476173
9.88 58.314885098017
9.89 58.0046576061962
9.9 58.7548525885178
9.91 53.5940219542418
9.92 77.0864912868319
9.93 54.9775695661172
9.94 42.1092114580022
9.95 55.7916753587382
9.96 54.2250627873416
9.97 35.042247833741
9.98 41.0046817144616
9.99 66.4279269972074
10 65.0029870746051
