0.01 0.991154547529079
0.02 -9.94946398628794
0.03 -9.06571737599944
0.04 15.3018003363032
0.05 6.55131945874258
0.06 -17.3888039448056
0.07 22.4579358939552
0.08 7.50334710722715
0.09 -2.51452910700321
0.1 19.2840628015627
0.11 1.61161768189615
0.12 13.339418934165
0.13 10.7308784390273
0.14 18.4675606925383
0.15 14.0062141098656
0.16 10.6205692085843
0.17 15.3889459534317
0.18 7.20474821904163
0.19 12.5752288039586
0.2 -3.96057060955271
0.21 16.8846325417064
0.22 4.2652787389073
0.23 11.4480722435356
0.24 22.768795769881
0.25 -8.62028197101738
0.26 17.1783555462818
0.27 3.89498904766508
0.28 12.4034161301892
0.29 -10.28985562561
0.3 -11.438916182773
0.31 -4.30313256504361
0.32 29.9713739081817
0.33 3.67959651436424
0.34 -5.54903050654345
0.35 11.1647127076031
0.36 2.84743659503836
0.37 11.6347083338007
0.38 26.8743242771734
0.39 22.0855391902323
0.4 5.84682352496898
0.41 0.608062099283029
0.42 -1.40209173341547
0.43 -0.733711168447372
0.44 8.96340126581305
0.45 11.0509322203213
0.46 -2.88161660273668
0.47 21.866178381316
0.48 -14.0641159768101
0.49 -13.757070832536
0.5 9.40421253086361
0.51 12.8820215929301
0.52 -0.532739602078321
0.53 25.5795142363818
0.54 -16.4014143746627
0.55 25.4218673253782
0.56 2.57105581261555
0.57 1.59646820860358
0.58 10.3637648724183
0.59 7.34778293059389
0.6 18.1056469608917
0.61 0.0180526511529209
0.62 20.8459463747409
0.63 15.6205581461173
0.64 7.55951055047079
0.65 4.57854336930696
0.66 27.0478973740226
0.67 -6.10629179866134
0.68 30.0103314918914
0.69 2.43884498079778
0.7 -7.8957317562442
0.71 -1.05966359794031
0.72 15.2387887175739
0.73 -3.79761665905186
0.74 -9.75499521699897
0.75 3.59893413454196
0.76 2.5926927201076
0.77 10.5586806007787
0.78 5.5854862885404
0.79 5.812637335436
0.8 6.03635161505665
0.81 10.9511616354592
0.82 30.0182733580973
0.83 13.2832315116336
0.84 0.369376474897861
0.85 14.6713730490501
0.86 17.2660424825295
0.87 -0.475115063756236
0.88 30.3003968815385
0.89 5.04071073906651
0.9 0.559173144350632
0.91 5.09993816549077
0.92 19.3366469872377
0.93 16.4813934402654
0.94 2.70433157374993
0.95 18.6009455621302
0.96 16.1069533433245
0.97 6.24246119485458
0.98 16.0822816518898
0.99 12.2198735827408
1 11.0445822778567
1.01 5.13555461499619
1.02 -1.64913829262099
1.03 16.0632977337323
1.04 7.91620118821016
1.05 9.41620398715286
1.06 18.2910483002231
1.07 -16.7599038616893
1.08 1.03252087202114
1.09 2.65193424691981
1.1 14.0296076510334
1.11 15.7996039657557
1.12 16.2527681320712
1.13 7.06601021105805
1.14 -0.691996816495685
1.15 4.81103889915577
1.16 4.6475121358845
1.17 9.15208650826118
1.18 12.661822816753
1.19 7.64203533581166
1.2 16.8338674063345
1.21 -4.71489350093644
1.22 10.526010443699
1.23 15.4200047348052
1.24 19.7667797180335
1.25 19.020914489275
1.26 15.0800543766603
1.27 -0.46517919368365
1.28 7.97470344208041
1.29 6.50742645420767
1.3 0.318836032283556
1.31 5.31023761980336
1.32 1.38864683516123
1.33 7.63299293690494
1.34 16.3234657506633
1.35 22.2802428669226
1.36 -1.6406727945999
1.37 3.27966817275354
1.38 20.6505191851023
1.39 5.20517204950996
1.4 16.4744184134084
1.41 17.1127931286386
1.42 20.7395343599562
1.43 4.26949982257696
1.44 7.50792304915184
1.45 34.0237203221993
1.46 31.3690607645262
1.47 2.99191517889524
1.48 10.5723671237277
1.49 17.7053793192105
1.5 -2.18000028053997
1.51 12.246541336802
1.52 27.0730215243277
1.53 -1.06397775399686
1.54 14.3394637692561
1.55 13.9316852049468
1.56 7.90618727749925
1.57 15.3867234185307
1.58 14.5238015694858
1.59 20.688337500886
1.6 23.4058758334267
1.61 21.8913136325234
1.62 10.2171391058441
1.63 28.8007465521693
1.64 14.3114421588588
1.65 16.591157944025
1.66 9.48405405882691
1.67 8.66360819678902
1.68 27.2182948305914
1.69 -4.85175499737441
1.7 32.4469054354869
1.71 11.1052727482266
1.72 21.8396428985012
1.73 19.3567499522745
1.74 0.247979058067086
1.75 11.2130212347227
1.76 30.4008704613529
1.77 1.64850916624092
1.78 21.4936766394796
1.79 14.8341470769074
1.8 25.0241182410977
1.81 19.7933459915074
1.82 19.0707706488373
1.83 5.68421245682118
1.84 20.7285721529144
1.85 4.91768450489468
1.86 7.40222101384341
1.87 17.1881384082322
1.88 5.87252404223865
1.89 12.1569178843511
1.9 9.66913427712089
1.91 35.9036596135423
1.92 46.5907108449597
1.93 -4.6984255618145
1.94 31.916279283877
1.95 39.7194269360251
1.96 10.2387411964069
1.97 26.3211343492316
1.98 4.30356604107864
1.99 9.60976733392753
2 13.9229710568064
2.01 19.7199130663726
2.02 -4.04697174930022
2.03 -0.317760971602731
2.04 5.20547612365024
2.05 30.5723417037472
2.06 19.2652097389974
2.07 10.986026929855
2.08 17.9100312970177
2.09 11.0290917695167
2.1 7.96180432845912
2.11 10.1168893800828
2.12 38.8006731897115
2.13 8.0665743543732
2.14 17.9274626561281
2.15 15.5323951505264
2.16 13.7805405057317
2.17 3.46036989294958
2.18 33.5747495262791
2.19 -0.34934070602527
2.2 14.2398845128827
2.21 3.31100346095011
2.22 18.4446501630685
2.23 33.3809141367663
2.24 22.9518829481852
2.25 42.3264785653353
2.26 -0.469044166530383
2.27 7.55169548436834
2.28 19.081494625466
2.29 22.8822185482964
2.3 16.921356953113
2.31 -5.85375848623229
2.32 8.06140462111193
2.33 17.1991140940487
2.34 12.4169189331327
2.35 25.8856867671167
2.36 25.0198419984778
2.37 8.10159261320268
2.38 10.9439215144251
2.39 26.5047121029782
2.4 6.94498081107825
2.41 7.22327909205028
2.42 14.7534434037995
2.43 13.0207840051103
2.44 9.51539182509529
2.45 21.0656435553856
2.46 6.94891828740593
2.47 14.4820602557214
2.48 0.772119729249942
2.49 3.71587023039629
2.5 8.8146904752527
2.51 3.50426991023403
2.52 14.344978213245
2.53 8.98971028632922
2.54 1.88468149143896
2.55 23.1661270972626
2.56 28.2744662639468
2.57 22.4443231537096
2.58 37.0669455279224
2.59 16.5989629508625
2.6 27.3020453878097
2.61 12.2177792395971
2.62 19.9585468663427
2.63 11.0764290222919
2.64 7.50582504865496
2.65 3.95436831831465
2.66 10.9591091556482
2.67 18.1422244476538
2.68 15.1601521673666
2.69 17.8405767416496
2.7 29.3800161293501
2.71 37.1585801967551
2.72 14.8708659248236
2.73 16.6371949959223
2.74 25.8135584130482
2.75 9.77215261347692
2.76 25.5752638348134
2.77 26.1684126589237
2.78 1.49300940978003
2.79 18.4850422418739
2.8 33.2697819827056
2.81 2.88741445497145
2.82 25.1701180836842
2.83 17.7018881367682
2.84 56.1035654480545
2.85 37.5397440187408
2.86 22.7038520503996
2.87 7.26444603465784
2.88 23.8969089820511
2.89 27.3524870273524
2.9 24.4747357731264
2.91 26.6000172896878
2.92 22.8914261912438
2.93 17.6522925479714
2.94 9.53306129668863
2.95 26.0541956835102
2.96 9.75085705958944
2.97 22.5811435445695
2.98 31.9562497084073
2.99 28.6786797969422
3 17.645880792429
3.01 20.3751627695236
3.02 31.5479587804125
3.03 -2.89121020727625
3.04 6.60787650974699
3.05 5.79928673123018
3.06 36.3005482155663
3.07 26.711915742348
3.08 40.1335851672536
3.09 31.6335935262398
3.1 7.72489166698754
3.11 2.5845076403177
3.12 20.1957752135654
3.13 34.1979194494974
3.14 9.87819035723148
3.15 13.7868984191272
3.16 18.679016578876
3.17 31.2210383597927
3.18 13.2790308299523
3.19 6.26121017216957
3.2 13.8720039426149
3.21 31.0045236046275
3.22 14.9842424104274
3.23 11.656532285134
3.24 22.106471486154
3.25 13.5395411885874
3.26 12.991478113914
3.27 17.5284048880657
3.28 16.4485737869484
3.29 5.32548985599554
3.3 7.82545534802974
3.31 19.0881876681928
3.32 23.1453161581735
3.33 20.3825822075749
3.34 26.495350656666
3.35 20.9718104079396
3.36 27.0340558249411
3.37 17.3891425689098
3.38 19.077750136242
3.39 32.377980479002
3.4 9.58241400304725
3.41 24.6051961732461
3.42 24.0093321477156
3.43 27.891253517346
3.44 -12.2685046335615
3.45 39.7301142832747
3.46 26.0681447196339
3.47 18.6386372902108
3.48 22.6658094309336
3.49 9.78970398756416
3.5 40.0265411025385
3.51 24.9323870034853
3.52 35.2076976950631
3.53 34.2807378780055
3.54 28.7566376285591
3.55 9.08501285971132
3.56 7.8904105198504
3.57 23.9827779955539
3.58 16.4316017106687
3.59 12.9159080959341
3.6 20.4175605211102
3.61 38.3331285326757
3.62 41.9960878322603
3.63 29.2840722304766
3.64 24.6320073162758
3.65 19.9400731475644
3.66 18.8825158729065
3.67 29.8632796790535
3.68 30.9040688680088
3.69 11.1359368662651
3.7 8.51323654637442
3.71 22.6062646406573
3.72 17.9065597954862
3.73 47.5297412209501
3.74 23.5829507197622
3.75 34.5676594704735
3.76 7.25290962743905
3.77 23.4926355468845
3.78 54.8939028129676
3.79 33.1726463306224
3.8 14.2394751041505
3.81 32.719234406766
3.82 3.73875398388835
3.83 11.8310501979189
3.84 30.2014715781344
3.85 37.202861299872
3.86 23.1986244398488
3.87 23.1785860362412
3.88 17.1892096609096
3.89 33.8632706279893
3.9 19.5015124126789
3.91 24.6247523526929
3.92 19.1739808138395
3.93 17.6639291763835
3.94 23.860669942734
3.95 36.9625083108042
3.96 28.8698589730668
3.97 19.4800515259264
3.98 20.9886881460986
3.99 39.6895521319575
4 27.1956756876857
4.01 30.3038217002616
4.02 20.7874380178122
4.03 45.7122673815342
4.04 19.8402543923768
4.05 33.4481810848273
4.06 24.0630981542473
4.07 40.0206013121839
4.08 22.6596243656358
4.09 10.1940415911198
4.1 29.5546159344091
4.11 24.9957897404662
4.12 24.3635537007355
4.13 30.6042113247365
4.14 31.1683152082906
4.15 17.386617430715
4.16 9.38082379944085
4.17 51.8826671123612
4.18 39.2082651277464
4.19 36.3056105560637
4.2 30.0944927195451
4.21 20.9754282622505
4.22 28.6357934064728
4.23 23.9764667561861
4.24 3.66022827382152
4.25 43.0706516223303
4.26 21.1029862336083
4.27 39.4666022908508
4.28 21.2649380898904
4.29 18.6025535467605
4.3 17.1311411530739
4.31 40.4447160181877
4.32 29.8612086902256
4.33 18.7432074496066
4.34 29.8539106296171
4.35 38.106782884783
4.36 12.1022282070085
4.37 22.3851621776815
4.38 22.9044452380294
4.39 25.942056738194
4.4 32.5326227211165
4.41 21.4823616743218
4.42 29.6729025998234
4.43 23.0634412574169
4.44 23.9941618121508
4.45 32.9822765964247
4.46 14.1754341915476
4.47 29.3447576140943
4.48 21.0915916239753
4.49 12.1439701513309
4.5 41.0849207893425
4.51 17.7060111150905
4.52 39.4149290886465
4.53 34.5906578872574
4.54 21.3520994976222
4.55 24.3453401937416
4.56 32.213841635006
4.57 28.5557249439181
4.58 40.394606398963
4.59 26.0353558368102
4.6 43.4381418223649
4.61 14.388055277272
4.62 15.7416931766987
4.63 23.4291285929772
4.64 27.5332132657951
4.65 33.7945262979554
4.66 22.6743602435704
4.67 37.0888762025936
4.68 14.9859210876959
4.69 24.7986305112261
4.7 27.4127662311191
4.71 38.6716744549452
4.72 21.4402525367281
4.73 51.2966030791105
4.74 29.3741230004577
4.75 38.9265954782088
4.76 34.9018020691881
4.77 27.0066736401978
4.78 15.6480422772217
4.79 14.1831121400414
4.8 45.7587237164773
4.81 13.2357080752216
4.82 27.1731790377597
4.83 27.581578653059
4.84 40.4257860171798
4.85 41.349609257523
4.86 20.6257654831566
4.87 25.7218116645045
4.88 41.0931906824121
4.89 40.335366695435
4.9 24.7772149789996
4.91 38.21355631433
4.92 31.0636475206144
4.93 31.5665413472981
4.94 39.1701284946263
4.95 37.1238053885353
4.96 26.6921809486748
4.97 37.23363024585
4.98 15.4656087577604
4.99 36.6261319535533
5 30.1018217237043
5.01 32.1898540944269
5.02 31.9214509668204
5.03 29.9535160618055
5.04 47.0713488970392
5.05 35.4133597733511
5.06 24.7732374507494
5.07 18.8114742373105
5.08 32.0542912683726
5.09 37.878302051484
5.1 25.6498724926266
5.11 22.9686155179379
5.12 39.4414651848971
5.13 28.833488761532
5.14 50.763208636267
5.15 24.7036216924523
5.16 34.4578335131173
5.17 29.9571139165183
5.18 44.0323832860165
5.19 12.8459934694868
5.2 22.3739778314064
5.21 47.9206351569728
5.22 28.5848263770917
5.23 42.4156037109107
5.24 30.0570340531122
5.25 36.9345442322887
5.26 19.2539656135848
5.27 25.5111094811015
5.28 20.618950780835
5.29 24.1609243485171
5.3 24.6018287154912
5.31 37.299788239334
5.32 37.025508709768
5.33 59.6396666025671
5.34 33.8697839919924
5.35 18.3310547691142
5.36 35.6690575658057
5.37 29.3615445435944
5.38 33.815686938509
5.39 38.0631781338747
5.4 23.3207684913754
5.41 40.9667162033312
5.42 20.796132553883
5.43 44.7209805015825
5.44 17.3842830464183
5.45 31.4819145140065
5.46 56.7909215163153
5.47 25.1493233001067
5.48 31.8641987407245
5.49 25.4098803618588
5.5 48.9477489219236
5.51 15.5034045074053
5.52 26.0813014744659
5.53 37.3281835193331
5.54 39.9412761380851
5.55 30.3330118739081
5.56 31.1391877868996
5.57 21.42029548222
5.58 27.6770320660269
5.59 32.1720238793916
5.6 40.1275880317113
5.61 39.5481242356029
5.62 48.6715020049312
5.63 29.4609235237746
5.64 40.4218541518214
5.65 31.8898298493999
5.66 20.2489835773209
5.67 27.406719458845
5.68 32.7043522786441
5.69 41.1865577714838
5.7 26.4759051954912
5.71 31.896885823129
5.72 45.391992791712
5.73 29.2594413334116
5.74 45.6588302054159
5.75 23.4855675014427
5.76 33.6968954597488
5.77 41.9951426890427
5.78 23.844631304308
5.79 38.2676768862505
5.8 31.5615964789343
5.81 49.5008019464358
5.82 23.3815978591783
5.83 17.6549219758164
5.84 31.692270325849
5.85 10.810910357563
5.86 44.0134151375595
5.87 13.9921387520332
5.88 43.368647639476
5.89 46.049377299923
5.9 29.0419816259394
5.91 24.1896729841955
5.92 31.8257922928644
5.93 37.0892190104233
5.94 53.5539568814642
5.95 24.3789264642298
5.96 27.1938506207178
5.97 36.0303162079274
5.98 45.1779630697041
5.99 23.9934848047381
6 44.7857836537377
6.01 41.7131975296011
6.02 37.7090931206219
6.03 35.5381252991716
6.04 35.3878795726948
6.05 25.5983653388876
6.06 28.7128854457891
6.07 26.9100642803451
6.08 41.9372330495678
6.09 26.9148389743573
6.1 33.9170658591734
6.11 46.4291117849296
6.12 35.5689973891965
6.13 40.4807251755459
6.14 47.9719941462121
6.15 15.6406071718434
6.16 33.3400111501687
6.17 29.4144389511199
6.18 30.6527409151561
6.19 17.7102465712607
6.2 33.7240911051429
6.21 37.5526293874222
6.22 50.0782938506929
6.23 31.5149438182125
6.24 53.3687299885661
6.25 40.8728804368181
6.26 44.765527870456
6.27 41.3383562815745
6.28 33.8790944085864
6.29 40.55444766425
6.3 29.5025500722266
6.31 38.4352927226563
6.32 37.1330253015492
6.33 26.737308443192
6.34 52.6590046752215
6.35 28.9305957264101
6.36 41.3556733898755
6.37 34.1204450576723
6.38 20.6410067076113
6.39 34.1128355259605
6.4 37.8629604135073
6.41 47.5933776617974
6.42 46.1404530754553
6.43 37.405559862977
6.44 53.2648774402259
6.45 36.3327595433811
6.46 38.9461047017704
6.47 26.5671117525555
6.48 30.5587887436578
6.49 19.1448591517017
6.5 57.3501616193841
6.51 51.4072006185374
6.52 44.985247215188
6.53 28.6992452740473
6.54 45.2046765852328
6.55 14.0181938779189
6.56 31.0562970615289
6.57 27.8980771291871
6.58 39.6915959835985
6.59 26.6798994249579
6.6 40.1041033487346
6.61 35.890126145383
6.62 32.9454963630557
6.63 34.0113878720678
6.64 32.61209211678
6.65 50.6887763006595
6.66 32.9193080535925
6.67 29.5941485831374
6.68 31.7915048939745
6.69 52.0229694017256
6.7 48.0018436155332
6.71 35.2146540607585
6.72 55.6777774967654
6.73 37.5441221885943
6.74 41.3461509975948
6.75 43.919520609983
6.76 46.3529253683959
6.77 31.9019018469337
6.78 31.7738066055921
6.79 41.4595920641356
6.8 36.1340783512406
6.81 37.617316256387
6.82 40.0941341833425
6.83 60.4110611212189
6.84 35.2210170481391
6.85 24.254190101322
6.86 42.3146329688356
6.87 60.3773143415413
6.88 50.4997572257542
6.89 45.1152771768641
6.9 37.1309467196496
6.91 28.7195378504079
6.92 42.5662007335975
6.93 30.8190880935023
6.94 24.2738237931008
6.95 29.6334026070437
6.96 32.9157492330614
6.97 54.4890042575708
6.98 40.7699603727076
6.99 50.3323299879611
7 41.650916891149
7.01 43.2378850597721
7.02 42.6610384513658
7.03 49.8422829434514
7.04 31.1088769379778
7.05 58.5259963105126
7.06 45.9421237612373
7.07 28.7063870443278
7.08 38.0702848316998
7.09 34.0632925231318
7.1 32.2275595513268
7.11 46.8103859205787
7.12 52.8232260690293
7.13 30.6889968665353
7.14 38.640288186495
7.15 52.9297941198768
7.16 50.9073270317636
7.17 37.2265953422728
7.18 30.2209142604973
7.19 51.2520538139518
7.2 50.7937028110147
7.21 58.84345528886
7.22 39.5837857819805
7.23 46.1483728211818
7.24 47.5361441603891
7.25 55.3818759324515
7.26 35.5121241601228
7.27 56.4677473953046
7.28 42.1018383198983
7.29 49.9311891095122
7.3 41.3616295148941
7.31 48.7431992295937
7.32 25.5456180328657
7.33 34.4209319744538
7.34 47.3215184098945
7.35 34.1536922867654
7.36 43.69534655661
7.37 51.5094536451606
7.38 61.8387562098467
7.39 66.0509043832815
7.4 83.0871847641601
7.41 33.6962429951564
7.42 38.2927949215096
7.43 45.6136996856481
7.44 35.2871744742556
7.45 72.5941881746558
7.46 34.1461942446168
7.47 45.1905915276524
7.48 34.1343279668088
7.49 50.9381719533242
7.5 46.7786859722573
7.51 28.2262514218287
7.52 39.1218125113201
7.53 31.70759705249
7.54 35.6519142495171
7.55 24.4433508010992
7.56 35.5930231693275
7.57 37.6565901738195
7.58 36.6340031005108
7.59 47.4149905923609
7.6 63.2329061938485
7.61 30.8444175631352
7.62 45.8085126508675
7.63 46.5252949200619
7.64 51.4612235150541
7.65 46.5599853405118
7.66 43.3269760392417
7.67 48.6732171238017
7.68 50.2948295360321
7.69 51.8186517169127
7.7 7.36956613970008
7.71 42.9413259292826
7.72 39.9647852493272
7.73 49.5900840721214
7.74 31.6737452004315
7.75 47.3757092041132
7.76 39.7762717010068
7.77 45.946759743523
7.78 56.2816931487561
7.79 48.9246391297646
7.8 33.9154371043421
7.81 45.2345594951557
7.82 37.9600997088836
7.83 42.785263208726
7.84 42.787595974737
7.85 39.3382026401032
7.86 55.8016285933965
7.87 55.4558550102381
7.88 38.6279615881851
7.89 21.3464454454492
7.9 31.5186920781445
7.91 50.6066657856931
7.92 51.3153991007922
7.93 44.0281299233802
7.94 26.9683197847357
7.95 66.7385203273459
7.96 37.7522520045947
7.97 51.7451776651318
7.98 27.1965187924451
7.99 53.0657783953385
8 45.9858318265539
8.01 45.8789180835038
8.02 42.214438157661
8.03 35.5766991424161
8.04 55.5348477322483
8.05 31.9205691696231
8.06 35.9452894941835
8.07 39.1317653987648
8.08 67.0292971650452
8.09 42.9658868987246
8.1 47.0565156165849
8.11 31.0837546066574
8.12 67.6822586330076
8.13 38.2406377281844
8.14 36.4983354224883
8.15 17.7723949381644
8.16 46.4163829127106
8.17 51.2499608399778
8.18 49.4858411578566
8.19 38.9103333160142
8.2 58.0580440250371
8.21 52.7975123978115
8.22 44.5233563867016
8.23 53.0094021814474
8.24 40.006376713169
8.25 40.7401408057199
8.26 44.5124538781085
8.27 45.8751134106383
8.28 61.3547075189394
8.29 40.2419693671454
8.3 40.1484881457249
8.31 47.4049680454272
8.32 30.8755602993449
8.33 39.0614310365653
8.34 54.1876598656281
8.35 55.0498708685242
8.36 52.8874936583804
8.37 64.5059315314363
8.38 30.7254735428908
8.39 52.9057155289311
8.4 68.5084968492546
8.41 53.5555746869566
8.42 57.2080140917439
8.43 62.9028803243174
8.44 43.4456433750824
8.45 40.0292261105167
8.46 57.1581209094539
8.47 44.1397494382214
8.48 62.2872309231035
8.49 45.9017260564405
8.5 54.3796826908437
8.51 38.1561128592849
8.52 54.7827445152824
8.53 33.362442124034
8.54 38.3180734628143
8.55 42.2853233552995
8.56 48.4349840605491
8.57 59.4148723592402
8.58 46.0960189507576
8.59 46.7739643632616
8.6 42.0548275478312
8.61 43.4219716518226
8.62 48.8163659401397
8.63 59.8742944007345
8.64 62.6061972490559
8.65 56.9870749710925
8.66 59.7163045149785
8.67 48.6849594815543
8.68 34.414083109324
8.69 45.4247982918249
8.7 43.9088924281149
8.71 53.1399437553531
8.72 52.0518185467758
8.73 50.3072151149742
8.74 38.6492943951716
8.75 51.657528719424
8.76 62.2355331698958
8.77 34.6578607847484
8.78 55.3350601791985
8.79 51.7955844819637
8.8 49.2086242845023
8.81 54.6831242575551
8.82 48.083773079475
8.83 29.2863535644218
8.84 60.5127376457762
8.85 63.643912605105
8.86 43.313498802466
8.87 57.1565866482438
8.88 44.4839021014938
8.89 62.6656707026588
8.9 45.6579646237502
8.91 30.1369831474008
8.92 49.1729026841971
8.93 68.3155397398996
8.94 32.5870858917121
8.95 54.9035496808396
8.96 47.2864425489223
8.97 55.8813811514343
8.98 62.8436832321471
8.99 51.5310073531211
9 59.3252437006319
9.01 54.0684793940203
9.02 32.3327113957448
9.03 38.747049616339
9.04 49.680760795179
9.05 38.584299984236
9.06 54.9096571801077
9.07 39.924126995005
9.08 40.4325474736145
9.09 32.1565692755809
9.1 54.9150749136326
9.11 55.1651814386306
9.12 38.8857785472892
9.13 62.1306289921283
9.14 54.4128493586258
9.15 47.5758839043886
9.16 63.2780863120537
9.17 72.732803255955
9.18 76.6761464145231
9.19 44.6716696750659
9.2 67.9882580933262
9.21 63.1353648115623
9.22 39.3215794911333
9.23 55.3228788350694
9.24 51.2256600029126
9.25 56.5838431395952
9.26 52.6593292517548
9.27 45.1099059190751
9.28 46.2152407941557
9.29 56.6943634057207
9.3 61.5211239693641
9.31 60.2274872585543
9.32 54.9143211824112
9.33 45.7196903646961
9.34 34.6165913848241
9.35 76.3412246461939
9.36 66.1424767456252
9.37 70.6237496444603
9.38 51.1564549639075
9.39 47.5681138654869
9.4 57.1702365701994
9.41 45.1390613969521
9.42 47.8649391027002
9.43 56.8111357605306
9.44 36.5225190884403
9.45 40.4488721799547
9.46 53.4830819778248
9.47 49.5363384325327
9.48 37.0398623321618
9.49 63.7107447111363
9.5 30.9410477330236
9.51 35.4836387487023
9.52 48.8888598673975
9.53 50.9379198997966
9.54 52.0314993903115
9.55 50.5106241073385
9.56 38.2851588041319
9.57 48.8944378074136
9.58 72.5107628887716
9.59 50.9634987342817
9.6 50.0215874601411
9.61 62.9307549017521
9.62 63.5281998704314
9.63 40.5120122529667
9.64 48.2642103270311
9.65 51.4937026599562
9.66 47.4699985072888
9.67 45.3635694248399
9.68 27.950928008122
9.69 52.7398713570336
9.7 65.7413432480293
9.71 55.5713628721233
9.72 66.1366508188067
9.73 56.6957709987405
9.74 58.1927862271411
9.75 38.0641294321832
9.76 47.6716654093705
9.77 63.5360466582021
9.78 56.1020774787192
9.79 33.9083729274147
9.8 60.930800367927
9.81 51.0296430635677
9.82 64.8227354135414
9.83 54.4294289971512
9.84 61.7560223493215
9.85 56.2114549804577
9.86 54.9399514241135
9.87 32.1784276432349
9.88 44.3415110260231
9.89 36.3652967824618
9.9 66.2264029403527
9.91 37.5051271045083
9.92 44.7705295694821
9.93 57.886409954459
9.94 54.7909969531272
9.95 54.8278446057338
9.96 51.6621800615524
9.97 37.7993456514278
9.98 55.2714934869594
9.99 46.4793311795636
10 62.0288528860667
