0.01 3.38879019144582
0.02 -9.59153770433431
0.03 7.88433718777402
0.04 -0.493217077266499
0.05 17.0782392058634
0.06 5.01547645003004
0.07 -1.73093272730477
0.08 16.1379035280215
0.09 -26.207349293536
0.1 -0.398404452164115
0.11 6.46178808406507
0.12 17.0323282301675
0.13 2.90757288619299
0.14 -1.6502526012018
0.15 5.49165729802946
0.16 0.743731218552425
0.17 4.64095352019198
0.18 5.25002426534059
0.19 2.50780179555504
0.2 21.1273584087934
0.21 7.12470673237374
0.22 7.15882178167101
0.23 14.9462615935385
0.24 -11.6179246777343
0.25 16.2108040651676
0.26 15.62920489569
0.27 3.91862536760512
0.28 23.0397443151194
0.29 16.7193964233628
0.3 17.6019248033468
0.31 -1.70320511937828
0.32 13.8130764360075
0.33 8.45831267726648
0.34 2.1151021639479
0.35 -6.56659392690367
0.36 6.82302187645956
0.37 6.45364829415394
0.38 13.5058539553548
0.39 24.819625203894
0.4 -10.1612846728834
0.41 8.53143130024096
0.42 18.9617913187882
0.43 13.0876227983864
0.44 3.16853034137535
0.45 4.8676204354588
0.46 18.6602743726058
0.47 4.03855560598676
0.48 14.6857498419438
0.49 6.59483968020832
0.5 -5.94820199593977
0.51 30.3387451268631
0.52 -3.74830653989785
0.53 3.88636618005691
0.54 3.90126939111533
0.55 -0.786742414152991
0.56 28.4167359452944
0.57 7.03259515928603
0.58 3.93835716834406
0.59 3.26306247827753
0.6 7.90830189712838
0.61 10.0540129720505
0.62 2.70784169289736
0.63 2.2849083528362
0.64 11.4196179751047
0.65 11.685857244214
0.66 16.6782392250409
0.67 4.44577782910428
0.68 2.80630390386435
0.69 -1.83106047594837
0.7 20.2547880744528
0.71 4.32463048457821
0.72 1.64614839248763
0.73 8.14280389545888
0.74 20.7019949491546
0.75 2.63231819798607
0.76 10.2739316997656
0.77 8.02461102268893
0.78 21.3817653817779
0.79 0.528722647503751
0.8 9.14952151281958
0.81 5.8982521857615
0.82 5.55529782618014
0.83 14.1891547211537
0.84 18.1437994538107
0.85 13.3881632315335
0.86 8.23130765718703
0.87 17.2481093612578
0.88 20.0241167410056
0.89 -4.11429809614346
0.9 15.0363486162054
0.91 24.3522769313219
0.92 9.02669431335526
0.93 24.4380586629228
0.94 9.54360462160036
0.95 3.58289418108967
0.96 -2.47878175924027
0.97 15.4038152008834
0.98 18.1305581030743
0.99 4.90888591484783
1 31.2246455476278
1.01 0.222886683991508
1.02 22.5891648434395
1.03 16.6954014262153
1.04 9.01191448208239
1.05 20.9220425720461
1.06 1.72185604375415
1.07 -3.48724417614563
1.08 5.74721335626865
1.09 20.5365176585683
1.1 8.42371442128824
1.11 9.01167319502135
1.12 29.7154090373149
1.13 20.4011286485619
1.14 19.6416373701922
1.15 18.5019688142394
1.16 11.8578864036441
1.17 14.0274104698029
1.18 15.9592099505636
1.19 26.9128397595268
1.2 6.22715373812924
1.21 18.6681748638096
1.22 15.7725651329769
1.23 8.45106050394134
1.24 10.2807490895364
1.25 24.9177191373315
1.26 34.5790580925761
1.27 15.6097525505505
1.28 7.19886367420428
1.29 7.90094992688693
1.3 14.2192965027307
1.31 15.4436427393052
1.32 19.2056553587497
1.33 34.3691836635624
1.34 6.72860585285787
1.35 20.805453157343
1.36 10.1439034723731
1.37 10.035902153623
1.38 10.5805256009894
1.39 2.12782304225514
1.4 26.6543083312422
1.41 14.7508434705033
1.42 20.4257071753404
1.43 25.8382988560308
1.44 16.6043158512091
1.45 -6.81566238939051
1.46 13.7252380104061
1.47 1.47057130038637
1.48 5.85795103646359
1.49 15.4074796169145
1.5 4.49450738780281
1.51 17.7150915842469
1.52 4.01436425628372
1.53 1.32242964627542
1.54 29.7442684870782
1.55 16.3444539088355
1.56 31.1491120215514
1.57 4.96469097433044
1.58 20.0923382536031
1.59 23.7337891060597
1.6 3.31577557865587
1.61 23.3054145094338
1.62 1.11939302533235
1.63 -3.55430197361065
1.64 19.3549709908903
1.65 6.70020081926452
1.66 17.0372730010804
1.67 2.18230821240484
1.68 8.68421504934341
1.69 -1.95936858021803
1.7 13.9602948759
1.71 8.16027231159805
1.72 29.9691649504037
1.73 19.0505522826745
1.74 4.79064546421995
1.75 2.23408122430733
1.76 -10.5329419221925
1.77 17.2213752753018
1.78 13.383672571159
1.79 7.78947878957361
1.8 35.0504552330552
1.81 22.3797245905376
1.82 16.0093722608255
1.83 30.013811301781
1.84 11.4186287338876
1.85 -14.302000964054
1.86 31.3236624084766
1.87 20.5587934799067
1.88 11.6099388790403
1.89 25.1495194217155
1.9 17.3436188340987
1.91 -11.8368056271422
1.92 26.9236355409435
1.93 16.7026655623711
1.94 19.204588000525
1.95 31.6556385966816
1.96 41.6177352161211
1.97 12.2961363260384
1.98 26.5790685352217
1.99 35.3871988874342
2 3.16552140292942
2.01 8.48494889630605
2.02 17.817007625956
2.03 3.71245788300488
2.04 25.0456001606193
2.05 14.5179249545656
2.06 -1.16892864558564
2.07 17.4863151729097
2.08 4.23338914122927
2.09 28.7897146097446
2.1 32.724818522872
2.11 17.5630404625407
2.12 18.6028487270999
2.13 4.82249994178796
2.14 -6.89173523995538
2.15 15.0448290719645
2.16 19.831769220373
2.17 17.000256608566
2.18 27.7373888200117
2.19 12.8809937879966
2.2 10.6880477264181
2.21 11.0095012077856
2.22 19.8151629349414
2.23 18.0840917691487
2.24 3.47307319578569
2.25 6.47277127928373
2.26 13.9870946193731
2.27 27.739247759432
2.28 9.43271949016546
2.29 8.7856270762556
2.3 14.9021793686473
2.31 7.95839180533074
2.32 17.6241920724024
2.33 15.3354290376629
2.34 23.7115312540119
2.35 13.7088701107916
2.36 19.4517499892034
2.37 10.9059096848929
2.38 9.40303126654694
2.39 19.9382274176671
2.4 8.76083887486007
2.41 24.3491143476615
2.42 22.5359207434762
2.43 25.696101354401
2.44 14.9707231350155
2.45 13.754063903023
2.46 30.0905135045184
2.47 22.9840307865727
2.48 1.17070341361003
2.49 43.4849871737207
2.5 8.28924058796829
2.51 17.7518749414673
2.52 17.7804042887468
2.53 25.5682080184818
2.54 17.5659873322696
2.55 12.1471709501124
2.56 25.011720441746
2.57 10.7758155326856
2.58 13.9623909466305
2.59 30.504629848856
2.6 14.2105668984938
2.61 33.8535176398145
2.62 0.256043498060762
2.63 22.4099945274799
2.64 35.2028862568462
2.65 17.7155838774071
2.66 28.1128657426133
2.67 4.56863698536246
2.68 15.2803823986849
2.69 14.2919338142489
2.7 23.0766971032041
2.71 19.6347652024858
2.72 15.846506627626
2.73 34.3644158514361
2.74 25.6572640238326
2.75 15.2343958232768
2.76 6.59312788616836
2.77 43.2225421151438
2.78 35.3576448486174
2.79 20.1849985551828
2.8 31.7324939134685
2.81 32.7975429912266
2.82 20.1313168302496
2.83 6.39339326015541
2.84 12.9574839758096
2.85 21.0225278699838
2.86 23.5977762456115
2.87 22.7721340271799
2.88 22.244969645134
2.89 22.8500507222725
2.9 37.8484214082044
2.91 34.0136887800642
2.92 5.43366671039524
2.93 38.4172559817988
2.94 6.47163671969725
2.95 11.8551778865592
2.96 50.2429544384498
2.97 19.0209497992555
2.98 27.3347402632888
2.99 20.693187285312
3 42.3936638995067
3.01 29.2863572426364
3.02 10.6250901558283
3.03 21.4754982315176
3.04 17.4998525076867
3.05 34.7704869321857
3.06 21.9588794725365
3.07 21.7540251274325
3.08 21.8201661228134
3.09 12.8764179478744
3.1 22.3002659937809
3.11 24.5209411763658
3.12 43.9239577950516
3.13 23.2350517047822
3.14 14.533364892985
3.15 21.1406796961254
3.16 40.0895351616106
3.17 -4.47832317073747
3.18 23.6597478042605
3.19 19.6446360000219
3.2 34.7811119341854
3.21 5.64030864523149
3.22 17.5378994960161
3.23 15.4908491778221
3.24 5.38662470862725
3.25 22.5126498791708
3.26 10.1458242148668
3.27 15.1240503366699
3.28 14.1095087332472
3.29 23.5512862332743
3.3 20.0604622163431
3.31 36.2151123222267
3.32 33.0025875166619
3.33 33.2028558788618
3.34 20.370396790796
3.35 27.744957082012
3.36 34.3473677458341
3.37 17.98500468417
3.38 26.4596928648607
3.39 14.7241199780052
3.4 41.0921387839156
3.41 30.2207130749832
3.42 33.9071287892125
3.43 10.3403992193851
3.44 23.7504982636351
3.45 29.5126689068402
3.46 14.6308668265462
3.47 12.1013014430544
3.48 38.5308946852878
3.49 46.3871235743894
3.5 13.4942115760679
3.51 24.4253698570134
3.52 42.2409764641575
3.53 42.7732148604482
3.54 5.82726145346104
3.55 27.675652212302
3.56 13.2475562374541
3.57 10.5623163263474
3.58 22.5006974745425
3.59 11.7415906230059
3.6 40.5595712798781
3.61 15.7104239063841
3.62 25.3321905394943
3.63 35.7414081558099
3.64 28.1371176283252
3.65 30.7355821339952
3.66 13.9401017980954
3.67 10.250723573793
3.68 24.3764471396154
3.69 29.4974750937409
3.7 3.23868412779704
3.71 37.1959945629495
3.72 24.6526214386297
3.73 23.6632393846335
3.74 26.2232744123853
3.75 32.4127959648199
3.76 34.9428766321484
3.77 26.9212617535566
3.78 25.0657174859182
3.79 15.6412082493518
3.8 45.6060839483504
3.81 27.1425201567168
3.82 19.0741380381927
3.83 32.362706250016
3.84 8.09255200178846
3.85 7.89779961055069
3.86 23.973372281135
3.87 33.6018768017349
3.88 24.4640265699835
3.89 43.2366558083891
3.9 34.4371423297255
3.91 16.1749756793482
3.92 17.624982016015
3.93 30.6905090489884
3.94 17.6398544063558
3.95 30.199365336416
3.96 35.2132644913124
3.97 32.1637739464303
3.98 15.4956746752447
3.99 22.4819584861186
4 38.1374430875802
4.01 30.3983232970197
4.02 44.1533890650281
4.03 34.3343485085305
4.04 19.1075032989518
4.05 20.9712093923103
4.06 47.0951685799444
4.07 13.9681538156995
4.08 23.0775486456862
4.09 25.3330049003444
4.1 36.8413589251733
4.11 13.6035931121439
4.12 12.554919256696
4.13 32.03686654664
4.14 27.7950524416018
4.15 27.3480087164061
4.16 39.2769106320677
4.17 13.6499376818872
4.18 25.3916788304488
4.19 17.5356552021621
4.2 11.5052549332478
4.21 29.9566321035441
4.22 20.9066536500074
4.23 21.8349390760637
4.24 23.7620192519776
4.25 25.3204823128513
4.26 39.9167045318143
4.27 20.3042234055302
4.28 30.4527962098152
4.29 39.2196738303318
4.3 28.0294298390975
4.31 19.2355038321392
4.32 27.5993343062397
4.33 38.9133950675038
4.34 43.1215982102404
4.35 26.449073576116
4.36 19.3181137769014
4.37 16.5401132469936
4.38 27.9566995448134
4.39 23.0647852379353
4.4 38.630180707637
4.41 23.9935216197211
4.42 23.3366018389366
4.43 15.3994530071476
4.44 31.670195272298
4.45 7.70341361549043
4.46 28.0067376010599
4.47 34.266422663469
4.48 9.09993292786555
4.49 20.6210594631484
4.5 23.1256389251625
4.51 20.6229613524439
4.52 37.7721727526116
4.53 42.5505270884959
4.54 30.3356465944697
4.55 37.4711026799686
4.56 18.349765728921
4.57 36.6493621926286
4.58 25.2638576369207
4.59 23.4327046897083
4.6 21.8063329771204
4.61 27.5519219801219
4.62 27.6261074993886
4.63 34.8908495534196
4.64 24.6911883069924
4.65 33.3111690869598
4.66 26.0250722477861
4.67 45.9764177045617
4.68 39.1164885706958
4.69 28.743028522105
4.7 36.3145804320463
4.71 14.6032620228097
4.72 56.8012811006358
4.73 41.6640536850305
4.74 19.4827537904788
4.75 42.8631526377566
4.76 18.2077308425211
4.77 36.30181305961
4.78 37.8854907684658
4.79 35.3919144858365
4.8 21.5659867387144
4.81 28.7086793943905
4.82 18.5836868467481
4.83 23.1846460802587
4.84 29.316221285838
4.85 41.6551101684314
4.86 21.1052727932444
4.87 33.8897524398147
4.88 18.1582285715573
4.89 38.4699323538618
4.9 19.5463686221269
4.91 33.783059754196
4.92 37.8313429219853
4.93 19.550289489657
4.94 25.9619957971193
4.95 38.1105766046878
4.96 34.4505926341495
4.97 30.5145773108253
4.98 30.1159711194888
4.99 29.2537457649121
5 28.5116385817225
5.01 28.9052564743037
5.02 22.6234101939877
5.03 35.0636144803731
5.04 27.6587020368759
5.05 46.8863950945387
5.06 34.1353995375822
5.07 18.078596357004
5.08 41.1993429365114
5.09 18.0438130986203
5.1 24.4183164165318
5.11 30.2511335298588
5.12 34.8445387207013
5.13 20.6585101461433
5.14 19.1102332985315
5.15 33.7743109610624
5.16 18.8039842213696
5.17 38.4157422749874
5.18 22.237678437308
5.19 36.930491682445
5.2 23.3959548564114
5.21 47.6485628082736
5.22 31.4776810244269
5.23 42.7010117405179
5.24 25.0567294573126
5.25 -4.16430471354271
5.26 21.9758737464743
5.27 39.7330605236718
5.28 33.5707767038002
5.29 33.5405381187549
5.3 34.4675630130668
5.31 39.6313546365195
5.32 29.3503521936332
5.33 21.4662084676742
5.34 30.4037066593126
5.35 29.2888602558935
5.36 36.6680760693153
5.37 27.4421080962896
5.38 42.4598431302623
5.39 29.6372604298515
5.4 34.3864083321079
5.41 29.080460093887
5.42 42.8385666552224
5.43 49.5772956791846
5.44 35.8748365551185
5.45 36.1907897410055
5.46 17.5899662882772
5.47 58.0369972040239
5.48 43.618874362579
5.49 44.9626526392357
5.5 35.2620159733887
5.51 29.1533841753575
5.52 17.4017190774629
5.53 40.5100311806749
5.54 51.4635978258606
5.55 28.5374003553202
5.56 53.619307921022
5.57 38.0295062968743
5.58 0.598097480573216
5.59 44.1006283403516
5.6 31.721759139851
5.61 42.7987093180635
5.62 21.6364209822003
5.63 26.2681471700512
5.64 32.1466789909344
5.65 32.2796818097332
5.66 8.24743680164466
5.67 33.1801092800781
5.68 42.96848133464
5.69 38.5895825816911
5.7 33.4348049550466
5.71 28.2641972648147
5.72 23.259094175999
5.73 27.8229327200894
5.74 15.3044424760362
5.75 37.5340302763303
5.76 39.3704452865571
5.77 40.6039373412153
5.78 46.4447152668654
5.79 34.4689415144809
5.8 33.8498366969365
5.81 41.2251117120571
5.82 36.0284557407688
5.83 22.7870542911476
5.84 32.6219875289787
5.85 45.4882423334108
5.86 36.4599790600335
5.87 23.1002990456117
5.88 27.6395710325268
5.89 20.5312274662266
5.9 29.7288458960578
5.91 44.3079171665099
5.92 38.017784489535
5.93 42.5578448506141
5.94 45.588228890154
5.95 35.5397702296511
5.96 43.9384986851596
5.97 20.1300784517416
5.98 37.8327541486227
5.99 30.8552125294155
6 47.0168844372248
6.01 53.3524689045623
6.02 35.1811891068625
6.03 37.7242024946953
6.04 26.3236368358736
6.05 23.4711506372891
6.06 47.2049988622482
6.07 29.6433128786266
6.08 34.6968942933725
6.09 23.1860233304974
6.1 45.3337253282862
6.11 33.305394148307
6.12 50.1209603915954
6.13 36.8354875175089
6.14 29.0284170256406
6.15 51.4542901363683
6.16 31.7607959917872
6.17 59.0030409720751
6.18 23.840603060902
6.19 38.3152960458416
6.2 35.0905769630463
6.21 51.7495966469394
6.22 50.4081607502105
6.23 27.1514463757375
6.24 23.2033074677667
6.25 30.3505697100202
6.26 39.9696372285006
6.27 56.2820299417431
6.28 54.1971856815445
6.29 45.0517073087458
6.3 35.236083065344
6.31 26.4932978894597
6.32 21.964632561556
6.33 23.6857149718312
6.34 53.0993768299114
6.35 45.9902263440816
6.36 46.3023786575062
6.37 49.2165558910816
6.38 34.3530650916917
6.39 47.0817410054503
6.4 48.572479130004
6.41 43.5764448120564
6.42 28.7787233419437
6.43 10.445423509362
6.44 39.6189026522419
6.45 63.1965780429381
6.46 25.6923835067973
6.47 45.1135925252329
6.48 54.9003692494756
6.49 39.7611666646455
6.5 39.7866221714384
6.51 27.6287621231248
6.52 48.9761755285354
6.53 37.1424385997202
6.54 40.3369101221925
6.55 19.7136651089217
6.56 34.4811509479929
6.57 27.1047805306386
6.58 47.8342103238307
6.59 23.0550966038563
6.6 37.6955023918787
6.61 33.3122903068436
6.62 42.1386956956924
6.63 39.4995776762022
6.64 29.4895156992803
6.65 53.1414514459794
6.66 23.5256506821753
6.67 49.65461587385
6.68 31.3198391391445
6.69 32.292766864388
6.7 22.0356410634308
6.71 34.9141291964561
6.72 57.1313765714418
6.73 31.3785850917723
6.74 41.5837857749392
6.75 45.0881417771132
6.76 41.5342642350681
6.77 45.6174682761045
6.78 44.5849379815084
6.79 33.1298789104161
6.8 34.9501227732389
6.81 36.6866281454399
6.82 49.0200719695515
6.83 48.4646051101999
6.84 6.99284156201076
6.85 33.9696404154328
6.86 58.7975453177353
6.87 41.3286145414259
6.88 30.4028859983773
6.89 31.7814954886811
6.9 31.0300408028689
6.91 52.5460110365831
6.92 42.6375549411809
6.93 31.0782050046783
6.94 29.6827721199401
6.95 54.9171213210767
6.96 25.2291206047114
6.97 22.5084241675619
6.98 45.0649095533243
6.99 42.768372217331
7 43.7911098117395
7.01 22.6783360184194
7.02 38.5759842625655
7.03 49.3846466559286
7.04 24.2529203850684
7.05 30.9032132432448
7.06 56.9558728978761
7.07 41.1483026037319
7.08 46.9247793165679
7.09 36.8409315371161
7.1 36.1765871405023
7.11 52.7106148895255
7.12 52.6583129305663
7.13 42.2970789130965
7.14 39.4925513436164
7.15 57.0486513764211
7.16 42.8250464493193
7.17 41.8277271086682
7.18 43.5252821022576
7.19 35.781562408052
7.2 53.2448865155556
7.21 38.8419130880639
7.22 35.0951346854577
7.23 37.612167698919
7.24 39.5811600509231
7.25 41.9186043383766
7.26 65.3569917654469
7.27 44.9792402872711
7.28 42.9547822507271
7.29 37.0955209977414
7.3 55.1661841335764
7.31 34.1327022882221
7.32 49.4884481581631
7.33 48.9221959649609
7.34 36.9139506970999
7.35 47.547517088528
7.36 22.3355019109308
7.37 66.2063121169934
7.38 57.3094697911728
7.39 80.1735034218251
7.4 34.6444405739217
7.41 34.4863722850676
7.42 34.7427205712943
7.43 68.7528891739182
7.44 48.2561972740673
7.45 49.8256999847606
7.46 61.2744630726455
7.47 47.4848782551578
7.48 37.1639443151173
7.49 29.3612772319501
7.5 38.9065110267094
7.51 35.0866941280881
7.52 26.5717622540575
7.53 40.5172010450565
7.54 37.065677566194
7.55 51.6818218866455
7.56 51.2737836795253
7.57 53.5796506438125
7.58 47.9739062277517
7.59 60.5109764933231
7.6 37.5106510245096
7.61 43.2958539582984
7.62 56.9814508172022
7.63 61.3811257274321
7.64 44.238170603853
7.65 41.4209663632273
7.66 21.1884968102142
7.67 51.4608476423468
7.68 29.9144106379057
7.69 49.1605072713075
7.7 28.7839570719849
7.71 35.7902987737975
7.72 46.8890108566376
7.73 63.0058729065648
7.74 40.7444603095518
7.75 57.4892990846658
7.76 25.1268584412565
7.77 42.4022721908877
7.78 39.0864484637404
7.79 54.0786669146785
7.8 53.2274231210418
7.81 41.6725560532153
7.82 55.5864708417761
7.83 25.4800003080616
7.84 34.82165175056
7.85 64.2409750265021
7.86 47.9357442223349
7.87 63.3216604151419
7.88 51.667012177311
7.89 45.445622881829
7.9 54.796252331095
7.91 47.1430339269476
7.92 35.0658489923293
7.93 56.4036939095475
7.94 30.9788709197698
7.95 59.0905573121329
7.96 33.3607978506682
7.97 38.6901047164245
7.98 69.351175532165
7.99 45.3123151448729
8 43.6340982375384
8.01 45.4488027454672
8.02 56.7561150327741
8.03 56.0989762841378
8.04 33.6711717235312
8.05 47.3419225943809
8.06 50.4699244460267
8.07 34.8738705610179
8.08 62.3306257390217
8.09 32.475589239348
8.1 39.886380009925
8.11 30.9074379863645
8.12 63.0052544763113
8.13 41.22283901126
8.14 58.6114959031324
8.15 59.4924682636806
8.16 37.7446876868194
8.17 55.4928189053574
8.18 45.906479831689
8.19 61.0973762846461
8.2 28.9470265497413
8.21 42.692805826075
8.22 48.3019514679313
8.23 41.1308504930886
8.24 44.0187031538456
8.25 45.122419232474
8.26 39.1109624848604
8.27 42.026387917009
8.28 50.9636603728676
8.29 36.1393931090583
8.3 30.3667688365759
8.31 45.3241970630312
8.32 64.6121128861862
8.33 46.9745274438607
8.34 50.2006178991361
8.35 59.6038028220099
8.36 44.9644348503104
8.37 39.7487787285795
8.38 56.1260588328458
8.39 39.1583903761903
8.4 29.1796614889118
8.41 35.7519050891416
8.42 41.7868693152976
8.43 53.0712699240773
8.44 63.9810421569378
8.45 56.9086483888855
8.46 44.5041055501878
8.47 50.4002089857868
8.48 59.1983203322402
8.49 63.1367907563044
8.5 47.4470240173478
8.51 55.9582892980027
8.52 43.2214232345024
8.53 55.9517968314747
8.54 63.094139166096
8.55 47.8116778013115
8.56 55.5480555179577
8.57 44.1280925825558
8.58 57.324748856453
8.59 62.7715329531464
8.6 47.8440564961407
8.61 50.872040602872
8.62 59.8199769544275
8.63 49.71576575819
8.64 50.2472666293584
8.65 42.0906710045555
8.66 45.5572130999162
8.67 35.1782547622544
8.68 35.0006748560856
8.69 48.0454044837243
8.7 43.5058963588747
8.71 68.7215864054764
8.72 46.9646937938176
8.73 65.3712606373906
8.74 28.3624263718887
8.75 55.3622200921839
8.76 45.2984117918868
8.77 30.3220208228024
8.78 50.2406550550754
8.79 49.3134366516192
8.8 34.5555730606427
8.81 43.7807865178512
8.82 46.5788147464958
8.83 55.2870049590124
8.84 61.0735691139081
8.85 35.6261394808896
8.86 45.0418873259421
8.87 68.2381455980295
8.88 38.8808133906904
8.89 54.3937459422869
8.9 50.8740776072094
8.91 46.8168406081067
8.92 43.3242974936519
8.93 47.1656690902611
8.94 53.3546991082425
8.95 49.3229738651033
8.96 49.5269969517038
8.97 55.8669542721213
8.98 54.0907231689826
8.99 22.6179169484642
9 49.7682387914085
9.01 56.0673826739482
9.02 36.8273865515827
9.03 61.2288755950277
9.04 71.4800628945453
9.05 55.2645431511154
9.06 31.9602472526115
9.07 52.9930768324417
9.08 56.3612915287996
9.09 51.3460499337681
9.1 39.7359128094094
9.11 57.8346632432974
9.12 21.2731128796988
9.13 59.0497532414006
9.14 46.0366728756579
9.15 46.2338407797075
9.16 52.3353156359472
9.17 30.8379792983299
9.18 39.6744953675377
9.19 61.4663218975509
9.2 52.9801996029862
9.21 75.1367311990608
9.22 63.0334188600275
9.23 39.6245380141916
9.24 44.9048827367755
9.25 49.2283214527593
9.26 57.3561830161403
9.27 48.1446555525093
9.28 55.0416106840839
9.29 43.089440751772
9.3 44.8803781093768
9.31 66.6368965937463
9.32 72.9982370074317
9.33 39.5282821239402
9.34 42.631568747461
9.35 73.6461346988167
9.36 42.1293004251435
9.37 71.8653307654847
9.38 31.8631723927638
9.39 33.4451474807645
9.4 58.5876056116463
9.41 39.0294968557443
9.42 51.6763533032738
9.43 47.0711952342581
9.44 46.2299491268757
9.45 50.1606911121683
9.46 45.1716750588661
9.47 56.5259162627743
9.48 51.6687562572151
9.49 37.220355500881
9.5 65.8124215384101
9.51 57.9864329808087
9.52 53.4902041468157
9.53 75.3960234867923
9.54 49.597131110179
9.55 37.6089670514855
9.56 51.9751863557493
9.57 56.7342435843357
9.58 52.3727940618054
9.59 47.2627601578104
9.6 66.2063213285577
9.61 51.6642432977604
9.62 54.395176412572
9.63 56.3879705398302
9.64 43.0379643553526
9.65 42.8038492791752
9.66 58.53910064964
9.67 30.2685109094508
9.68 52.8812147909391
9.69 34.6940360007595
9.7 42.0027697492683
9.71 46.1565832132085
9.72 44.5357761670224
9.73 49.2088706836516
9.74 47.1187381888424
9.75 44.5710330509154
9.76 63.4633153986187
9.77 67.6896355510927
9.78 66.2932520146933
9.79 58.1266418251377
9.8 77.2402244519279
9.81 62.9934888543278
9.82 61.8370093974139
9.83 51.3413693540495
9.84 39.9522629170593
9.85 36.8707625561841
9.86 54.3839516765981
9.87 61.543948419793
9.88 69.5928140589222
9.89 66.7461464607949
9.9 57.3595899497041
9.91 49.2144138788973
9.92 61.5747956648972
9.93 56.7356777493924
9.94 54.5306303729782
9.95 56.5848142073767
9.96 37.3852972216731
9.97 64.0799006463954
9.98 45.6589731830707
9.99 56.2686157291428
10 51.3139913325258
