0.01 21.5660772523842
0.02 3.20266508087789
0.03 11.6772715842898
0.04 6.97024507683877
0.05 -0.49124879402186
0.06 4.81200584405005
0.07 -0.069417885320636
0.08 -13.1854219411564
0.09 9.95087227048733
0.1 -1.86998928655529
0.11 -14.2786290239692
0.12 8.08805371260939
0.13 15.3296694182217
0.14 -1.27760906398621
0.15 -0.452684767983611
0.16 -4.9332812453747
0.17 10.646609759209
0.18 7.28394498772458
0.19 4.29194188592386
0.2 -1.82830647770548
0.21 20.9306799508155
0.22 7.51074547367521
0.23 19.2725770124568
0.24 26.1592028527304
0.25 4.49203776512525
0.26 -2.27361422126104
0.27 7.51116812036223
0.28 14.6380604856463
0.29 9.03955264764909
0.3 9.25586451831876
0.31 7.55190614593585
0.32 -11.7315142991201
0.33 -15.5557380763559
0.34 18.0360247283222
0.35 -5.85912020174472
0.36 4.10852277980933
0.37 1.9810717164413
0.38 5.48968210566533
0.39 -15.3355549821607
0.4 -3.75927178628983
0.41 -0.177499745008703
0.42 4.32569667489086
0.43 -19.5964238354972
0.44 4.10642026593559
0.45 22.3702229825715
0.46 12.8064599695451
0.47 -0.863860654235671
0.48 15.3413231665966
0.49 13.9715878701735
0.5 24.3707620014019
0.51 3.83243342634954
0.52 15.1601811297053
0.53 -0.78889900980667
0.54 10.6237572006293
0.55 7.54154052500891
0.56 28.4773253402745
0.57 4.9330617739577
0.58 10.9304688662121
0.59 0.366497831440391
0.6 -1.49890396786139
0.61 14.3087761798049
0.62 20.5627895579749
0.63 7.43251256499725
0.64 -6.24538032080643
0.65 10.7324280140935
0.66 4.68676325424162
0.67 24.6839633007106
0.68 26.7293192543712
0.69 5.11800966024767
0.7 16.0467418769383
0.71 2.62969309938191
0.72 16.1939015872307
0.73 26.960421896057
0.74 9.20589074678314
0.75 14.0438302302596
0.76 12.0697463653606
0.77 21.3765833760286
0.78 2.82598559059467
0.79 14.6444510639077
0.8 2.93980543247712
0.81 -6.8255374212073
0.82 6.0082722081059
0.83 13.2627926090298
0.84 10.8824998013212
0.85 15.5604149732419
0.86 26.1470016836641
0.87 2.10401885474647
0.88 8.15793620131236
0.89 12.0916470678346
0.9 28.3276615045934
0.91 17.5632833532455
0.92 18.5070872942691
0.93 6.25506673451137
0.94 -1.91304906350605
0.95 7.4637675066738
0.96 2.18419521101465
0.97 15.3474345029742
0.98 19.5177333454137
0.99 5.91845167242415
1 -2.9153407977522
1.01 -6.41799662055385
1.02 0.496822634514563
1.03 10.0759206091767
1.04 16.2983244256032
1.05 18.2818622518786
1.06 10.6664123436828
1.07 0.909221183504803
1.08 11.2028254651047
1.09 9.77833120463632
1.1 -4.71262304958606
1.11 3.13469271135021
1.12 -14.86308746538
1.13 16.0975243792707
1.14 13.3975611742806
1.15 5.16108426345678
1.16 5.87693983683454
1.17 7.01628308920956
1.18 2.71895354048183
1.19 25.3377080435847
1.2 25.9406307563131
1.21 20.0310022950205
1.22 13.4326600445293
1.23 20.8700232547731
1.24 -0.393291184508588
1.25 11.7934388159626
1.26 4.85285161276235
1.27 10.4847418276611
1.28 15.1300614622158
1.29 4.55752558493444
1.3 18.2403392121168
1.31 5.19822881454073
1.32 6.50435411636041
1.33 0.0119630995635607
1.34 -1.4231420232139
1.35 0.368702470833977
1.36 0.877538317354793
1.37 24.7367939407752
1.38 19.7358822172577
1.39 18.1714345476539
1.4 21.4533474977124
1.41 -9.98871989174369
1.42 15.911706361347
1.43 1.73946550894193
1.44 25.2924928907325
1.45 30.8175934397464
1.46 7.45806605318801
1.47 38.5753373305179
1.48 32.9002755627881
1.49 -0.574029969280684
1.5 7.95631258751623
1.51 8.67375329185987
1.52 11.3385373093664
1.53 36.3211599901696
1.54 -2.26042968329913
1.55 16.4320909242584
1.56 7.05728321929337
1.57 14.5746662831779
1.58 22.1959280627127
1.59 3.55367506062665
1.6 30.7755546233047
1.61 4.51960315385049
1.62 16.059951723086
1.63 5.15984081774491
1.64 19.7729206818686
1.65 -2.12577990124691
1.66 4.90348988314585
1.67 -1.50193426682527
1.68 20.4936270928058
1.69 13.3990426750312
1.7 6.26586442948824
1.71 8.20721271988469
1.72 9.22911663090524
1.73 15.2549594301311
1.74 -9.28231418150315
1.75 27.0407247087348
1.76 18.3273312458112
1.77 11.7231610551887
1.78 22.4694509053775
1.79 12.2760879683191
1.8 2.61740324262357
1.81 32.9207616585602
1.82 24.8584775020873
1.83 22.5874311182397
1.84 11.7989596218829
1.85 17.3174099224179
1.86 13.7862177057038
1.87 16.96987631441
1.88 12.9805476205148
1.89 24.6486308449599
1.9 39.6818865245392
1.91 24.6252702513826
1.92 29.8401460479574
1.93 16.9924227138551
1.94 9.93872922232286
1.95 8.76805073466932
1.96 17.1288171101874
1.97 20.9118981605379
1.98 19.8737704753658
1.99 10.2497083861941
2 28.0806303708103
2.01 8.88024397221306
2.02 18.6145434761161
2.03 13.3378757754206
2.04 9.12312769512683
2.05 24.1447966447218
2.06 10.728543655866
2.07 10.0943740791944
2.08 21.9143230568862
2.09 21.4532800184659
2.1 -4.32685651819939
2.11 8.47201245528354
2.12 34.4421020183725
2.13 27.8318668251211
2.14 12.6532381514991
2.15 25.4207229247231
2.16 6.80385559426202
2.17 0.850456520108713
2.18 10.0999545517558
2.19 31.0215334751547
2.2 15.4790195812647
2.21 11.8342289637603
2.22 12.8184768486082
2.23 17.1451147732214
2.24 12.533294929165
2.25 20.5934227234066
2.26 19.4735854435605
2.27 24.2816313289649
2.28 32.3017007860731
2.29 6.44829629308574
2.3 18.0901366414872
2.31 31.2582737898028
2.32 29.2635513333609
2.33 29.3789758286514
2.34 9.48694841213935
2.35 15.2952414620822
2.36 10.8086043041208
2.37 3.591176393131
2.38 19.8373543473005
2.39 21.6998928354283
2.4 7.87031604944265
2.41 14.8742025088429
2.42 16.1294161307436
2.43 10.3813941200536
2.44 20.7184297769771
2.45 25.4031456270105
2.46 3.05671956852945
2.47 22.2519604881499
2.48 18.2051935602728
2.49 27.2588534197799
2.5 35.3110973551839
2.51 11.8606504601003
2.52 16.0308497169737
2.53 9.67468552235331
2.54 2.84380916495672
2.55 28.6653311241666
2.56 28.927917663628
2.57 7.61176879248855
2.58 21.2151751044171
2.59 7.24147312900397
2.6 15.3475737167801
2.61 23.7274582424642
2.62 25.481500463069
2.63 16.2165512481789
2.64 4.47494368849211
2.65 14.769568381403
2.66 15.2406123788153
2.67 5.80903099888501
2.68 19.3099140114765
2.69 10.5104378525814
2.7 21.8134049951131
2.71 34.7568487761924
2.72 1.92465080156444
2.73 27.700317618772
2.74 20.1163915759282
2.75 22.8681495435054
2.76 16.091351177863
2.77 48.3498780317582
2.78 27.048947259973
2.79 26.5722858878617
2.8 34.3201339400798
2.81 5.74231228033192
2.82 37.5636400142189
2.83 43.1776175584301
2.84 18.1561091718073
2.85 14.2108937130732
2.86 23.0943098167373
2.87 11.774533855611
2.88 34.199301805234
2.89 34.6490880293681
2.9 26.572722294278
2.91 29.6371024038131
2.92 2.82520688294956
2.93 16.390851598291
2.94 22.1947706814461
2.95 15.8435157537694
2.96 12.1739814376382
2.97 19.6796579633395
2.98 20.2996841483235
2.99 38.5880179369429
3 10.0070914406111
3.01 24.6746568587256
3.02 4.86980728283462
3.03 22.9299624756705
3.04 17.1019347609772
3.05 23.7818457101622
3.06 18.5820472515262
3.07 9.95156658725441
3.08 15.2724124999355
3.09 13.5091698285541
3.1 33.9133193206733
3.11 12.2108972195226
3.12 23.6492303018773
3.13 18.8201836383662
3.14 20.7123477458197
3.15 22.3225525086692
3.16 13.9389980539927
3.17 27.0526694891827
3.18 19.0114424354974
3.19 13.8811111856626
3.2 29.5524826600108
3.21 20.8028761061728
3.22 2.01792757724689
3.23 39.3076655723692
3.24 21.2143314904693
3.25 18.3030616440485
3.26 20.1860350714733
3.27 31.3459320366429
3.28 25.1485242390647
3.29 7.07974731076448
3.3 10.1962487545476
3.31 11.8080492613005
3.32 18.7163439183985
3.33 25.9379022073164
3.34 17.0340073156609
3.35 19.6809208026406
3.36 32.7972962675528
3.37 13.6334991195949
3.38 -1.300760071453
3.39 28.5491872989195
3.4 10.849402565446
3.41 33.2584582661391
3.42 27.9937638660411
3.43 28.2635245741555
3.44 22.5816489966137
3.45 19.3379862454471
3.46 15.8703807113024
3.47 7.2370505202809
3.48 25.3833546306608
3.49 16.3664439169594
3.5 18.4819968601818
3.51 25.1729056755438
3.52 6.59282432373771
3.53 17.7094666403944
3.54 32.7496002633357
3.55 23.754470640367
3.56 15.2142494272066
3.57 31.3856263857014
3.58 8.06133414264708
3.59 27.3161193584303
3.6 3.84913908230577
3.61 21.7873153409274
3.62 13.1533203276518
3.63 17.2533786410504
3.64 22.5539671525133
3.65 30.9466878678156
3.66 33.0994231272408
3.67 19.2469373722429
3.68 20.9532876970084
3.69 28.5917053472821
3.7 26.1894781111174
3.71 30.7985010006089
3.72 42.6521816755918
3.73 18.7469966286312
3.74 35.6517781508692
3.75 27.757561141776
3.76 37.8033808135304
3.77 35.7616656621946
3.78 5.01575718195914
3.79 28.5639521286402
3.8 21.6785510858694
3.81 30.9453325999892
3.82 14.2697593923184
3.83 27.7202478469532
3.84 19.5090486805522
3.85 23.1117990227264
3.86 13.3775932103695
3.87 18.9059853888913
3.88 21.3305180494995
3.89 16.1100232653849
3.9 34.6358401211925
3.91 17.341967292253
3.92 42.8062415149104
3.93 15.1347726413404
3.94 28.0635125149754
3.95 26.6162520119659
3.96 28.1938748857139
3.97 6.82928368921478
3.98 17.4438257877527
3.99 33.6427015214248
4 23.2823323808724
4.01 27.1924938098317
4.02 10.4516340961407
4.03 35.2986084033852
4.04 40.1158467241581
4.05 16.3443697712387
4.06 33.9262437302152
4.07 34.9222657351518
4.08 37.8152055102946
4.09 17.2209182348979
4.1 3.71313289373115
4.11 11.2635740968931
4.12 40.4349808724114
4.13 22.3348945575034
4.14 23.3834335509033
4.15 20.4522780639674
4.16 28.9465491138416
4.17 14.5262926347379
4.18 27.5947113874759
4.19 41.4942606368306
4.2 28.913792698585
4.21 25.236390599156
4.22 15.270789414102
4.23 32.3842296245404
4.24 18.0155725118303
4.25 27.8743255091877
4.26 25.8118571348019
4.27 37.4205810692355
4.28 17.3013157237282
4.29 36.6474724835543
4.3 29.860747421989
4.31 29.3726765449829
4.32 32.7732624487571
4.33 7.71604456546857
4.34 13.2578958471626
4.35 38.4040164216689
4.36 42.2829790030441
4.37 20.2404599238515
4.38 22.676687957732
4.39 18.0142000711201
4.4 12.0407226762722
4.41 30.8749886445588
4.42 14.9002567339962
4.43 12.844048378347
4.44 24.0352775591083
4.45 20.352029370573
4.46 24.534533656901
4.47 39.2121396241887
4.48 20.7721740116738
4.49 22.7661119852311
4.5 0.508533582551205
4.51 22.1065208316611
4.52 17.5200273592678
4.53 30.0654708192074
4.54 34.7573624544639
4.55 5.71496929334664
4.56 14.3684654383084
4.57 45.9586855432971
4.58 13.4634587390533
4.59 27.6800124007325
4.6 30.8935201064482
4.61 39.1115136871021
4.62 19.8877172280957
4.63 29.0351044851783
4.64 42.316433100441
4.65 32.0474709275149
4.66 26.9909907564023
4.67 23.2167752818592
4.68 15.4766190127468
4.69 22.8173494986192
4.7 23.9060578305826
4.71 11.7842584653534
4.72 28.6832843843308
4.73 28.3538828416022
4.74 19.4734779941937
4.75 9.75561120425485
4.76 13.5952437232249
4.77 27.9180550979694
4.78 49.403313232561
4.79 14.1254450196756
4.8 35.769846820679
4.81 37.6515489823318
4.82 27.5720731244841
4.83 34.7788681588589
4.84 29.7035331634357
4.85 14.9041530535601
4.86 6.90151451045942
4.87 41.939058636435
4.88 27.5515553206035
4.89 31.6664376861941
4.9 34.616239742408
4.91 23.7666178604454
4.92 38.1957631473549
4.93 29.1349509233024
4.94 26.6673889667221
4.95 43.4281269619256
4.96 46.8171274446082
4.97 41.2905715592318
4.98 18.0746062882089
4.99 23.1824229135582
5 38.4474562693621
5.01 31.2330542505386
5.02 26.0938810126694
5.03 37.4776341104513
5.04 39.2293102492697
5.05 18.4251207403634
5.06 33.5032490345643
5.07 20.0512227903708
5.08 29.8822323562573
5.09 34.9582055991239
5.1 18.0798398284272
5.11 31.3142250723708
5.12 45.4345303623528
5.13 23.9614881227586
5.14 29.5395620484066
5.15 36.2263453373991
5.16 34.0218152499681
5.17 61.7674941846188
5.18 41.5378683910361
5.19 29.9858413769913
5.2 37.8216377962013
5.21 15.9010479991449
5.22 14.9807830179367
5.23 27.6668332338138
5.24 27.2246889553869
5.25 36.8688480678391
5.26 42.0353477430414
5.27 3.48137632158115
5.28 31.9087696376079
5.29 29.4802651834198
5.3 33.9370334107179
5.31 38.1941956903596
5.32 33.4742612282369
5.33 25.2731824971296
5.34 39.4495771125867
5.35 11.9899264027256
5.36 43.937424765409
5.37 23.1117213297814
5.38 50.1336141616169
5.39 25.1026061820209
5.4 26.5764298198681
5.41 35.6123376649096
5.42 28.1768261764622
5.43 15.7636535278743
5.44 42.6490421470846
5.45 30.3736640972769
5.46 33.4577638653429
5.47 31.7494337082951
5.48 26.0387597566697
5.49 37.0589643933709
5.5 38.0731085449456
5.51 24.9129200325705
5.52 65.2776979828454
5.53 18.8789576556746
5.54 39.754228405367
5.55 25.3949803913739
5.56 30.3754550744205
5.57 45.0164335942319
5.58 41.3307985830179
5.59 23.0430598576035
5.6 25.6752665715676
5.61 26.4906698700962
5.62 37.004295512577
5.63 42.2884118034138
5.64 27.2375005944231
5.65 49.1034503813552
5.66 34.6101093272694
5.67 16.2957002779042
5.68 32.3251568442245
5.69 28.3335904809177
5.7 32.1497426794451
5.71 41.5124707909399
5.72 23.4314186016636
5.73 25.4743391428331
5.74 44.5676277016651
5.75 54.2561936817415
5.76 48.6830655768759
5.77 48.258770832571
5.78 35.9701069961269
5.79 36.9511227536066
5.8 33.7024523487604
5.81 47.1175608954606
5.82 50.7942868216844
5.83 25.4068531754357
5.84 18.0739844048075
5.85 37.0102124159366
5.86 42.1044272427912
5.87 38.9675641401124
5.88 36.2888584487416
5.89 25.4546047157718
5.9 48.3205219544621
5.91 36.16347126345
5.92 32.6802743278176
5.93 41.3416209327829
5.94 34.0972341176768
5.95 27.0522600700972
5.96 15.9833173271841
5.97 37.7810576061109
5.98 19.5698629866231
5.99 44.5252606683652
6 39.2035563381186
6.01 25.1105620171468
6.02 63.2148566515355
6.03 27.8252203425883
6.04 29.6150335866606
6.05 32.5105874522733
6.06 23.1965579343378
6.07 35.2299673265119
6.08 26.7596483314759
6.09 21.5533165130954
6.1 37.8218502306627
6.11 40.9466269101709
6.12 36.2758970741086
6.13 44.7685326872545
6.14 21.1403604220891
6.15 54.1078871701048
6.16 41.4803764283568
6.17 35.4633964683271
6.18 34.934364791227
6.19 30.7263757339975
6.2 38.4061674216033
6.21 35.0179546570777
6.22 30.6135089341895
6.23 56.7742627615538
6.24 44.8817504293644
6.25 30.9194268984324
6.26 26.7782995356033
6.27 65.6818602608601
6.28 45.7457387890578
6.29 20.9538735264893
6.3 30.7511158257248
6.31 39.1197492772364
6.32 29.5025094923602
6.33 33.9439472715459
6.34 40.7431666224284
6.35 28.3067420597342
6.36 31.8210252693161
6.37 19.458755329872
6.38 39.0191440343465
6.39 25.7101695077597
6.4 20.9041556732366
6.41 40.3211396384638
6.42 13.1657974025302
6.43 22.1167297661202
6.44 33.9366871100424
6.45 15.8496995634389
6.46 35.7577083849343
6.47 35.5442237301619
6.48 36.2786541015024
6.49 38.6145591215145
6.5 63.9261472077135
6.51 43.3235795338823
6.52 35.5237304790174
6.53 35.1878075001412
6.54 41.1304860942368
6.55 31.1001966805707
6.56 29.2399395708969
6.57 47.6470833371775
6.58 37.5153371507421
6.59 23.8274324257094
6.6 31.9042156412635
6.61 41.8956219134226
6.62 44.1332032692368
6.63 52.7727012120455
6.64 27.7455381124296
6.65 37.9539341644453
6.66 52.1743563869977
6.67 43.4188347214955
6.68 50.9809673707337
6.69 49.4467205218091
6.7 31.4924766068101
6.71 31.408080317567
6.72 55.1281110310415
6.73 23.7899023257025
6.74 35.7413930665724
6.75 46.927250159617
6.76 66.1513627501597
6.77 34.7880331981687
6.78 21.9805594905322
6.79 48.1943718194831
6.8 38.2522979067476
6.81 22.5428285425605
6.82 42.6838195117906
6.83 26.0991244220622
6.84 28.49536115996
6.85 48.7446521425736
6.86 35.2889870713411
6.87 24.657292605125
6.88 34.7142585292105
6.89 58.7327675744687
6.9 48.5435938122972
6.91 58.7724263704962
6.92 34.0823548977125
6.93 34.7381763839991
6.94 34.5467760165249
6.95 45.8765177507929
6.96 42.1843433344979
6.97 53.9799690136709
6.98 40.814092974638
6.99 43.5930384319794
7 49.8242992335032
7.01 31.8354158233762
7.02 25.9135002563718
7.03 47.0175082541467
7.04 41.5352523224682
7.05 36.9899311088368
7.06 38.3783906566386
7.07 55.3572040332112
7.08 41.2006069883984
7.09 33.3656909622146
7.1 41.5397950551204
7.11 33.854647262891
7.12 31.3915925437029
7.13 35.0683781426933
7.14 34.1256897067326
7.15 27.5307770612392
7.16 31.8668688223393
7.17 39.435862530911
7.18 33.2794247695301
7.19 36.5307092394326
7.2 44.0342357577786
7.21 50.7600103681538
7.22 45.7251229546419
7.23 40.4585369405186
7.24 40.0949123672424
7.25 38.9762686023327
7.26 44.5551980382304
7.27 38.844240409293
7.28 20.4747486608514
7.29 68.7413286655606
7.3 26.4005952717931
7.31 34.0839860206856
7.32 47.5719550060028
7.33 65.1617096167322
7.34 47.5528349096991
7.35 43.5291378003617
7.36 36.8677921410689
7.37 41.900022403002
7.38 32.8454983609628
7.39 37.6339442806013
7.4 34.1695609650719
7.41 31.3212162723564
7.42 45.332402855522
7.43 41.3082687340657
7.44 51.8081454783961
7.45 49.8981330638337
7.46 36.0287930348149
7.47 49.1470020373512
7.48 39.993199413401
7.49 38.9901860910973
7.5 38.5798875555205
7.51 43.289173812104
7.52 49.4290904895059
7.53 45.885099535738
7.54 39.3786458890851
7.55 61.6356567886616
7.56 40.3020349797329
7.57 42.7413489522023
7.58 61.1672707368518
7.59 39.5243017287253
7.6 39.2009175440497
7.61 36.5368924942863
7.62 60.1775971928813
7.63 58.5943214465742
7.64 37.8888224191641
7.65 40.3528953574681
7.66 54.196467767952
7.67 38.044803471852
7.68 49.3506204112111
7.69 22.7353625811184
7.7 46.8011671837429
7.71 60.342208773716
7.72 62.0524929353119
7.73 46.0015163350776
7.74 59.2639692538491
7.75 33.444186431823
7.76 38.8768223064217
7.77 53.7341872981776
7.78 34.2428733463614
7.79 54.4007209661882
7.8 34.9322380937237
7.81 33.8075314518329
7.82 59.975177471371
7.83 41.4590744050352
7.84 35.2532051580363
7.85 44.7516342194806
7.86 38.1079488299368
7.87 47.383337111814
7.88 61.9242760668549
7.89 36.2391378783572
7.9 57.4175552613865
7.91 62.4126358467521
7.92 41.4182693065815
7.93 46.9971083140636
7.94 40.0638803266441
7.95 43.3256568426871
7.96 53.8009103938686
7.97 46.2540948775345
7.98 46.0949919063721
7.99 51.5431360475584
8 31.1016035354736
8.01 44.0361517926179
8.02 38.8863081936342
8.03 44.7148810970825
8.04 43.0044249911618
8.05 30.1273696015742
8.06 47.7994601177897
8.07 51.8329418993663
8.08 49.6637749368678
8.09 49.3480781530925
8.1 52.4675348454679
8.11 38.117347477795
8.12 33.0663486223701
8.13 46.2967225136786
8.14 49.4459790341357
8.15 41.2784443367239
8.16 53.1054398877485
8.17 55.8818735221355
8.18 50.823113380728
8.19 52.3766725114471
8.2 34.7783008441447
8.21 54.9534041849571
8.22 49.8990847834753
8.23 50.2954592032604
8.24 42.519746600043
8.25 45.8654368274061
8.26 51.1084746153263
8.27 35.3615284127307
8.28 53.2899030424325
8.29 32.6086118764788
8.3 32.4729889292017
8.31 49.9277579950053
8.32 48.7620654439486
8.33 41.037182189583
8.34 58.405043223312
8.35 58.9740255424836
8.36 51.0330861604932
8.37 50.3997303692044
8.38 51.4618090742526
8.39 52.5086638876384
8.4 44.7270370734418
8.41 37.1561423145634
8.42 43.0800837643826
8.43 49.4942191515651
8.44 57.5476173908526
8.45 65.0287162646172
8.46 49.4857538483986
8.47 56.5393819926354
8.48 44.2419386268502
8.49 57.3481711556837
8.5 47.4555956653542
8.51 76.1210171310864
8.52 51.5294412737223
8.53 55.6684505701044
8.54 33.5011001748358
8.55 30.4592253162263
8.56 55.785931475058
8.57 50.7256353662102
8.58 51.3242072335791
8.59 29.2714034179861
8.6 46.3279621614848
8.61 40.2293513079228
8.62 54.3431329501602
8.63 55.7366695439791
8.64 52.3145127553501
8.65 50.289881515469
8.66 76.9152088282091
8.67 40.4863339484556
8.68 42.3138345739463
8.69 54.364938071578
8.7 77.1673225300934
8.71 47.6324163243847
8.72 52.1005409611299
8.73 45.9203253831227
8.74 50.3016865478938
8.75 54.556743358004
8.76 57.471885426207
8.77 38.789974471962
8.78 48.2474971221827
8.79 44.5638931426469
8.8 59.1341441841604
8.81 46.5551711076648
8.82 51.5149785515431
8.83 39.741545874118
8.84 43.9765397665324
8.85 32.5411685495893
8.86 42.0352635612212
8.87 51.7341703458576
8.88 34.2155442583513
8.89 40.9945802803132
8.9 67.1301374439736
8.91 61.2097383219859
8.92 53.7910150371855
8.93 66.0905652784819
8.94 50.4903232062756
8.95 51.2317824530898
8.96 63.7513442454004
8.97 27.0582631592256
8.98 53.2963137642002
8.99 44.0881624020566
9 51.1860419533072
9.01 49.4290253053159
9.02 62.5975340457196
9.03 53.6270952407246
9.04 49.8642030853032
9.05 57.3292409122799
9.06 44.7434112378995
9.07 54.7841316843343
9.08 48.1823885286724
9.09 42.3037375915007
9.1 51.2765509322902
9.11 54.0675298680694
9.12 45.8887443258344
9.13 37.2951097047889
9.14 47.3412832156135
9.15 48.4383959092238
9.16 45.7233367045652
9.17 47.5262042019667
9.18 64.402649206414
9.19 26.9840920035611
9.2 35.3820479458811
9.21 48.4272825020531
9.22 36.9945035610846
9.23 58.9315516901528
9.24 56.5775925275371
9.25 45.2076622476849
9.26 63.5049784482688
9.27 41.6670082165732
9.28 47.3640083481062
9.29 31.0417351131097
9.3 44.1779115107658
9.31 45.4658197168143
9.32 48.0199691970796
9.33 54.3361523854195
9.34 55.0569129214428
9.35 72.2736397698849
9.36 54.4597445439698
9.37 58.319103633351
9.38 58.0940116542795
9.39 45.234801382239
9.4 38.3145318250169
9.41 29.6995418982249
9.42 41.9923596013961
9.43 65.0414002979123
9.44 35.7937825035222
9.45 42.2806446709873
9.46 51.9243935922387
9.47 63.4752134548514
9.48 35.5914898923488
9.49 49.0940927133445
9.5 41.7046397014632
9.51 35.3275376871723
9.52 69.1620867518812
9.53 52.4888463971704
9.54 43.3703338231806
9.55 62.6625987027917
9.56 45.8976026387744
9.57 65.3740794668535
9.58 76.6886547289511
9.59 60.1611141517778
9.6 61.7780713083872
9.61 56.1692652041829
9.62 49.5332222342651
9.63 54.2539182760346
9.64 53.2865335135
9.65 62.5419547247974
9.66 41.0318204796352
9.67 54.2272968433416
9.68 38.2398451129788
9.69 53.795996380756
9.7 41.479534491508
9.71 54.3365656178856
9.72 66.3614492974315
9.73 71.6776656498722
9.74 49.1901039592113
9.75 30.3318694540072
9.76 68.0518236626357
9.77 33.2191675143484
9.78 53.1609236258267
9.79 39.6660075996545
9.8 60.8542728667526
9.81 69.0264946236253
9.82 44.9221370163964
9.83 51.9658680191065
9.84 44.5193372226357
9.85 66.019729825946
9.86 49.6039719469439
9.87 46.0338808421246
9.88 61.8515309406952
9.89 51.2337060229375
9.9 41.794490795924
9.91 51.5779031644004
9.92 42.7125986888925
9.93 63.5870877815281
9.94 39.6204876265933
9.95 80.1822771680276
9.96 46.6547577030735
9.97 36.6981617422837
9.98 36.2114880657261
9.99 60.067186216545
10 75.7376669347022
