0.01 -0.893500230261103
0.02 8.63125226011808
0.03 6.70454269982844
0.04 0.984007281864347
0.05 6.13016681937621
0.06 8.2244633707157
0.07 9.02628416912135
0.08 19.1012198084145
0.09 5.65581393471667
0.1 6.479322129208
0.11 5.62605522831005
0.12 6.5210276081058
0.13 0.588107801597137
0.14 -5.90897876004434
0.15 14.1487526410376
0.16 1.31129415273481
0.17 8.05195034902046
0.18 -1.72513783086186
0.19 5.81986278995484
0.2 6.18998767512262
0.21 7.5806456974646
0.22 18.5264456566622
0.23 8.95270614238264
0.24 -14.037395800019
0.25 9.58104547849684
0.26 10.6425761692743
0.27 -18.4099179479327
0.28 20.306774380086
0.29 5.52942387654222
0.3 2.12653969264446
0.31 15.6087593285419
0.32 -12.7477865591466
0.33 9.49500163414317
0.34 10.0121041334306
0.35 21.2703896519093
0.36 9.44258962834193
0.37 15.7967433293257
0.38 11.5101738622059
0.39 -4.08950962365059
0.4 10.7966421100754
0.41 8.01411911039598
0.42 4.61506700450177
0.43 18.4317629606543
0.44 20.4175646208775
0.45 -2.99696339595926
0.46 -14.8203808406699
0.47 8.65545626862005
0.48 -1.78780603862904
0.49 10.9116040144968
0.5 -3.75089755776596
0.51 10.5522318258131
0.52 9.19565254739015
0.53 2.50304097526625
0.54 -3.63983726384751
0.55 16.6143248674518
0.56 8.96013179753798
0.57 3.84808998881477
0.58 33.3990532301706
0.59 6.85443080864305
0.6 8.24588308161644
0.61 4.31993539201494
0.62 -2.04915617904225
0.63 17.3048772119891
0.64 -3.80268022261194
0.65 9.99285924622953
0.66 -4.20936428043474
0.67 -2.12933998304765
0.68 11.7489763513709
0.69 18.0140368226774
0.7 17.207925101539
0.71 19.3489012014468
0.72 24.7547526967619
0.73 22.1207801197731
0.74 19.8228645004401
0.75 18.6052232923726
0.76 4.98870687822787
0.77 14.9919966443744
0.78 21.0968372311633
0.79 7.84969759380892
0.8 14.5499543874178
0.81 -0.721310103008729
0.82 -0.432406866497691
0.83 -2.24476584040697
0.84 11.1024348868018
0.85 12.8868065880435
0.86 -2.61459394165781
0.87 2.97515022194069
0.88 11.1318980119301
0.89 11.0275671133472
0.9 19.5184190134757
0.91 13.9873635714534
0.92 -1.52477113794979
0.93 8.30639738634872
0.94 13.4025689095063
0.95 6.63414284374124
0.96 5.14070715003613
0.97 6.80081978941723
0.98 7.57596927232263
0.99 11.0101148022901
1 7.91434221162344
1.01 4.08114444850185
1.02 25.8943544858336
1.03 -10.5637944846621
1.04 15.8979652401415
1.05 21.6725110530591
1.06 22.6323129451026
1.07 7.54941447504241
1.08 33.8693286053972
1.09 14.7401031667384
1.1 11.4288366779021
1.11 8.59231185492248
1.12 14.0934355902408
1.13 1.70920801452293
1.14 15.2578908865885
1.15 21.2062286385446
1.16 3.48041072628119
1.17 31.2038027187037
1.18 17.4725283646243
1.19 45.6704938161689
1.2 1.94120173879446
1.21 -7.59786179798945
1.22 14.361833645951
1.23 2.09524046645597
1.24 0.25580644424936
1.25 12.4842061119461
1.26 4.92415655398719
1.27 5.80047488545161
1.28 16.3845076254983
1.29 18.1370242294128
1.3 -15.6462598631806
1.31 16.8652297300347
1.32 32.8318665911121
1.33 14.3867146416807
1.34 1.45331901983202
1.35 6.79781351566196
1.36 20.8645245011021
1.37 3.0672481335506
1.38 19.8455962908275
1.39 9.19137082927044
1.4 3.9369203529193
1.41 15.4891030320243
1.42 -4.41376300346547
1.43 11.0071266040966
1.44 10.5912072359752
1.45 -10.8904382474614
1.46 20.8236843284621
1.47 0.342584006285596
1.48 19.1276238613373
1.49 23.6629803609669
1.5 17.3640950175643
1.51 18.5442229626869
1.52 11.5147407766205
1.53 12.2095401999396
1.54 19.0518528044121
1.55 7.6423266635275
1.56 13.4523973376094
1.57 19.9486344095297
1.58 23.0891254802131
1.59 18.2822045131669
1.6 0.673577069878149
1.61 15.8113185237375
1.62 10.0326213527409
1.63 3.02463026285393
1.64 -6.18143808562348
1.65 18.4247098423493
1.66 26.9713095835007
1.67 20.0600285368915
1.68 25.6298849606744
1.69 15.5241594108846
1.7 19.2200813240693
1.71 12.5374922611489
1.72 23.156845296067
1.73 15.9761518460612
1.74 29.7751679885507
1.75 26.5667760185613
1.76 18.9261716801967
1.77 6.45839347615819
1.78 16.0306427976696
1.79 3.83953445215647
1.8 16.8198200369757
1.81 20.3570653567495
1.82 22.756067866077
1.83 11.2856166493598
1.84 17.7463692745705
1.85 4.73198765348051
1.86 8.75356341530745
1.87 4.10244568643984
1.88 -5.19337916144226
1.89 23.5753660002886
1.9 30.7929007009308
1.91 8.76313494723563
1.92 9.84691355447713
1.93 10.703157796377
1.94 26.0360630020353
1.95 9.56971445244103
1.96 8.02678841994702
1.97 10.7814948544931
1.98 22.6672396448506
1.99 18.7661296733428
2 -2.70788428223974
2.01 31.1976042029095
2.02 24.359785241067
2.03 5.81705157749297
2.04 19.0553627721178
2.05 15.9313875519394
2.06 40.9326375331478
2.07 4.53527592305178
2.08 -5.50429370356605
2.09 10.4098087383027
2.1 11.0949014569806
2.11 24.0033389401335
2.12 27.4664229390363
2.13 26.9430346360095
2.14 33.312626244654
2.15 27.5931539448525
2.16 3.83365968706762
2.17 0.646448977611893
2.18 20.6652585229674
2.19 27.5906262763033
2.2 19.9532149544311
2.21 8.99280475234128
2.22 7.22498545258447
2.23 16.0342169106087
2.24 4.1709009000165
2.25 21.4310540724395
2.26 21.2951219440375
2.27 38.9713902268145
2.28 14.3324483883156
2.29 16.0085647641525
2.3 28.1974120735282
2.31 20.4432706285937
2.32 28.7673447521084
2.33 24.3841265412482
2.34 23.7639817330069
2.35 8.82750197845024
2.36 7.30355680873865
2.37 20.5690233470079
2.38 15.4369924430082
2.39 23.9280335519964
2.4 5.9675266189509
2.41 26.8763264212048
2.42 24.7336635712425
2.43 37.3024163942392
2.44 7.04573038141475
2.45 32.4432549625497
2.46 22.1015408732213
2.47 29.4753700637861
2.48 20.8943923900072
2.49 13.8562194753958
2.5 9.33427692192255
2.51 20.9437665627252
2.52 9.6530162347881
2.53 28.0896543844645
2.54 12.8722506962414
2.55 19.8764198518976
2.56 23.4795538032569
2.57 39.4870677044239
2.58 7.02749088060998
2.59 35.3246488286284
2.6 25.5796163247549
2.61 19.3040040588786
2.62 22.8868865697377
2.63 15.6847104247541
2.64 10.4128209539141
2.65 30.5189205399667
2.66 30.0937797561852
2.67 27.3330681425513
2.68 14.8908908180153
2.69 19.8818897419735
2.7 35.6579199409635
2.71 17.3493716863667
2.72 20.7211776791479
2.73 26.1327389819388
2.74 20.9130972205445
2.75 17.3676215437904
2.76 16.7472997404058
2.77 7.00042169135249
2.78 13.4202765001919
2.79 14.5248896590897
2.8 16.5554708750984
2.81 26.4409262312435
2.82 31.6302034141076
2.83 26.9106178840854
2.84 23.9537027751015
2.85 26.6059102617513
2.86 15.1454433902813
2.87 40.824879491544
2.88 2.91291270514186
2.89 44.7719040673301
2.9 14.3669096439355
2.91 12.7019858046851
2.92 16.7274487670324
2.93 14.629342942587
2.94 36.4298338259862
2.95 26.787671056716
2.96 20.18685791969
2.97 17.6783816958458
2.98 5.25487878232421
2.99 25.5038668540135
3 14.9924871556754
3.01 27.5417723083078
3.02 9.9204467084799
3.03 16.6129213242397
3.04 33.5574183904965
3.05 16.8519323529631
3.06 34.6008625863609
3.07 18.9544903701727
3.08 24.5261539194642
3.09 28.8531192452309
3.1 0.390925212147359
3.11 4.26056777452503
3.12 26.3270960895776
3.13 25.2171103134503
3.14 16.1500328544071
3.15 20.8666199525403
3.16 22.2983933511457
3.17 27.3315715852215
3.18 0.248778009645001
3.19 20.0214549973639
3.2 32.4979473793102
3.21 11.226014770288
3.22 34.0149482966162
3.23 20.8459492210505
3.24 34.3948962618599
3.25 4.90729168550433
3.26 5.50703513169726
3.27 12.472617184851
3.28 -4.50789393196544
3.29 11.8670293204255
3.3 36.3001929344542
3.31 17.2859925556184
3.32 29.98821757911
3.33 25.9011133616365
3.34 2.18161876752158
3.35 35.4639685164923
3.36 48.0474220857732
3.37 4.36318665968679
3.38 34.0239067185331
3.39 21.1035276279509
3.4 30.8502348129411
3.41 21.2825035432427
3.42 12.3732130628402
3.43 36.8499106812328
3.44 28.3928776733216
3.45 26.0857178786902
3.46 29.996830184818
3.47 22.1596024653591
3.48 29.7571482365432
3.49 15.1125544237294
3.5 38.3659542639374
3.51 6.2499172008663
3.52 28.0226981004645
3.53 27.7449284731606
3.54 32.7508355633777
3.55 21.2896621572129
3.56 11.0884723301913
3.57 30.5627833635229
3.58 40.8718579933604
3.59 17.9833885199092
3.6 26.558346024854
3.61 33.2559603884798
3.62 28.8154408595137
3.63 4.58964881331821
3.64 20.1922659960878
3.65 17.9700448964693
3.66 27.6635450656188
3.67 11.9963186804777
3.68 50.5700983835805
3.69 8.22837106738081
3.7 27.1562652443617
3.71 32.8519572564783
3.72 31.4910926048637
3.73 27.2097503064241
3.74 26.3441529822348
3.75 36.1728861529515
3.76 32.5581747694205
3.77 14.140963667348
3.78 26.1695466136139
3.79 12.7453864098952
3.8 22.1480901354262
3.81 26.7246826883577
3.82 46.9044935827917
3.83 7.16709565666061
3.84 4.34757438107864
3.85 28.5375511933964
3.86 25.9216809055554
3.87 30.9602425507544
3.88 26.9150699569247
3.89 3.12256311772289
3.9 6.41404303438639
3.91 12.5885847349019
3.92 42.3470448594333
3.93 0.290482067360021
3.94 34.2729315826915
3.95 27.3512093003242
3.96 20.9114483177074
3.97 36.5767597031846
3.98 23.8361091646368
3.99 27.2552177939279
4 29.6209969242304
4.01 8.32908284202227
4.02 24.3964118272834
4.03 19.3117750782256
4.04 22.1597798805939
4.05 31.8111733438024
4.06 27.1700112535737
4.07 24.782568898434
4.08 32.1667385751227
4.09 10.9135369656134
4.1 27.8405668478268
4.11 32.7288995496682
4.12 19.5091343869961
4.13 18.1785355676761
4.14 45.2672694894671
4.15 18.5823031500541
4.16 35.6900773644612
4.17 47.569546681364
4.18 25.6859941420412
4.19 30.8272237034605
4.2 22.8104942577125
4.21 29.1968513865364
4.22 12.6934089503692
4.23 23.2709422158824
4.24 23.9832544170615
4.25 14.6044723551013
4.26 21.2115679148658
4.27 19.7740494190761
4.28 40.0514452036812
4.29 5.05612492541049
4.3 48.1210676633221
4.31 27.2327652998716
4.32 39.1771173007559
4.33 17.1265058550982
4.34 2.0221888851057
4.35 39.1201675778271
4.36 25.0796045919733
4.37 18.4617338502606
4.38 15.2945918933589
4.39 17.5743146639381
4.4 25.3171245683004
4.41 23.0859165392503
4.42 30.5239643250947
4.43 18.9488971022355
4.44 11.2022522240872
4.45 25.3729285333013
4.46 12.5306581337588
4.47 20.0174535784461
4.48 25.6485457239551
4.49 29.494574200384
4.5 25.6809863862643
4.51 20.4422874193732
4.52 32.4891490098762
4.53 27.4495783613441
4.54 19.6768210709381
4.55 16.2389931411892
4.56 17.205266938735
4.57 17.8762567133059
4.58 9.10111598878134
4.59 39.4105444958809
4.6 22.1065839140157
4.61 18.6876275560077
4.62 30.927163138028
4.63 41.2519045715436
4.64 41.8848530125143
4.65 18.2786904664875
4.66 2.5276028744728
4.67 48.7410520425458
4.68 32.3377901779262
4.69 17.079076254964
4.7 35.9262137831917
4.71 33.0064695666058
4.72 42.6908784268473
4.73 32.0558616096552
4.74 29.8517233713008
4.75 39.1823519646276
4.76 30.7604437528382
4.77 33.8649261943378
4.78 28.1610699565604
4.79 23.6988355624745
4.8 43.4134962402919
4.81 28.0361841985599
4.82 36.0851059963479
4.83 30.7655749568764
4.84 33.7710569060552
4.85 39.8597124329706
4.86 28.8220203378766
4.87 27.8343503367431
4.88 34.0908727074556
4.89 42.7041848538569
4.9 36.0982434469751
4.91 22.1783579892142
4.92 45.0440031091536
4.93 40.7068924985418
4.94 35.5745617033483
4.95 27.6769505564221
4.96 34.2902155922293
4.97 25.8192167830446
4.98 42.6500015460585
4.99 43.6042981897864
5 51.4594750960419
5.01 27.4489178170071
5.02 28.220358094135
5.03 36.1141533904816
5.04 47.2613501482303
5.05 32.668541684201
5.06 25.6163362047866
5.07 36.1749577031224
5.08 30.24555290798
5.09 4.60408757914684
5.1 24.0218663333642
5.11 22.0646926514732
5.12 38.1868822338139
5.13 42.2198032269227
5.14 44.9425757042093
5.15 40.7077208834657
5.16 41.4271350295614
5.17 23.7960916101722
5.18 20.7054610260206
5.19 48.0867007580594
5.2 31.0832050048062
5.21 28.076596194942
5.22 22.197461201021
5.23 33.6039448087305
5.24 30.3479623951985
5.25 35.83400877722
5.26 32.7514284083616
5.27 30.6904772926842
5.28 41.1779143177546
5.29 32.1773444500932
5.3 27.4138794261664
5.31 11.4475037882485
5.32 47.4075214848442
5.33 36.4450400795723
5.34 40.3524406527754
5.35 50.9283213956767
5.36 27.0051034650619
5.37 34.2240873720955
5.38 34.5485918659563
5.39 26.3136367255993
5.4 33.6776424237454
5.41 37.7285126544629
5.42 39.6041493562835
5.43 19.13241246575
5.44 34.9111011630841
5.45 49.5683285756058
5.46 48.9500315473124
5.47 38.4825806186054
5.48 10.2043494335514
5.49 19.6989921325924
5.5 29.2959804530164
5.51 1.74649218508846
5.52 26.1656114977488
5.53 33.1834371495003
5.54 21.450177265585
5.55 22.2391546401389
5.56 36.5315083994519
5.57 23.4149393510672
5.58 26.9340421737985
5.59 29.0883205060145
5.6 19.646086689612
5.61 22.133054437649
5.62 26.1671868706888
5.63 31.4098091659617
5.64 40.4349242962488
5.65 34.8670014323744
5.66 36.4225611697366
5.67 28.5766308377667
5.68 16.5598586621243
5.69 31.7045515347335
5.7 43.7331401641941
5.71 31.9357840857358
5.72 49.2069467833815
5.73 53.1183807685208
5.74 34.8359457748194
5.75 24.6812057112061
5.76 34.2393956827073
5.77 33.41441736765
5.78 31.6619076610247
5.79 24.4043368516028
5.8 28.857656959398
5.81 34.5583229086462
5.82 27.6753663374203
5.83 31.3677276205763
5.84 44.1024267191918
5.85 40.807583536698
5.86 28.9244431363952
5.87 38.125569962863
5.88 38.7392721944669
5.89 43.1706329821436
5.9 12.8183837824295
5.91 38.3812993737298
5.92 28.9597448375509
5.93 33.6053299341551
5.94 37.6646603768477
5.95 34.8671144697939
5.96 37.6912443714091
5.97 37.2704256846907
5.98 53.1810422768727
5.99 22.8283000363544
6 39.5749795930105
6.01 34.3435614352014
6.02 32.0485460678655
6.03 26.0815983059051
6.04 32.7038701586683
6.05 43.9909901700537
6.06 49.6419485261754
6.07 46.4694210257785
6.08 26.7969185075673
6.09 22.9773791797208
6.1 18.9074782865173
6.11 38.3306363018431
6.12 45.3156458402182
6.13 31.7067649197329
6.14 59.7254749258411
6.15 37.4816386475622
6.16 50.8995727590198
6.17 42.5731194233599
6.18 43.69123546443
6.19 33.8887947283875
6.2 24.5655029830883
6.21 30.4506916277537
6.22 32.7539052403841
6.23 4.27066810272229
6.24 28.7305192612607
6.25 17.9328627432076
6.26 23.484465013212
6.27 41.400103119054
6.28 45.3668725431364
6.29 58.4067581053133
6.3 49.1152383728999
6.31 44.5177009308423
6.32 31.2475201623201
6.33 47.4050684721023
6.34 63.7147649254046
6.35 30.480897762641
6.36 20.759231362076
6.37 42.3696133728382
6.38 50.9007685099796
6.39 14.8726191329777
6.4 23.956456900603
6.41 41.8038869903188
6.42 31.0912724617082
6.43 26.0304426845877
6.44 33.4682124059983
6.45 35.7738972105343
6.46 30.895763058997
6.47 47.8811442930054
6.48 37.8195396121768
6.49 51.7189457222433
6.5 34.1927328874237
6.51 41.3923348628352
6.52 23.3512389057473
6.53 31.378792191096
6.54 18.1175553614394
6.55 52.8965529049318
6.56 46.0833670209933
6.57 22.5926042872578
6.58 29.5921472769211
6.59 54.8511261355273
6.6 44.9298182132172
6.61 35.9848714258001
6.62 50.3023137297886
6.63 42.0361114704771
6.64 25.9082406183155
6.65 38.523466981575
6.66 42.3963856585675
6.67 30.3651054554292
6.68 47.8000921520924
6.69 46.5596019116463
6.7 59.7110741092454
6.71 43.9815836786584
6.72 43.4477694745436
6.73 43.5254799804874
6.74 51.769595457896
6.75 23.0253071162898
6.76 51.3760759531972
6.77 32.0909359660961
6.78 44.2115771809706
6.79 47.9350515659786
6.8 36.4497937867594
6.81 48.4926004838888
6.82 40.8998687452198
6.83 41.1577487085258
6.84 45.0223683435831
6.85 23.4645655997972
6.86 40.256831750881
6.87 49.7013223053771
6.88 31.3723196833288
6.89 25.2618517539011
6.9 40.4350613080263
6.91 38.8236117861785
6.92 51.3777587714402
6.93 36.2352244958848
6.94 27.0662672307558
6.95 51.5106086242209
6.96 39.948772410272
6.97 42.7041794200112
6.98 24.7091663524302
6.99 27.2446992287896
7 38.2095148714509
7.01 57.9338932315835
7.02 48.125497864064
7.03 35.792800358818
7.04 26.1274781515138
7.05 40.7918388818615
7.06 15.9193065514494
7.07 47.7987670619465
7.08 32.1069393901291
7.09 48.0439705523371
7.1 27.9123560812456
7.11 56.8868114780794
7.12 47.5927394133777
7.13 35.5658042310926
7.14 35.8068164035347
7.15 54.3645635237498
7.16 35.851874631393
7.17 48.7385461881188
7.18 28.6796732562614
7.19 54.1536467898129
7.2 28.5780793326029
7.21 39.3303097588603
7.22 40.7902296504614
7.23 45.5857428003225
7.24 41.3959443664926
7.25 39.9044190437805
7.26 43.1370787358954
7.27 29.6478944275269
7.28 49.4244264180423
7.29 43.0717077605396
7.3 41.9225841480935
7.31 25.8232556348164
7.32 34.6498382728009
7.33 26.6773781979151
7.34 44.8568840740319
7.35 32.8792777354539
7.36 41.3262767329515
7.37 40.343929694034
7.38 62.8349944684761
7.39 57.0971540536059
7.4 39.5982979009852
7.41 46.2162577469539
7.42 47.6649711115595
7.43 59.6240783218971
7.44 60.1912013677184
7.45 30.7724540505892
7.46 29.3764598334717
7.47 25.7607898994536
7.48 40.4982392221652
7.49 51.8865018175112
7.5 42.4941139970637
7.51 41.2617470310464
7.52 30.9601896986
7.53 55.3268658190808
7.54 53.355631482406
7.55 45.1363144888006
7.56 29.2426077571511
7.57 50.4577493127032
7.58 28.2709970991478
7.59 48.3659163392997
7.6 40.8131027031127
7.61 53.8818648989192
7.62 48.0432948915975
7.63 47.4739403328076
7.64 52.5008751358879
7.65 42.580434841109
7.66 40.4016075132098
7.67 35.0422594528824
7.68 43.9814025929514
7.69 32.9578753946564
7.7 47.7223606971646
7.71 32.9232747353189
7.72 48.5732717025975
7.73 31.2507309195192
7.74 42.9720753222046
7.75 43.9619383391191
7.76 24.1136070833405
7.77 49.9556307532323
7.78 29.6011738843189
7.79 48.7601488817256
7.8 36.0008736730119
7.81 52.4904833056158
7.82 44.0394971971803
7.83 36.8465329267004
7.84 34.9121493191387
7.85 55.2120578976792
7.86 40.9997494387514
7.87 61.3915528887783
7.88 29.7857502160245
7.89 36.9411633267366
7.9 48.4298462508924
7.91 37.7627982985649
7.92 52.9831489148295
7.93 54.848303930005
7.94 40.3357312852538
7.95 45.7826341684162
7.96 50.192730682439
7.97 43.1371318078405
7.98 48.664159902493
7.99 43.2551363480078
8 65.0263447946396
8.01 45.3590293214513
8.02 30.9700709216198
8.03 38.8749046679095
8.04 47.7665448003869
8.05 59.5022533553519
8.06 40.9965558131504
8.07 21.8012168536762
8.08 43.7140538918598
8.09 49.4544276357214
8.1 69.3159459251093
8.11 45.4662690892114
8.12 70.3092732807472
8.13 46.1146503955839
8.14 38.1467058415768
8.15 41.7502682596314
8.16 40.6828743322
8.17 51.9268232867496
8.18 37.6245480691753
8.19 62.7074191907724
8.2 68.4714293761378
8.21 58.8556627916105
8.22 47.421407193758
8.23 51.1847222417163
8.24 64.4670879960498
8.25 34.0902458548695
8.26 44.0984124740048
8.27 50.8240788302517
8.28 54.7006621797197
8.29 29.4429997016371
8.3 49.9168138019405
8.31 45.0121522322361
8.32 60.4584567936222
8.33 53.2641115352945
8.34 44.6080206941233
8.35 79.3079254336218
8.36 64.1444334960419
8.37 41.8699965639497
8.38 38.8030100738629
8.39 37.0337920593702
8.4 45.0911801602911
8.41 55.0395237277322
8.42 17.5152876023859
8.43 30.82107098418
8.44 48.3447686069006
8.45 60.4807138075298
8.46 49.079333372391
8.47 57.0491467814618
8.48 72.6378312801939
8.49 36.1571014585098
8.5 54.2298640032431
8.51 44.1141555152415
8.52 27.9484977838139
8.53 45.7686879800705
8.54 62.778988599325
8.55 41.4684180361418
8.56 52.9415287214679
8.57 64.8770937602725
8.58 55.6747445807071
8.59 53.5337065916027
8.6 50.2691782076365
8.61 71.3606699240833
8.62 53.3838245458096
8.63 37.8001886277954
8.64 62.7511266392583
8.65 50.0413402743198
8.66 39.5888034667025
8.67 44.9211753746102
8.68 45.5416303500315
8.69 51.4954400635834
8.7 39.8134568671912
8.71 24.0166287216973
8.72 62.4003925066707
8.73 53.7517667805791
8.74 47.8885724125656
8.75 33.9714329908875
8.76 53.8879636984108
8.77 49.5666483987742
8.78 47.6588129173002
8.79 31.7066561020988
8.8 31.3260799816903
8.81 46.3621317245292
8.82 42.7078163476078
8.83 44.754263164536
8.84 44.7054141426805
8.85 40.3234564566553
8.86 83.2627822675423
8.87 54.54875707979
8.88 51.7382233675988
8.89 41.0248865621667
8.9 42.4935714211538
8.91 39.2689721060275
8.92 59.7506619006808
8.93 56.9447164269703
8.94 52.6792454024785
8.95 44.3565568303234
8.96 49.9658986431926
8.97 52.125502101275
8.98 55.7560040614513
8.99 46.0988369458247
9 48.5442021786682
9.01 55.3906295711501
9.02 39.3583683312978
9.03 66.9965703507564
9.04 35.3953984200583
9.05 61.5819747263567
9.06 37.4964504228137
9.07 18.5936313665208
9.08 71.023655048949
9.09 56.7095751544131
9.1 36.824026543615
9.11 53.9850452887993
9.12 24.7685713673107
9.13 56.7296952488898
9.14 53.4602836010102
9.15 65.1857991739014
9.16 58.4377096253991
9.17 53.541136769259
9.18 25.2855605672902
9.19 40.130911792939
9.2 56.2152425349563
9.21 81.0638379714387
9.22 46.3822861345215
9.23 31.354322197573
9.24 57.2954025798468
9.25 45.809714193272
9.26 39.8803380426438
9.27 58.5782968385586
9.28 48.2337553800499
9.29 56.7145208535673
9.3 61.438986848921
9.31 41.5260028948893
9.32 55.3006115465771
9.33 55.186100954121
9.34 54.1468414025229
9.35 61.4517917441062
9.36 53.4775348706436
9.37 51.051356967903
9.38 37.1610715648805
9.39 60.3711606856267
9.4 53.6655747663878
9.41 38.9537716253365
9.42 26.0849356787399
9.43 71.2059020821064
9.44 40.7821785215915
9.45 56.9745579107217
9.46 57.0720389649267
9.47 47.126149064295
9.48 53.4839422254534
9.49 62.4565146312885
9.5 36.8113425980532
9.51 61.0670513373058
9.52 59.1974254569102
9.53 46.1219546627962
9.54 32.7870224120138
9.55 39.6526765810978
9.56 46.6994612687884
9.57 42.5192088707063
9.58 69.6027000122788
9.59 45.5652191447214
9.6 72.4856796919411
9.61 41.6060131907075
9.62 56.5667722876007
9.63 71.2749017442526
9.64 59.5018771203847
9.65 52.5219472888133
9.66 62.9017465152758
9.67 55.9630835443515
9.68 54.1440152990911
9.69 57.8446641978679
9.7 65.5382625557388
9.71 66.2187053986586
9.72 33.3534534028309
9.73 50.0352178572271
9.74 40.0883633457471
9.75 42.3729797728629
9.76 89.5994761544093
9.77 63.3672925854846
9.78 49.7643665578854
9.79 58.0216854747668
9.8 65.6487714714339
9.81 51.5594976185302
9.82 50.3896569574743
9.83 52.775148091592
9.84 52.6146359702299
9.85 64.2455649938527
9.86 62.5823751513981
9.87 33.1032020496151
9.88 67.0003949404447
9.89 52.6726317726387
9.9 49.861412073759
9.91 75.5531757649738
9.92 48.941107309416
9.93 49.0664480239638
9.94 25.5296430993911
9.95 32.1862072674236
9.96 43.2586434684462
9.97 66.1107176653536
9.98 53.9313360605909
9.99 57.2766442543627
10 62.4262110103373
