0.01 -2.73171519458667
0.02 -2.44452993547695
0.03 1.72744239178733
0.04 14.8462772938127
0.05 -8.97581704095478
0.06 9.01736171857039
0.07 -5.35537643917059
0.08 -5.05526906617528
0.09 6.9021454745794
0.1 -5.11920870087027
0.11 -7.44144242982219
0.12 1.42611577477813
0.13 20.3317583077602
0.14 4.12065054583118
0.15 -1.66977014999015
0.16 0.505674709658298
0.17 29.3310764970428
0.18 10.7777236698145
0.19 -3.7193095532754
0.2 16.3001448357565
0.21 -20.9010323866651
0.22 22.3609821247157
0.23 11.1498667740819
0.24 -5.59608770610167
0.25 -9.34309327231308
0.26 -1.79720530209736
0.27 -4.8790810867171
0.28 13.9526130077629
0.29 -10.7167228368809
0.3 4.6037148250875
0.31 22.1153001733762
0.32 -13.7800581398617
0.33 6.72486594136495
0.34 -17.4834355439145
0.35 21.1068471417095
0.36 -4.91862545941767
0.37 1.31428974707094
0.38 0.266599487371238
0.39 -4.42362534083585
0.4 3.35672256874474
0.41 10.3846513532862
0.42 3.17283493575412
0.43 -6.5447722767353
0.44 22.4762158124721
0.45 -4.906277749939
0.46 -14.3407314121556
0.47 8.18210985132663
0.48 8.05873629102873
0.49 31.8373522421067
0.5 24.4956971697173
0.51 7.43489621417937
0.52 -0.00723470344872368
0.53 26.7343326523049
0.54 -2.04874403395455
0.55 9.69075745851273
0.56 0.250054235718649
0.57 5.03847924031001
0.58 -12.1602927350373
0.59 -10.1745518765887
0.6 13.7747818134041
0.61 3.35689483833695
0.62 10.1827673321409
0.63 8.56590981744442
0.64 3.85781452419934
0.65 -0.857960211903214
0.66 -8.11879372705749
0.67 -15.0624040047557
0.68 -4.40165376235562
0.69 17.426247985258
0.7 9.02488143640783
0.71 -4.33613353484809
0.72 11.8110497391836
0.73 7.22697458108524
0.74 6.89676909984645
0.75 16.8521266989171
0.76 12.8002993494334
0.77 17.7448047193285
0.78 4.84695966495997
0.79 -12.2681763102361
0.8 13.2759785952641
0.81 12.0010419378063
0.82 1.41188377682852
0.83 23.1140779686289
0.84 -4.35697154910628
0.85 8.04905335741577
0.86 10.3064023357784
0.87 7.44906211868028
0.88 9.12480530078612
0.89 9.0584607733189
0.9 26.0555814041378
0.91 0.248046300906136
0.92 -13.1032385151403
0.93 19.387752700815
0.94 5.94000948512735
0.95 15.1081582429149
0.96 11.4583541601393
0.97 7.58926015500334
0.98 8.85307221821435
0.99 13.4565339381891
1 0.0550422693245665
1.01 8.11173098857387
1.02 5.69550880614298
1.03 -7.67360098145553
1.04 7.09205369258307
1.05 24.333200844137
1.06 19.9999300806609
1.07 8.09164294490039
1.08 5.46675085454629
1.09 6.73773868775541
1.1 -13.1397226121005
1.11 6.94195180828547
1.12 17.2037866921934
1.13 29.0552568726516
1.14 15.7242166060225
1.15 8.5839297258055
1.16 3.44404818547448
1.17 10.0682769747839
1.18 8.82842052177335
1.19 2.12154501533902
1.2 1.78266164461465
1.21 16.1118685387212
1.22 6.72746773271369
1.23 17.0066892558588
1.24 12.9009315217084
1.25 -8.20259751305853
1.26 20.3028161270474
1.27 3.70222838349911
1.28 2.16162529776079
1.29 31.4050465203023
1.3 16.4418266790104
1.31 -13.483041623046
1.32 40.6637266642416
1.33 18.338194633749
1.34 11.6007895125634
1.35 -2.71267608869477
1.36 -1.0947131080159
1.37 -5.86121444450251
1.38 14.0577228547935
1.39 2.03197200919316
1.4 -3.61704443752745
1.41 3.02482011165892
1.42 28.585472802014
1.43 0.114531535462627
1.44 14.2246444298123
1.45 8.59744320889001
1.46 10.5008110420851
1.47 -7.48196692732793
1.48 22.3032975698561
1.49 12.4583108006631
1.5 22.089116507026
1.51 14.3136058105296
1.52 29.9422238860669
1.53 11.0861428652074
1.54 24.7430785943993
1.55 18.533494377861
1.56 19.1339008010119
1.57 15.8418929111841
1.58 -6.85841741833732
1.59 25.6424704124775
1.6 10.6932831947158
1.61 29.095466131672
1.62 29.8255313941069
1.63 8.3412091476642
1.64 22.4430675287691
1.65 -1.1996180366214
1.66 19.2490012419381
1.67 0.645798236752055
1.68 28.4629872284201
1.69 2.38411046670425
1.7 0.935198989281131
1.71 21.7804810852157
1.72 31.8895657141559
1.73 -3.13626909616668
1.74 14.8479019356881
1.75 22.9011636039786
1.76 6.08226808404733
1.77 8.05264964469334
1.78 21.3900772447532
1.79 12.5218125003905
1.8 7.38544386816456
1.81 -2.73825323791374
1.82 10.2601909987936
1.83 28.625690492035
1.84 3.44254329908662
1.85 36.0222112677094
1.86 14.7792573055977
1.87 -5.44449041982418
1.88 17.5574825652356
1.89 15.0323298660185
1.9 15.5569652001464
1.91 31.8504465561813
1.92 7.18287684413272
1.93 8.61631625096126
1.94 -4.84669796224329
1.95 27.4232546045025
1.96 9.19179634652764
1.97 13.6123831901403
1.98 7.34284907546124
1.99 -0.268161785635384
2 3.14793661853852
2.01 3.2918690722062
2.02 -8.32966123864446
2.03 12.5500256371566
2.04 21.2705501158027
2.05 27.3111420081356
2.06 13.6893108875455
2.07 12.715766007897
2.08 19.4464764767734
2.09 22.7716335561107
2.1 9.83438562337546
2.11 24.1763229048153
2.12 4.15336823936694
2.13 14.3019942898107
2.14 19.2239821478018
2.15 22.3824985973557
2.16 22.3437704338032
2.17 17.3913677244238
2.18 17.9426404266968
2.19 30.2083680435903
2.2 25.4106495332078
2.21 12.9619348008055
2.22 28.0665058164096
2.23 13.4615969117398
2.24 5.9772615964725
2.25 41.1256617849658
2.26 21.8072486759495
2.27 -1.130329598269
2.28 11.346391700395
2.29 18.2858045037403
2.3 16.1916027821505
2.31 4.46585272341427
2.32 17.8482545652145
2.33 13.9780680949693
2.34 24.5352041814284
2.35 20.0453800163399
2.36 19.2471824091574
2.37 -5.44007834057982
2.38 7.10786896332914
2.39 33.2709645400406
2.4 4.8890300565731
2.41 15.2665553521869
2.42 46.4914454437168
2.43 -2.14099266076005
2.44 21.3098187064351
2.45 -0.852156158513255
2.46 8.05940441761364
2.47 19.356234537804
2.48 7.48525738043286
2.49 3.27119691937095
2.5 12.3380376488747
2.51 10.7699389414955
2.52 20.1857793504786
2.53 18.4116844463187
2.54 25.2129640084074
2.55 13.4367289782957
2.56 4.97124762221909
2.57 17.7257311843753
2.58 26.0396587893636
2.59 20.7346578865099
2.6 26.931706668625
2.61 19.1282256061776
2.62 13.6092008076718
2.63 28.6445244926974
2.64 15.6815096131913
2.65 16.8764881782818
2.66 18.8771828178024
2.67 11.8429061640902
2.68 8.85987474954415
2.69 28.7634937795772
2.7 17.8032362034512
2.71 14.5840279007806
2.72 22.9018789771971
2.73 14.9360879378589
2.74 16.5131169525919
2.75 12.482431548334
2.76 33.6697099906054
2.77 23.8888199462472
2.78 5.78978330519738
2.79 29.0137240295865
2.8 15.8848190553776
2.81 23.7004260111836
2.82 24.259431331292
2.83 4.79979343094689
2.84 37.3804755187303
2.85 29.5065862038398
2.86 46.1314724566256
2.87 7.07405193282949
2.88 7.52013978927635
2.89 18.7983468682591
2.9 15.6167329477919
2.91 26.134586678181
2.92 8.48082488943776
2.93 31.6048681917964
2.94 28.3428491212127
2.95 10.5715018753061
2.96 16.8755616635147
2.97 24.3789413134983
2.98 0.829138501861451
2.99 14.3031026261816
3 12.6268493805294
3.01 28.5767451128751
3.02 30.2915104114185
3.03 21.1694613748327
3.04 15.8662367480805
3.05 30.1588517715144
3.06 2.52033464372621
3.07 17.212505723518
3.08 26.6575101774035
3.09 6.8126546341696
3.1 11.7822010052066
3.11 20.1567962574322
3.12 24.7581593362775
3.13 32.001802686158
3.14 20.1956225310049
3.15 13.8685647392229
3.16 23.6255533291033
3.17 25.7395307967328
3.18 14.2389199466974
3.19 23.891858856134
3.2 25.7886706650384
3.21 -1.91586077354286
3.22 21.6960840692162
3.23 18.1216723913188
3.24 38.5856354836913
3.25 25.3314216267841
3.26 27.8662839684805
3.27 16.9531742993273
3.28 38.2432113739475
3.29 28.5301952190666
3.3 4.86824729886945
3.31 11.0247751204187
3.32 28.3307412455077
3.33 1.95466607752155
3.34 32.3554698737893
3.35 22.9988192929817
3.36 8.96618413226844
3.37 26.0152120223927
3.38 17.5424081288512
3.39 28.8809521723752
3.4 25.1484098405498
3.41 33.654676156077
3.42 24.1397148600542
3.43 31.137264715202
3.44 27.9701439106185
3.45 18.6967138279079
3.46 8.18409473296967
3.47 34.6314489542096
3.48 13.9318837445296
3.49 32.4114681256941
3.5 40.9382359644289
3.51 29.7295156865314
3.52 26.7588978185307
3.53 27.4194332542692
3.54 24.6819155855454
3.55 23.6963756134947
3.56 15.7279348125358
3.57 10.3269931669376
3.58 27.1180068084558
3.59 21.3886963447286
3.6 6.16783085324542
3.61 35.7628664996314
3.62 29.2560286574114
3.63 27.2557372528035
3.64 19.0543286447128
3.65 14.4044523810803
3.66 38.7433684265557
3.67 34.8546928186954
3.68 25.7441280501399
3.69 17.2864886939208
3.7 18.6243120798265
3.71 21.3693232659892
3.72 32.0302292816726
3.73 10.6211540011394
3.74 5.83435527244517
3.75 33.3501763538406
3.76 31.4445578551897
3.77 16.3725716769975
3.78 17.391537930742
3.79 31.4364559578838
3.8 14.9710495084807
3.81 30.6963061122772
3.82 -0.807918532178089
3.83 29.1230702014032
3.84 7.21712601454805
3.85 17.9183553487071
3.86 28.0546446606109
3.87 21.7912725047707
3.88 24.1670660075791
3.89 27.9764443249241
3.9 33.0828867443199
3.91 29.9336439550656
3.92 21.8610897556867
3.93 24.3811851331809
3.94 22.3393305878741
3.95 14.1120784982302
3.96 20.378959755747
3.97 34.1982430483153
3.98 36.2010607853979
3.99 16.7096746069624
4 21.8087041505126
4.01 27.3171014565649
4.02 24.2817367320551
4.03 38.422620720186
4.04 18.5989773959538
4.05 26.1736105855856
4.06 29.2957983460639
4.07 25.5971582730818
4.08 12.5597716649165
4.09 22.9759550813903
4.1 34.371342542056
4.11 14.5617557087678
4.12 33.6616557980877
4.13 10.5217790806667
4.14 13.3012797787421
4.15 19.9379833337029
4.16 28.7222766827067
4.17 25.2550486438436
4.18 33.8158151625626
4.19 17.1178027222963
4.2 30.6818628377921
4.21 15.8056917356077
4.22 32.3847895590575
4.23 18.3470865667948
4.24 22.7133059799821
4.25 18.7705936966868
4.26 19.3323761083753
4.27 22.780476251806
4.28 32.8867233850231
4.29 39.4095012555141
4.3 17.7287295978697
4.31 39.122570475281
4.32 7.71963552625857
4.33 36.3830957147831
4.34 28.8055797028241
4.35 25.9482868360005
4.36 24.4791823476466
4.37 24.6441455363771
4.38 14.2638222754759
4.39 9.50900244853184
4.4 18.6609465881005
4.41 32.5673686830003
4.42 37.1540280768724
4.43 12.8695855692764
4.44 25.1150343506131
4.45 32.6138250535473
4.46 36.0762133866699
4.47 19.4670385012569
4.48 10.7517560561325
4.49 32.098959199629
4.5 27.6250428100165
4.51 40.1374873030727
4.52 14.5215103384816
4.53 27.5109243009797
4.54 41.9129738545099
4.55 39.8243547966664
4.56 22.1026700152401
4.57 25.3606894965778
4.58 19.7613596650378
4.59 28.8668248251102
4.6 30.4919441877566
4.61 24.1301811228616
4.62 29.7605603471187
4.63 41.3462736750909
4.64 31.827548011468
4.65 27.4332289592788
4.66 22.1658909072351
4.67 31.171418749191
4.68 26.4887235332067
4.69 24.9529574616441
4.7 23.818836042819
4.71 19.1523006443473
4.72 29.9956796897027
4.73 38.987447923664
4.74 26.598169862903
4.75 14.2738048146632
4.76 27.3781919473868
4.77 32.6742057024877
4.78 29.9755467830256
4.79 26.4409147353445
4.8 15.3505576562373
4.81 45.8507609116255
4.82 9.77295608037511
4.83 29.64621903252
4.84 24.8935560172316
4.85 36.2255776186251
4.86 18.1123307364092
4.87 39.7487422699852
4.88 12.9947353971851
4.89 29.4179207716407
4.9 18.9082651902819
4.91 38.0947297310643
4.92 46.8517245634891
4.93 44.874147188061
4.94 25.2584654961385
4.95 33.9963863581327
4.96 28.5356791133174
4.97 41.3369341483719
4.98 34.6513145374742
4.99 26.0590408961518
5 22.9588860341237
5.01 34.623533900778
5.02 22.6612616218845
5.03 26.023907102025
5.04 31.4292835858255
5.05 41.939731197087
5.06 18.7273708725591
5.07 56.786565382418
5.08 26.2477194546491
5.09 52.7753899757652
5.1 22.2006335675176
5.11 26.5428106498254
5.12 35.7223013991925
5.13 38.5151933656509
5.14 38.1718272375024
5.15 32.2279515173351
5.16 25.7120015783947
5.17 29.0311905662702
5.18 43.7196773231559
5.19 9.19838221168654
5.2 16.594769682751
5.21 23.2478021804248
5.22 48.5248885407592
5.23 21.9386580239674
5.24 35.9029355651591
5.25 40.2623992893201
5.26 22.9093784739654
5.27 37.9342862565061
5.28 36.624995045769
5.29 18.9245889515286
5.3 6.47090377001172
5.31 45.9278434875469
5.32 40.1015006491861
5.33 50.6066177078183
5.34 49.3198621691121
5.35 8.26557224369948
5.36 30.6594881467752
5.37 28.2067061258235
5.38 36.6999829266526
5.39 39.5262936347364
5.4 46.4771783095785
5.41 36.0601144701849
5.42 42.8124013842144
5.43 54.951216833058
5.44 36.2075926531432
5.45 39.9187092989574
5.46 17.7145395010198
5.47 49.3621456903033
5.48 26.7214276433316
5.49 28.0419350112973
5.5 25.0657284475592
5.51 37.5681267648324
5.52 50.5627354982841
5.53 41.8606888709969
5.54 56.9271187770103
5.55 37.5778285072996
5.56 35.0926102810255
5.57 61.6631511604577
5.58 17.1631421645029
5.59 27.1527082524608
5.6 22.1360052067253
5.61 32.3887297489584
5.62 51.0541636105491
5.63 45.2804978282715
5.64 47.2599126586028
5.65 17.4526516496073
5.66 32.5406262094966
5.67 19.5573682135857
5.68 47.9707160081457
5.69 33.8642816925602
5.7 25.0709615108785
5.71 38.001264193656
5.72 22.0281270051107
5.73 27.0862611766604
5.74 37.1592468205301
5.75 15.9891488124469
5.76 47.5996585054561
5.77 34.4378346500149
5.78 10.4272002925788
5.79 21.7074282269361
5.8 33.4900008513721
5.81 14.8765967463426
5.82 19.0266840669726
5.83 29.5211809560758
5.84 38.6534583155762
5.85 33.1106227930032
5.86 18.8639485694216
5.87 20.8554765143387
5.88 28.1968434578456
5.89 22.9845849163498
5.9 25.1478656502571
5.91 19.4404147944181
5.92 23.8749757793081
5.93 30.2273222267422
5.94 37.4784295191758
5.95 39.4693347319224
5.96 40.1657909663892
5.97 57.4813393796816
5.98 48.0966741530837
5.99 39.743314248232
6 39.8881515972067
6.01 26.4081414420124
6.02 17.456503334367
6.03 46.0381452114875
6.04 25.6049698850393
6.05 49.9595679562185
6.06 35.7548194410923
6.07 19.3667410336145
6.08 28.9742042937241
6.09 50.0434261148546
6.1 45.5060288528174
6.11 40.8223383374848
6.12 35.2093396451993
6.13 35.0681108125077
6.14 48.989069241576
6.15 45.5318805215049
6.16 48.2877186542231
6.17 43.1066192312352
6.18 40.9766800457128
6.19 47.0871367437194
6.2 55.4253593442312
6.21 12.2461109338846
6.22 37.014776460471
6.23 25.9733962690372
6.24 33.2793915576395
6.25 33.4851707989862
6.26 15.7131625645466
6.27 40.9658340667513
6.28 35.0785838998066
6.29 55.7099406585528
6.3 38.3762799801124
6.31 35.217057167825
6.32 35.7203090855335
6.33 20.5606074806436
6.34 40.3313946290184
6.35 33.3317429171664
6.36 49.5879682565505
6.37 25.1981235288593
6.38 46.6880135404593
6.39 36.4731071457072
6.4 26.2059140012255
6.41 40.2756137405641
6.42 41.6430754576796
6.43 47.4668483073781
6.44 41.5610567771165
6.45 20.5912243930876
6.46 37.5904558817534
6.47 40.4046073377437
6.48 48.6377390138607
6.49 36.8727858350711
6.5 41.0143643682877
6.51 33.5424675146562
6.52 31.0555236243039
6.53 27.6664574442338
6.54 55.2807156248175
6.55 35.9323028540381
6.56 34.807882682225
6.57 45.4728496066157
6.58 51.1185767008113
6.59 17.4804001570593
6.6 42.1209001014129
6.61 42.9204029303451
6.62 21.8833528377457
6.63 40.3575858232139
6.64 31.8221808546526
6.65 52.4278404359019
6.66 34.8368470411867
6.67 43.384560643479
6.68 35.7582916733141
6.69 41.7008395600841
6.7 43.3733209385839
6.71 43.0549955977174
6.72 40.3648005302951
6.73 26.1103153079191
6.74 54.2424763348687
6.75 31.1094886901898
6.76 34.0113857077965
6.77 50.5833894495393
6.78 31.8208651211676
6.79 53.6065618667394
6.8 29.282625716975
6.81 37.0468773092444
6.82 59.4836740758186
6.83 23.8291625689363
6.84 51.3492634211011
6.85 19.1270794268592
6.86 25.9084811800187
6.87 24.6744170446672
6.88 43.270935973673
6.89 24.6978907894348
6.9 22.5783009619327
6.91 48.2523907672919
6.92 40.5126063155651
6.93 30.7594871764297
6.94 48.0640348529175
6.95 48.299454478466
6.96 34.2298299173833
6.97 28.5696172147043
6.98 38.1604434510275
6.99 48.6665802726156
7 35.5413595941643
7.01 46.2557727628945
7.02 39.0558859784017
7.03 24.5116973326139
7.04 39.6056248257025
7.05 53.716062021444
7.06 39.2294987367466
7.07 46.0352449917526
7.08 42.0009782984481
7.09 43.6381324634775
7.1 60.8704218189675
7.11 30.6242609373134
7.12 40.8354099412755
7.13 32.8619870008241
7.14 30.0216101860948
7.15 35.7536194920355
7.16 58.7477654311353
7.17 49.7731552303857
7.18 44.4750002143769
7.19 43.5289755670677
7.2 39.0655451891294
7.21 26.6949371940256
7.22 43.3183828413522
7.23 31.3475887539362
7.24 25.9010356138139
7.25 45.9573345225983
7.26 51.4305053871266
7.27 36.0554606119593
7.28 26.6298308591912
7.29 28.7899690107625
7.3 48.7690061524174
7.31 54.6411459956649
7.32 42.9379656204999
7.33 42.4799024261421
7.34 49.8814941613405
7.35 41.2574907486715
7.36 27.5575200598045
7.37 38.0378380790181
7.38 27.4115649142065
7.39 37.6767245458133
7.4 38.2661630796203
7.41 46.6993593623217
7.42 52.3374769045294
7.43 43.3340845840357
7.44 43.8127942105225
7.45 40.8087908948447
7.46 48.7562504939561
7.47 49.2119020428902
7.48 52.1933136237062
7.49 39.906972817592
7.5 28.072093344606
7.51 45.5853385856767
7.52 31.9779336894224
7.53 34.1123614310373
7.54 39.2103524481493
7.55 38.126843637899
7.56 49.6471879625732
7.57 52.1722342610888
7.58 35.3774610132788
7.59 44.2127719386419
7.6 50.3085327328804
7.61 35.114148465343
7.62 62.8200590221368
7.63 66.3430361184067
7.64 43.2444543556543
7.65 27.7286406343136
7.66 32.0463684262739
7.67 45.0786234259684
7.68 31.4776009860031
7.69 32.4057082094979
7.7 38.3579254329639
7.71 54.3632307523315
7.72 35.2611483359595
7.73 38.5520066375888
7.74 56.4780874212868
7.75 59.1426291516329
7.76 41.8488971600278
7.77 34.2693027794092
7.78 48.4407855865196
7.79 55.9841811967744
7.8 37.3415259938916
7.81 45.230220967869
7.82 49.0067524015974
7.83 48.7607738565372
7.84 52.4505544220799
7.85 46.2788245030811
7.86 58.6903171209696
7.87 35.8979887134552
7.88 50.7953478205612
7.89 45.857776449453
7.9 44.0793941920357
7.91 30.9453084652096
7.92 53.1362158796494
7.93 46.1099221159622
7.94 38.1693794013651
7.95 66.8397483749028
7.96 53.7468129234415
7.97 55.5200439022093
7.98 51.2759379545251
7.99 46.2767554331823
8 29.5574739874824
8.01 45.9815921224836
8.02 50.5767902801209
8.03 28.5663145116296
8.04 47.7903018649091
8.05 31.564376949888
8.06 37.6484810934623
8.07 63.9549944073472
8.08 49.1427216802829
8.09 61.6219660147619
8.1 68.5786296643135
8.11 55.2564057006558
8.12 38.5626608617525
8.13 34.7109999815107
8.14 44.7134000815632
8.15 50.5418559476379
8.16 38.94397149184
8.17 43.9641433321799
8.18 55.6461347883197
8.19 20.1177329261035
8.2 54.305111297653
8.21 50.2203563053638
8.22 30.9894060277226
8.23 25.4308517935759
8.24 59.4754690675201
8.25 51.6070262988527
8.26 55.149831488929
8.27 47.7955287688433
8.28 46.581280654623
8.29 49.7418867534225
8.3 49.7071924150081
8.31 53.9746602045219
8.32 55.1773226383521
8.33 38.4017228331256
8.34 50.4838526239765
8.35 60.3371141795492
8.36 46.5090373247577
8.37 55.166447637533
8.38 53.3472741921005
8.39 53.8800143783203
8.4 60.6917315255934
8.41 29.3036606928033
8.42 36.3623999414145
8.43 52.3356960016299
8.44 39.028135600227
8.45 51.0379632945036
8.46 50.9799607677068
8.47 52.2012993254983
8.48 32.9155827914814
8.49 47.1105445685763
8.5 37.5086797629193
8.51 49.8363279615135
8.52 62.018271815398
8.53 41.3555474527446
8.54 43.0175755146556
8.55 39.8327111164686
8.56 33.7578462812943
8.57 62.4230990297496
8.58 41.8385151831212
8.59 26.0292836450647
8.6 45.9454015543266
8.61 37.1989321788405
8.62 62.0076350104683
8.63 50.3522449228941
8.64 44.9361912114198
8.65 44.1476489645717
8.66 51.3601801429691
8.67 53.5177912104117
8.68 59.551865194059
8.69 49.0675724403309
8.7 38.9191705360733
8.71 44.7331933479542
8.72 51.4915584565596
8.73 37.4279989105322
8.74 55.2963519470314
8.75 69.792460421621
8.76 64.3304553949792
8.77 52.2714776834605
8.78 57.8797352092185
8.79 63.2625390948626
8.8 63.0423784380763
8.81 36.3403403927455
8.82 69.9957779507881
8.83 49.5409588205996
8.84 48.8859217673435
8.85 37.3375718572562
8.86 40.9939748624981
8.87 52.5569755437807
8.88 51.190158697303
8.89 49.0157383579268
8.9 41.4967567217701
8.91 38.9931011568777
8.92 41.3318640307741
8.93 41.06070556528
8.94 31.3196078590546
8.95 42.2239143910439
8.96 57.9539835008055
8.97 52.6435524170584
8.98 65.2581292623177
8.99 42.1811986992447
9 49.7565206716658
9.01 48.5268559921287
9.02 39.6743422430627
9.03 48.366099501796
9.04 54.4292636457841
9.05 58.2347309609781
9.06 54.3433378864286
9.07 41.8282341411519
9.08 64.0370403815395
9.09 46.3599010356991
9.1 57.4921007897122
9.11 52.891535166751
9.12 45.3756858958781
9.13 54.3845075069653
9.14 56.1745536908169
9.15 65.2532074794434
9.16 26.1977498315615
9.17 51.6256385770245
9.18 46.3169684628807
9.19 67.5714562493263
9.2 61.9212175697597
9.21 56.4540084128222
9.22 51.4760075558846
9.23 35.9851244261644
9.24 69.5439219187773
9.25 54.7479509028243
9.26 44.620074547808
9.27 51.7305599750243
9.28 51.4490006085964
9.29 46.3131240358178
9.3 38.2305361898967
9.31 42.2406218571418
9.32 56.5881480745641
9.33 56.7711102367508
9.34 41.5596243674531
9.35 55.8012818156892
9.36 50.0100976030103
9.37 53.4049451021003
9.38 44.5464130946273
9.39 55.5529987097246
9.4 67.542753440804
9.41 37.2017595837852
9.42 62.0219485234021
9.43 51.4244646942721
9.44 66.2473156436348
9.45 54.315595275732
9.46 47.3457912028764
9.47 39.6206780772372
9.48 75.7076220592432
9.49 72.0653328585952
9.5 54.3160404321261
9.51 31.7112596369766
9.52 53.2444258950619
9.53 50.6215358990313
9.54 46.8611990414856
9.55 55.0889920170995
9.56 57.3605824558189
9.57 47.4490380673209
9.58 52.2777837414667
9.59 56.362638049573
9.6 55.8650579376146
9.61 60.476087777029
9.62 62.8581264637289
9.63 58.074044153773
9.64 73.0500795096895
9.65 56.325014105232
9.66 32.7424705761891
9.67 76.6657986045547
9.68 56.9896671665425
9.69 39.0176636842134
9.7 62.6252380893553
9.71 62.6127189753229
9.72 51.1489277235649
9.73 37.2264373965481
9.74 61.091799664872
9.75 53.959241655118
9.76 51.2639938710348
9.77 50.3994800766335
9.78 42.1566618588201
9.79 46.8805415322915
9.8 38.9513916681956
9.81 41.0318026987694
9.82 45.8473247710883
9.83 60.9039128569568
9.84 53.3369900683586
9.85 64.5624044916695
9.86 55.2433962475042
9.87 61.449532870551
9.88 57.3979949061779
9.89 54.4346824587491
9.9 64.0544312189765
9.91 62.2159921126135
9.92 53.8622642099344
9.93 65.8517205425678
9.94 47.9243177648697
9.95 70.6834174476606
9.96 48.3480381244894
9.97 59.704566071055
9.98 36.8713763369645
9.99 61.6886858716076
10 47.8870053598528
