0.01 19.3367684905273
0.02 0.0858445778147175
0.03 0.15814726792671
0.04 7.55881939751061
0.05 -1.62146296217614
0.06 -3.765616101559
0.07 1.22177694289326
0.08 9.59478735957448
0.09 17.0780584049151
0.1 9.27253392259837
0.11 0.974384969423031
0.12 -18.4820318331085
0.13 -23.1669101739829
0.14 6.30084082964498
0.15 0.448964647551433
0.16 -1.54896901174735
0.17 -6.05370207805201
0.18 0.713736566697492
0.19 6.90656864569918
0.2 -7.6043332661912
0.21 7.48242206900323
0.22 17.8848169101437
0.23 -4.47695971268509
0.24 10.8560540762524
0.25 15.6188720205262
0.26 6.50124297272063
0.27 -1.62609553885578
0.28 6.41468312057719
0.29 12.040957203042
0.3 -15.6117362479443
0.31 10.0941226448898
0.32 16.9177183211284
0.33 5.0384506975835
0.34 17.9054556260917
0.35 25.6155066363647
0.36 -6.41294014985331
0.37 18.2488347990118
0.38 11.2400878511217
0.39 9.32099823787761
0.4 4.06599030647803
0.41 -6.43766674144471
0.42 3.05888779069359
0.43 -11.2509311774682
0.44 3.15735329202963
0.45 11.972079112967
0.46 -4.79721854525056
0.47 22.793373568477
0.48 5.05281884970501
0.49 14.0739916642136
0.5 7.55409337197442
0.51 -2.65571559275331
0.52 4.51953409730287
0.53 2.48270666966032
0.54 9.21098653839495
0.55 24.9994854812013
0.56 6.10216170024195
0.57 -4.2691222369891
0.58 6.33982345740925
0.59 -20.1064690707487
0.6 -1.01275281488518
0.61 29.3338806936676
0.62 8.95638475749969
0.63 16.8161738137234
0.64 9.32992041738145
0.65 30.2101342670478
0.66 3.12228295326315
0.67 25.0750424285364
0.68 22.4939533830809
0.69 -5.66618029842547
0.7 0.811201213940058
0.71 2.15666655679826
0.72 3.11636894985415
0.73 22.6361070882807
0.74 13.7863680357061
0.75 3.99740880720068
0.76 23.004403174925
0.77 34.6880910183753
0.78 9.08648848188621
0.79 -3.94052630869195
0.8 21.1986114457999
0.81 11.6038826775377
0.82 14.5486907275003
0.83 4.7053810035601
0.84 6.05268521345127
0.85 5.23568897965083
0.86 5.80081516043087
0.87 -0.194082000649534
0.88 11.3635161324749
0.89 -9.07560194055078
0.9 29.7635143934429
0.91 -2.4393096526102
0.92 -6.40356723669559
0.93 3.9454437670133
0.94 30.371332952262
0.95 10.6436368581216
0.96 18.3690192471719
0.97 6.10070540321615
0.98 12.5373335192407
0.99 16.6838214401419
1 15.3036980149444
1.01 20.6505981886158
1.02 -2.74756339625112
1.03 18.1266691075289
1.04 8.10986354114616
1.05 6.26210507856904
1.06 14.1706898890583
1.07 1.11940840789119
1.08 5.67010037966536
1.09 8.27924238952919
1.1 6.21615473769169
1.11 2.70859634630729
1.12 21.0402764238322
1.13 5.94094816007042
1.14 -0.599453138924202
1.15 6.53836750736887
1.16 5.0723323205323
1.17 5.14657816559651
1.18 24.3800119869334
1.19 18.6674400737372
1.2 -2.19428785113199
1.21 35.9811394330314
1.22 -7.20856568091375
1.23 16.4742814045043
1.24 13.0178594647389
1.25 -4.34746405951411
1.26 5.6638375132215
1.27 25.2874375666489
1.28 25.5098104077954
1.29 21.9675374124619
1.3 5.72714179660864
1.31 -1.11563201869517
1.32 6.7617257407023
1.33 6.71999963570078
1.34 22.6523693415612
1.35 5.38853786956182
1.36 16.2771770471135
1.37 21.9393778135943
1.38 7.07464597736362
1.39 5.32269940473687
1.4 23.751594553008
1.41 41.0580991069107
1.42 13.3811284889749
1.43 17.506375438319
1.44 8.55267647228044
1.45 -0.659807843240346
1.46 17.3460097165809
1.47 15.2433958974437
1.48 17.7828130128189
1.49 4.39510160270575
1.5 9.23625903319621
1.51 20.8889145742528
1.52 10.9337114252811
1.53 18.6103180822397
1.54 26.3377060771242
1.55 -17.5737511937985
1.56 3.53514774241121
1.57 2.24178513013758
1.58 2.0711282689198
1.59 9.58216101731123
1.6 9.89821723253637
1.61 13.3484280357853
1.62 14.4239773372897
1.63 7.25866918266256
1.64 12.797636664251
1.65 23.9772112960464
1.66 8.58976264036967
1.67 9.14599202301116
1.68 5.25782486087986
1.69 14.4188841493077
1.7 15.7462106917696
1.71 15.7246533229349
1.72 23.5798206983152
1.73 21.4597735833279
1.74 19.6138228444444
1.75 18.6931507366181
1.76 -5.32895728766706
1.77 23.6352457960173
1.78 31.9020816217778
1.79 9.06571189684478
1.8 -1.23699498703727
1.81 31.1329087369426
1.82 25.0733843741965
1.83 10.6473557901113
1.84 5.33836441051708
1.85 10.02888492065
1.86 -9.28120255791255
1.87 14.1049215461408
1.88 -5.59963723784254
1.89 14.6437465883212
1.9 -14.7454570596216
1.91 5.36947515552547
1.92 0.35784627272584
1.93 12.8642625595374
1.94 20.9950880883616
1.95 2.7703496122498
1.96 0.62688779807533
1.97 22.5585634627294
1.98 20.9228385137196
1.99 17.3000969344116
2 19.7352757730608
2.01 15.2708051957269
2.02 12.2350442274275
2.03 27.2974436552956
2.04 -0.112801533875214
2.05 35.142851966998
2.06 10.3125640153603
2.07 21.1243176251375
2.08 16.9779022772259
2.09 24.1988614961125
2.1 27.4570142943558
2.11 7.61773150463844
2.12 30.8423607281799
2.13 21.5464493341173
2.14 22.5257177959319
2.15 28.0162150955835
2.16 15.8229765798525
2.17 25.097859613047
2.18 19.066120326277
2.19 19.2340183170619
2.2 19.5567464660412
2.21 27.098795912995
2.22 25.8135152230642
2.23 33.4182721356699
2.24 28.4267586934346
2.25 26.8996130576512
2.26 -4.80422682136779
2.27 15.5012049248822
2.28 0.469251825873574
2.29 9.15863803400574
2.3 16.9328541443621
2.31 16.7992830644484
2.32 9.30612249771767
2.33 4.42081913039713
2.34 9.18629881591247
2.35 8.15175848161263
2.36 22.6925804015477
2.37 30.7532590201455
2.38 15.5936678209538
2.39 24.7216124865414
2.4 20.0834363419168
2.41 28.6062742613282
2.42 17.541630106226
2.43 20.494012124362
2.44 9.18764283650737
2.45 6.10601521812232
2.46 7.85138083458095
2.47 25.3862343765781
2.48 17.9148069924442
2.49 15.9499412261012
2.5 24.2164268115901
2.51 11.2383610042755
2.52 29.728740763783
2.53 15.6479615117865
2.54 24.5386419602583
2.55 9.32716022120236
2.56 40.7425104926019
2.57 12.9572460805958
2.58 24.9954228126241
2.59 18.9885959412017
2.6 15.2979262225426
2.61 46.0382274397671
2.62 31.0353624956933
2.63 22.0183843688628
2.64 21.1721654210227
2.65 37.721101387764
2.66 4.67638691162908
2.67 14.3400792022936
2.68 22.3501043389885
2.69 31.1860324210714
2.7 35.310178729348
2.71 27.8755767390892
2.72 17.4352058063526
2.73 16.7782895474165
2.74 15.553147635771
2.75 8.19305326147381
2.76 21.2120827422326
2.77 21.7186656436615
2.78 6.18144254560655
2.79 35.3309066999763
2.8 20.3057091169449
2.81 30.0468838851919
2.82 15.4783572984695
2.83 17.579182898535
2.84 25.320001045628
2.85 17.458034877701
2.86 20.0677441377237
2.87 18.9391539998092
2.88 34.9856253357418
2.89 13.9166419713444
2.9 27.1579119813278
2.91 -0.455908055931225
2.92 15.2175057342874
2.93 18.8498153451938
2.94 30.0921164400992
2.95 21.3504053996041
2.96 9.10069156783735
2.97 40.9653832774872
2.98 36.5068457040623
2.99 6.1276497535766
3 30.150621188741
3.01 24.6810580322169
3.02 18.43651093893
3.03 26.9680127089879
3.04 0.9122906166745
3.05 18.6636164689998
3.06 22.4405473529588
3.07 12.3855771461289
3.08 18.8493865761518
3.09 25.6719114652335
3.1 -3.69726303408465
3.11 14.2071528040654
3.12 10.9158726082279
3.13 24.9448539895398
3.14 15.6046525296636
3.15 21.19557774467
3.16 17.5568469865224
3.17 35.1754659254375
3.18 4.67932559690967
3.19 10.768478921194
3.2 16.1803480274253
3.21 48.08335673235
3.22 23.6280802317902
3.23 22.829760935818
3.24 -1.81730415164547
3.25 27.6131999838098
3.26 3.41110626238106
3.27 20.2222336984183
3.28 17.1947607972876
3.29 16.4629442565305
3.3 10.4094831074261
3.31 23.7744459187743
3.32 9.82132569038688
3.33 9.80116355583367
3.34 20.9706334889517
3.35 34.6382367259311
3.36 32.4548740516764
3.37 31.8565587458881
3.38 30.2213875635462
3.39 14.2910311165168
3.4 31.5547081857186
3.41 28.5822235212871
3.42 9.03491984164482
3.43 41.0665396873251
3.44 37.2025358173268
3.45 29.7497964629791
3.46 18.616436474942
3.47 22.4974941757343
3.48 8.94002389994444
3.49 10.3075132579238
3.5 22.4357940074458
3.51 16.240073589408
3.52 26.6552840412244
3.53 30.0410459670616
3.54 7.43847103906562
3.55 14.1846613935097
3.56 31.6382141158254
3.57 16.4924805674963
3.58 10.0338509764818
3.59 27.7295340320891
3.6 20.0942398917468
3.61 37.2942163108049
3.62 33.5226455371644
3.63 8.4718597895574
3.64 24.8445769658653
3.65 28.4736157929248
3.66 15.9141860664294
3.67 32.9953010101638
3.68 24.7995019814902
3.69 12.2705889638415
3.7 25.7916763284586
3.71 15.6452927567401
3.72 19.4672481119425
3.73 31.8362066126241
3.74 35.2844200392434
3.75 17.7332975432426
3.76 31.8911468322276
3.77 26.8623324873711
3.78 4.98049182387743
3.79 10.4170853764882
3.8 38.0490395955863
3.81 27.2644853936998
3.82 23.2421990624949
3.83 39.4846417585341
3.84 40.6624741115423
3.85 26.6342017819096
3.86 38.6035325623813
3.87 21.9379632639851
3.88 10.0963837642526
3.89 21.9357833957518
3.9 15.6300842939034
3.91 23.8756765950153
3.92 0.347263121380507
3.93 28.6992814241711
3.94 20.6857186107562
3.95 39.7534928594235
3.96 17.1087374320727
3.97 45.3947121865646
3.98 31.0015622749145
3.99 19.9018545266187
4 23.38207554714
4.01 9.85087975976165
4.02 19.8235500391253
4.03 10.0090063122143
4.04 16.4428597847678
4.05 22.4144326391105
4.06 29.5977578773965
4.07 8.91007245668109
4.08 2.48057938737918
4.09 19.8712480046193
4.1 19.0685214742024
4.11 26.0508533823623
4.12 26.3652645715622
4.13 30.504818076125
4.14 28.4795089814436
4.15 37.1855876373146
4.16 44.8367568356619
4.17 26.5348816738482
4.18 30.0974170289275
4.19 35.2248774503425
4.2 30.0818945189667
4.21 17.5739740316969
4.22 24.6215352226679
4.23 37.1867204319687
4.24 10.3349971342553
4.25 32.5540289359615
4.26 32.3882883201097
4.27 20.2838695810793
4.28 22.8082964868035
4.29 25.5739457674449
4.3 48.3503615915312
4.31 21.5056937607491
4.32 21.2827937644388
4.33 25.9911982771964
4.34 29.283080084826
4.35 42.1958908317785
4.36 24.8038308068924
4.37 31.8911776972945
4.38 36.475636823421
4.39 22.4170724471858
4.4 38.0217240077304
4.41 33.1646426180751
4.42 14.8148897111065
4.43 18.5815184767326
4.44 17.4177139166647
4.45 47.8513953570949
4.46 36.2628523890755
4.47 17.0446747571085
4.48 22.1161412624666
4.49 26.1179927681681
4.5 15.5754841011915
4.51 36.1331019922344
4.52 32.2774063592229
4.53 21.3728899330327
4.54 27.5362521630807
4.55 18.5055031993373
4.56 32.9790112078241
4.57 25.5342558267334
4.58 42.6254096894294
4.59 31.3381903008097
4.6 23.2336966490599
4.61 33.9621259675331
4.62 16.7508747461974
4.63 24.6304717497478
4.64 9.83487926718577
4.65 32.897607956818
4.66 36.7837504158517
4.67 36.3379898875068
4.68 34.8233955802317
4.69 32.3382614791906
4.7 42.3468137078308
4.71 28.8290464687457
4.72 32.267184063196
4.73 35.2147016223089
4.74 22.7130345393119
4.75 23.1690514228525
4.76 29.5929553665493
4.77 23.7318342490926
4.78 7.38980970097573
4.79 23.9984793952168
4.8 32.0835912721368
4.81 30.5444652879097
4.82 16.5204457980155
4.83 21.5670899213954
4.84 49.4939491178192
4.85 41.6059153049913
4.86 26.2185560029994
4.87 27.8218899260194
4.88 37.3940508572186
4.89 27.2838460381017
4.9 41.2235195534295
4.91 28.8606589102912
4.92 26.9161237852837
4.93 11.1925895510942
4.94 32.071302692425
4.95 31.8805611181043
4.96 37.8970124038434
4.97 29.1179217892832
4.98 48.4007852422058
4.99 23.5250185466311
5 55.6531273166536
5.01 32.6573462759382
5.02 34.8362049018597
5.03 12.279483728893
5.04 23.2489092650801
5.05 25.8005740104819
5.06 24.0348020253307
5.07 34.9802938954689
5.08 20.8109411506402
5.09 25.8202920527435
5.1 35.4009339272326
5.11 25.3972336298344
5.12 34.3446891646534
5.13 35.5644513108281
5.14 21.3179838898311
5.15 18.4103121462303
5.16 13.8835655741448
5.17 23.4068978658008
5.18 30.8081848744458
5.19 36.8165462776434
5.2 37.4302167011885
5.21 20.3616946302895
5.22 25.756263866497
5.23 48.8763197546244
5.24 32.6174642900937
5.25 46.8532848325044
5.26 32.8041175865876
5.27 39.1827982605935
5.28 39.6904185465347
5.29 43.6270452003571
5.3 43.8195110414702
5.31 30.3468473003321
5.32 25.9747987040816
5.33 38.5160716252887
5.34 21.3332143223446
5.35 33.4491531112862
5.36 31.7584081649922
5.37 27.7632100406684
5.38 30.6547280421585
5.39 37.5502690594759
5.4 31.0090660258204
5.41 36.0707088827542
5.42 34.8714084577422
5.43 30.275031273142
5.44 39.3621485240438
5.45 27.0546145626405
5.46 26.4001307993391
5.47 24.8093840131825
5.48 31.4552706888746
5.49 26.1704075455534
5.5 38.8049586203915
5.51 31.0063615787065
5.52 36.0808219411171
5.53 37.4449442586363
5.54 39.9770891809283
5.55 22.1260752512031
5.56 41.8292303809282
5.57 51.1499019549608
5.58 41.518787281869
5.59 27.989599305697
5.6 28.4538160347503
5.61 23.9891666106057
5.62 20.7546845892702
5.63 53.4585176815224
5.64 46.2849803123944
5.65 25.2105263966148
5.66 26.4669527115797
5.67 31.4132500516102
5.68 35.6573129989554
5.69 45.3338088409509
5.7 27.8201184845959
5.71 41.5567150043924
5.72 20.9140156752364
5.73 41.2628245525754
5.74 1.07176459458144
5.75 31.5675091236749
5.76 30.4537413408386
5.77 33.2987777677961
5.78 33.7906755685194
5.79 40.2591837740105
5.8 30.0449408639481
5.81 20.6169950388701
5.82 38.9114949475929
5.83 52.9511180443722
5.84 37.2033582748462
5.85 38.7320864130129
5.86 39.2084798807835
5.87 47.1713930008722
5.88 25.394135324599
5.89 39.8512017718664
5.9 36.6569795573358
5.91 28.5528974982757
5.92 20.6985640394373
5.93 33.2946953427246
5.94 45.6764731171562
5.95 41.9722104562558
5.96 21.4752575358128
5.97 42.9479457867204
5.98 35.3852300334426
5.99 28.396973811092
6 43.924035541478
6.01 46.9165756072718
6.02 36.7937214384236
6.03 30.5351090206969
6.04 31.355121243776
6.05 30.2140040461616
6.06 31.3022268466552
6.07 34.6517223462552
6.08 40.7672294609838
6.09 46.360542756339
6.1 33.7824500577413
6.11 43.6273296420615
6.12 43.2429082160732
6.13 34.0939673812496
6.14 33.2061807069956
6.15 40.2121029849481
6.16 25.7106337696925
6.17 31.4360249745819
6.18 29.9717577042283
6.19 58.4853652503855
6.2 48.6728728822148
6.21 26.0461990170083
6.22 32.4282361240291
6.23 36.103503475605
6.24 42.2337587347545
6.25 44.2653829070217
6.26 41.7015681175131
6.27 12.5472986499212
6.28 33.105531709061
6.29 41.3062324794822
6.3 48.5333275191336
6.31 37.4863382450303
6.32 45.9152350379686
6.33 45.1295626753167
6.34 22.1294853142448
6.35 40.3938547709296
6.36 28.1460512685089
6.37 47.5952895001262
6.38 30.0518394178853
6.39 44.4774896114488
6.4 23.7062717362785
6.41 26.0724578081825
6.42 45.416530175063
6.43 39.7838860318134
6.44 34.3466400926426
6.45 48.5240219739624
6.46 49.7147958063576
6.47 44.0237490699751
6.48 31.7603559362667
6.49 41.1117561973686
6.5 33.7242615846064
6.51 30.6950441330944
6.52 45.0582676020497
6.53 23.2812464935273
6.54 25.98442007525
6.55 34.5544053409854
6.56 40.5163366810157
6.57 35.5981373377008
6.58 16.4255605656717
6.59 38.2871118268104
6.6 45.587487052181
6.61 29.5307614265296
6.62 26.6561861773171
6.63 52.9329456804855
6.64 21.0094133148951
6.65 32.3097949341271
6.66 50.4592291268977
6.67 39.6670233117714
6.68 28.6749480533123
6.69 26.5363012596892
6.7 49.5140606071671
6.71 26.2371650649791
6.72 37.5125739925679
6.73 47.7508683544368
6.74 52.8110419070731
6.75 21.7897878477241
6.76 45.7089689724701
6.77 42.4178968448701
6.78 46.4808351655586
6.79 39.0672779549973
6.8 48.6369502421317
6.81 14.7442853240133
6.82 18.9959108463711
6.83 28.0714240204064
6.84 29.7857383995499
6.85 40.3260083216261
6.86 36.4126151718679
6.87 26.5869690103346
6.88 49.5623585491449
6.89 30.6187898041735
6.9 45.5299662099793
6.91 26.9145197625875
6.92 46.5971468654832
6.93 28.4273874759783
6.94 30.4164118401514
6.95 48.4363532880839
6.96 50.901972068601
6.97 41.4992969648049
6.98 49.2046365105321
6.99 31.4894445295179
7 38.8147205992736
7.01 36.66985627863
7.02 32.4905278024317
7.03 58.3095428747862
7.04 56.1576149169711
7.05 40.2119226231961
7.06 37.4302276275543
7.07 62.2036667884323
7.08 49.5695309834632
7.09 52.1102959791461
7.1 49.3189780148912
7.11 51.3465084274046
7.12 44.5062942368776
7.13 42.9385069491741
7.14 35.5046724619525
7.15 44.987068183615
7.16 32.2423568048814
7.17 46.8797727685482
7.18 67.1137119368221
7.19 36.5409789731737
7.2 51.1783582357047
7.21 46.1891524987606
7.22 44.9278922228529
7.23 47.0156338259683
7.24 44.9308948093838
7.25 44.7831929345694
7.26 56.2696999630681
7.27 50.7398091565849
7.28 24.8630031292259
7.29 16.9453145765659
7.3 50.5859644663198
7.31 68.0448672468541
7.32 30.7323491131095
7.33 49.2654123126055
7.34 44.4817879458037
7.35 47.669711078701
7.36 44.2287226281521
7.37 33.3151978584576
7.38 42.527470205455
7.39 45.0056241489638
7.4 38.0596681492721
7.41 44.0588913324341
7.42 48.5159462226251
7.43 30.2661220361603
7.44 32.194285110451
7.45 23.0217687063883
7.46 51.6725919080959
7.47 30.9423863107953
7.48 37.7834118676349
7.49 42.0432287318014
7.5 41.9041920721992
7.51 51.9566481173225
7.52 67.1473656691472
7.53 20.5980456361109
7.54 44.3067221828596
7.55 49.4196236595724
7.56 13.1679288843707
7.57 50.8281749006995
7.58 38.4016804509809
7.59 39.3753062189558
7.6 39.3269603331601
7.61 41.8835290670411
7.62 50.7057453631768
7.63 49.39104864536
7.64 22.2369683059977
7.65 37.7088373725269
7.66 33.8347664949868
7.67 39.5281505051038
7.68 50.374552269001
7.69 48.0618484350785
7.7 52.3968540196542
7.71 43.5701491640127
7.72 49.5450379976001
7.73 55.4523843277574
7.74 40.7101226562693
7.75 41.9611385967596
7.76 19.1060152554924
7.77 46.1691245287598
7.78 34.7546302908554
7.79 38.4332339636738
7.8 44.8450088677261
7.81 28.3997981110186
7.82 46.3402221992912
7.83 20.9331926364543
7.84 59.9138738089735
7.85 44.961808738003
7.86 40.6020366284469
7.87 35.6497846710172
7.88 39.5667511643146
7.89 57.4472139476731
7.9 50.5618410562552
7.91 27.6596148618094
7.92 45.2366875171401
7.93 38.9111398081652
7.94 45.8575351642714
7.95 60.1911482998778
7.96 24.5656780851854
7.97 45.7112637903424
7.98 28.8142335317863
7.99 45.5336800625767
8 41.6447890638893
8.01 39.2382906527865
8.02 40.791912235357
8.03 49.8576555022169
8.04 35.893584499184
8.05 65.8806801548581
8.06 19.1855501136396
8.07 41.464716116686
8.08 49.6692653813614
8.09 53.6359381683723
8.1 40.2118024667541
8.11 48.0290506590053
8.12 45.9611903042807
8.13 51.9946895206406
8.14 39.5511871251439
8.15 51.3090263260374
8.16 46.5359238826496
8.17 46.0641951076904
8.18 78.8330320682135
8.19 34.3867735072595
8.2 49.5234676431065
8.21 56.5371209607211
8.22 46.6490447689386
8.23 66.9326080863149
8.24 39.6483973403778
8.25 55.0362639614031
8.26 38.4125370709047
8.27 46.0945711702478
8.28 47.768687617866
8.29 47.8811784790258
8.3 30.0395649540033
8.31 66.3794543962751
8.32 50.3108384212571
8.33 56.4027556668755
8.34 38.5630347956236
8.35 35.8740553995694
8.36 24.4952865148
8.37 31.9804289697318
8.38 65.129908586907
8.39 39.3113731792272
8.4 40.9728633726506
8.41 33.3037647779039
8.42 54.1547056713641
8.43 38.7537674679826
8.44 60.9661403058863
8.45 72.0864897674305
8.46 41.8595170266402
8.47 41.9249483697201
8.48 59.6425391293387
8.49 39.6509251671564
8.5 45.1111033363392
8.51 56.4310685328316
8.52 37.0974133482285
8.53 62.5602711482247
8.54 54.7821357755172
8.55 34.1180260575315
8.56 48.0016335892598
8.57 38.9343967169224
8.58 58.032335505571
8.59 57.9812543086924
8.6 33.7563886811865
8.61 33.8998943928482
8.62 31.4767347756432
8.63 42.950914482988
8.64 54.4058021138228
8.65 69.2218252775697
8.66 45.3947086554107
8.67 44.3443062228703
8.68 47.4982494233689
8.69 50.9336164002717
8.7 52.3444992342116
8.71 26.625930986908
8.72 48.7549781466133
8.73 47.2945705683687
8.74 63.6792487923291
8.75 47.4185337229691
8.76 54.4461253352169
8.77 39.7969145299215
8.78 42.8052449738011
8.79 44.254426817612
8.8 39.3528476198456
8.81 66.2593571672794
8.82 46.2208879874883
8.83 43.0153927792138
8.84 52.0591736536462
8.85 61.580465475445
8.86 47.290002403505
8.87 71.9781847644062
8.88 55.852002131577
8.89 29.7763375617683
8.9 42.2100059929918
8.91 49.7054836087397
8.92 52.537554362319
8.93 57.5744720992313
8.94 44.8619341834095
8.95 49.8028441955709
8.96 38.23108107142
8.97 49.998076150893
8.98 40.860352204158
8.99 58.9969670451107
9 56.1432020100605
9.01 34.4101567364238
9.02 58.9116600730409
9.03 42.2307101347423
9.04 31.1417907787739
9.05 48.5953507861474
9.06 47.7919949913173
9.07 44.5294548956747
9.08 58.6979528241064
9.09 35.4051606486031
9.1 59.9298028450548
9.11 44.5307710485404
9.12 38.3126322562618
9.13 52.3040314078551
9.14 41.4942670485907
9.15 53.2745385161229
9.16 51.7915640755774
9.17 47.1200528895411
9.18 38.7547137827646
9.19 41.1693452389453
9.2 42.5609941282881
9.21 53.0982912565364
9.22 45.3415078019224
9.23 44.6933558964932
9.24 59.8821263805149
9.25 61.8587401783802
9.26 46.3624172967423
9.27 35.3513043992671
9.28 67.9249008979688
9.29 62.2942645140358
9.3 53.7945273576069
9.31 49.5647604690414
9.32 69.1782227592857
9.33 48.6507771265095
9.34 51.9338092616394
9.35 45.7995595067931
9.36 32.7104814512105
9.37 48.9879842508603
9.38 63.1190466369975
9.39 41.3200555139337
9.4 43.2692480917298
9.41 54.0608810127221
9.42 39.7648584980452
9.43 34.6698988128295
9.44 49.3461535220622
9.45 32.0256203189331
9.46 62.1967992482516
9.47 58.0082845156114
9.48 69.752507770878
9.49 43.5781669914315
9.5 39.5451984784234
9.51 40.7188092342184
9.52 42.1429386077285
9.53 54.5798457536108
9.54 45.5965389628075
9.55 56.7784703802446
9.56 53.4438696894211
9.57 56.3147667688517
9.58 36.3876160668068
9.59 52.4018407687316
9.6 32.6475653184892
9.61 56.7950674606399
9.62 59.234675107629
9.63 56.3518330180195
9.64 57.3404084409505
9.65 57.803045408092
9.66 52.3899704968052
9.67 57.6556686448367
9.68 73.745357580958
9.69 50.4937884324059
9.7 58.8171340100387
9.71 67.5105981885695
9.72 42.9203756769582
9.73 56.9949896626947
9.74 41.8851483757101
9.75 57.9025735196035
9.76 59.3376578759283
9.77 56.77996888535
9.78 58.6524054746881
9.79 25.7798972180714
9.8 38.9339364747443
9.81 57.1432852646842
9.82 65.1503809434547
9.83 52.8080072261937
9.84 53.7514143294437
9.85 49.1015976389899
9.86 74.5046105796481
9.87 25.972940106916
9.88 45.915733016589
9.89 62.29909340233
9.9 58.9956849117154
9.91 52.102842983383
9.92 49.7436630689862
9.93 53.6824126843555
9.94 48.7290807071173
9.95 40.1090583771496
9.96 29.7661158950196
9.97 54.3634249250511
9.98 49.5788701483721
9.99 53.0088990869249
10 56.9408453242599
