0.01 -9.33878799645796
0.02 18.1472753977966
0.03 17.6591990316885
0.04 -5.22236345093507
0.05 4.1476591228383
0.06 -2.06385380769844
0.07 21.2384567353591
0.08 8.59182046948042
0.09 -13.0599315591391
0.1 34.7899700582473
0.11 0.656231479467356
0.12 1.65297106708001
0.13 -9.44232491515079
0.14 13.0900119128811
0.15 6.70757929299169
0.16 -1.68619546427352
0.17 5.45030086364949
0.18 10.0427328862529
0.19 -14.2566675728713
0.2 -4.74342092003769
0.21 22.8584958683945
0.22 6.26543189618551
0.23 5.45302470622652
0.24 -2.44702492258222
0.25 4.71102731117228
0.26 19.7712205571472
0.27 9.25919489516564
0.28 9.15193111869669
0.29 10.8436770099862
0.3 15.579182439139
0.31 -1.76465730529906
0.32 16.2636731158307
0.33 -0.692494568934575
0.34 26.130160642911
0.35 8.98889869226404
0.36 16.0022925216098
0.37 9.05413684796562
0.38 7.63175984367741
0.39 -2.66257652315804
0.4 9.44783256270003
0.41 4.28470171280692
0.42 15.7397746869464
0.43 28.1073761528923
0.44 6.69512290108096
0.45 -4.16686594976845
0.46 -2.97514612275032
0.47 -6.12594798334514
0.48 11.782318868224
0.49 21.9736546590316
0.5 7.51544893503865
0.51 8.69016741159253
0.52 0.139734357855899
0.53 1.37054662575514
0.54 -8.18898328739001
0.55 -2.18911397841095
0.56 23.7099238827906
0.57 -4.51982703577218
0.58 20.1464003195042
0.59 18.2319536902079
0.6 19.9831577920509
0.61 8.97634304591991
0.62 -0.835721019591196
0.63 3.76782976918662
0.64 -2.45137973843235
0.65 -4.434498067691
0.66 21.789124102963
0.67 10.6926379358999
0.68 5.99221508595818
0.69 9.05525900035888
0.7 5.33559587312749
0.71 3.31906415803833
0.72 24.5191553154406
0.73 8.90017521568764
0.74 10.7539168896726
0.75 8.47317282014355
0.76 -0.828096709229101
0.77 13.8768450598003
0.78 2.51679935031578
0.79 4.85136477215935
0.8 8.52243322072489
0.81 -4.18252288576216
0.82 9.65159783877992
0.83 -1.929432154617
0.84 8.26686972094983
0.85 8.93608875000322
0.86 -11.0316608192628
0.87 9.26465208183339
0.88 14.7502622324852
0.89 13.7728548813204
0.9 15.993178095148
0.91 6.28999639972395
0.92 -6.10560037487275
0.93 4.10985475231741
0.94 1.62226542294992
0.95 1.958280208083
0.96 15.3049003001831
0.97 21.3398454656891
0.98 15.2284722688916
0.99 -0.743201055492194
1 11.7226435175435
1.01 9.85895847882698
1.02 17.4433212052115
1.03 22.1258109874575
1.04 25.0720912747572
1.05 17.4702226630668
1.06 12.9101731729477
1.07 6.47439253515987
1.08 -18.0691474531665
1.09 4.25367527918422
1.1 5.03380402594943
1.11 14.0845557246652
1.12 16.2458183768128
1.13 2.92565743946914
1.14 22.3989903880175
1.15 9.64801728824396
1.16 15.2711140300277
1.17 9.98768722712907
1.18 4.1539941732358
1.19 14.2931822886278
1.2 19.4358870486037
1.21 2.27497558873397
1.22 10.2400682264448
1.23 6.09587078167133
1.24 13.8405608234754
1.25 1.92008722002822
1.26 0.382468258349897
1.27 -3.48660770919985
1.28 -3.10382623125042
1.29 3.13862179734178
1.3 -2.09731607420204
1.31 20.9182824124221
1.32 22.318127408957
1.33 22.0538788191293
1.34 18.8357135395462
1.35 -3.86650702765847
1.36 25.8969811517558
1.37 11.9271777151811
1.38 5.71186007456783
1.39 -2.49829044434588
1.4 14.4091013418313
1.41 13.2890389096524
1.42 5.142207602541
1.43 3.44993985278609
1.44 12.3403685435215
1.45 15.1716129427586
1.46 15.7108704806837
1.47 10.5007610262555
1.48 11.7503647628954
1.49 5.13902104552264
1.5 8.26026595743512
1.51 6.26846128746967
1.52 8.06201993339057
1.53 22.3113420202812
1.54 -6.190712685494
1.55 37.1638416091187
1.56 3.80968240661686
1.57 23.5047217121867
1.58 9.98369060410412
1.59 11.5419262759402
1.6 10.2422343314763
1.61 23.2539677234439
1.62 2.46509007151222
1.63 16.4473707198457
1.64 2.26352941629848
1.65 10.6760352651191
1.66 -0.718301189947971
1.67 0.952103858195816
1.68 30.1969753118286
1.69 16.2105871361225
1.7 5.72823572487699
1.71 1.49807862463816
1.72 -1.33004891000358
1.73 0.364242022955082
1.74 5.56246158756443
1.75 14.2352872577609
1.76 2.28478701890683
1.77 47.9031042291478
1.78 7.60145189729634
1.79 12.8912746689163
1.8 15.6917424124404
1.81 4.4643678086917
1.82 25.0844670938615
1.83 -1.21947254025896
1.84 1.01807283783732
1.85 22.9765884385625
1.86 18.0128690870467
1.87 -1.4302774999364
1.88 14.0961657834813
1.89 10.3316722295987
1.9 14.5864324417222
1.91 7.80973372017111
1.92 24.177813667135
1.93 10.9401466097227
1.94 21.7162298525207
1.95 34.2385872089878
1.96 12.0328357885598
1.97 15.882173945814
1.98 11.1538096347591
1.99 -1.35342943263981
2 23.5240054450696
2.01 17.4704835641252
2.02 18.3589941484628
2.03 20.106325707626
2.04 13.5392035446677
2.05 25.9825635968656
2.06 15.3331689521787
2.07 6.13084499948907
2.08 12.3647046308314
2.09 30.6800455418326
2.1 9.14219379299605
2.11 17.7799655497081
2.12 16.0996659460882
2.13 14.0556075451562
2.14 17.4178287998379
2.15 14.6153766559853
2.16 16.7586601058972
2.17 13.9106682777105
2.18 8.85448750864585
2.19 29.1087127899982
2.2 11.8428281057416
2.21 9.26300812493987
2.22 14.8996933764451
2.23 14.7531080169802
2.24 33.7742230237657
2.25 39.5899694424071
2.26 23.7959919463684
2.27 23.7150638269045
2.28 6.12269962860436
2.29 36.5186397471381
2.3 19.6499626731762
2.31 25.8439267369348
2.32 29.4055671056216
2.33 13.5830400977068
2.34 35.9692889311517
2.35 28.602750251665
2.36 7.09986937997473
2.37 17.1055956993708
2.38 19.0070564680025
2.39 21.8782797339751
2.4 29.7498969694529
2.41 25.6113876876926
2.42 13.4204894023566
2.43 29.3525142725797
2.44 22.1984247671933
2.45 5.68155071237094
2.46 29.2620568319987
2.47 4.38000899987556
2.48 34.8759539030839
2.49 31.9558907932904
2.5 6.94039254539592
2.51 14.9010167062545
2.52 48.5459984405642
2.53 23.1399128164302
2.54 13.72921939668
2.55 35.1551475396296
2.56 22.4574509083438
2.57 4.88428702980472
2.58 31.5927599227458
2.59 16.3313232413012
2.6 22.4538585005008
2.61 15.5958470560571
2.62 23.476908163055
2.63 26.0636013110247
2.64 40.5079117302188
2.65 12.5810819756641
2.66 27.9856642484944
2.67 19.5075571201928
2.68 24.2415646797769
2.69 19.6641328597739
2.7 22.4212329694258
2.71 32.3859247565858
2.72 45.4580812587211
2.73 24.6029619921578
2.74 12.345713188975
2.75 10.3329632971186
2.76 30.5701893058485
2.77 20.1833914085059
2.78 9.37487692230698
2.79 2.5422901902794
2.8 7.76745940087036
2.81 9.48858684584949
2.82 31.2657922921149
2.83 10.6523110987559
2.84 30.6649028776214
2.85 30.7193959674814
2.86 17.8304224360962
2.87 5.09262866420274
2.88 19.2238053140696
2.89 23.0729938136001
2.9 24.1089281312615
2.91 17.2310886366197
2.92 22.3221249422963
2.93 18.3512443864906
2.94 13.9857767241595
2.95 29.3582414358327
2.96 21.8056578518236
2.97 11.7572017282003
2.98 30.7690032320212
2.99 14.6713617831286
3 26.6074824501542
3.01 23.1080553181425
3.02 8.03784817539661
3.03 31.1005241269834
3.04 20.5099404971897
3.05 5.82382184793547
3.06 21.7488294788376
3.07 8.55538576193295
3.08 41.9531433558962
3.09 32.2561049946504
3.1 37.3858726254933
3.11 26.6657501763472
3.12 15.7780834957468
3.13 -9.63398091224353
3.14 30.8141170605916
3.15 18.0772451664452
3.16 38.4355648790835
3.17 28.3086178065641
3.18 11.6628740474358
3.19 34.5476079569531
3.2 28.1079096724278
3.21 16.1987280457118
3.22 25.9565191583591
3.23 29.9836300294638
3.24 23.6303774060139
3.25 11.1359363392799
3.26 17.0304092450612
3.27 10.9568661433511
3.28 29.2774864993974
3.29 13.410208840108
3.3 24.1227601065402
3.31 31.5226366880279
3.32 15.0401796567553
3.33 46.9968895121962
3.34 18.2811583255074
3.35 29.0033500598389
3.36 29.1252378020807
3.37 22.4014941896337
3.38 43.4014816521349
3.39 28.1260757599399
3.4 23.9528800976852
3.41 31.6589638385662
3.42 23.1989873710826
3.43 38.7538722068002
3.44 12.6974247759661
3.45 25.1289195838522
3.46 37.1344990046058
3.47 21.4594616490178
3.48 13.6450698691151
3.49 35.9851287535532
3.5 23.2703314550225
3.51 28.8245290802953
3.52 26.1686380661927
3.53 39.0094230569728
3.54 14.7137580928076
3.55 18.3035340397754
3.56 18.2755862903592
3.57 22.889503980135
3.58 24.3846651620908
3.59 1.64038934643768
3.6 44.1566435605112
3.61 25.2205909633527
3.62 27.2036882678318
3.63 21.6326755767519
3.64 34.0557071216199
3.65 30.6713276067604
3.66 17.5264259648958
3.67 30.3030534880654
3.68 21.1276561732972
3.69 26.9118020564832
3.7 32.4341552981417
3.71 19.2972351448732
3.72 15.7106091945216
3.73 16.3090245532586
3.74 27.6045508871418
3.75 32.5707731529001
3.76 17.5546660935131
3.77 31.7292573864205
3.78 27.6351925923499
3.79 9.71624128177571
3.8 27.5871094085647
3.81 17.0530859307444
3.82 30.7525171450117
3.83 30.1376557323033
3.84 8.27241374565624
3.85 23.4005897972666
3.86 27.1967719477056
3.87 20.8476391111566
3.88 20.5741607392123
3.89 34.2268378008654
3.9 15.4306257844627
3.91 38.1068692602411
3.92 31.8379710936683
3.93 5.37388653852767
3.94 22.0908346094661
3.95 19.4945519036397
3.96 23.3940474266854
3.97 23.0010098958777
3.98 38.4071593253526
3.99 18.1664265711503
4 34.5851174140039
4.01 40.5801028628563
4.02 23.6915914195695
4.03 37.6239793582242
4.04 11.0413543047407
4.05 5.99845403461602
4.06 46.6251498054988
4.07 27.5622467449824
4.08 14.1425840391241
4.09 35.255141306408
4.1 35.0811824891809
4.11 13.8936439048879
4.12 34.6238036221426
4.13 27.9747192782833
4.14 35.1022114463826
4.15 34.0948447588794
4.16 38.2649205737163
4.17 32.4923057872713
4.18 19.5945435403367
4.19 38.3195443686836
4.2 31.9352764082461
4.21 29.5799883369718
4.22 31.6142131467438
4.23 15.1174860887009
4.24 37.9527592467169
4.25 32.718780136218
4.26 16.6039137353684
4.27 35.4721344943914
4.28 10.1331885763017
4.29 14.506476176248
4.3 11.1488524210309
4.31 20.0649468148854
4.32 28.5351366802239
4.33 33.7691151772743
4.34 31.8575739829672
4.35 11.031929775268
4.36 27.5187252723084
4.37 12.7197439850717
4.38 21.5476850892567
4.39 11.9542982543135
4.4 43.1282936623022
4.41 34.9134514758178
4.42 20.6331306631858
4.43 20.0560240344686
4.44 16.2231641103669
4.45 20.059048263118
4.46 22.3274578823519
4.47 29.3757182137863
4.48 22.6359001994048
4.49 38.6580549920314
4.5 10.2984805376317
4.51 48.4322170982959
4.52 19.7031127808342
4.53 10.3077890799657
4.54 24.0677848855149
4.55 18.9028409261558
4.56 35.3785424105429
4.57 23.4084388049143
4.58 24.2608500501695
4.59 16.169436639752
4.6 38.4678570966572
4.61 19.1594833237045
4.62 10.5842087835334
4.63 31.525401403419
4.64 35.5612437322866
4.65 40.9809997723396
4.66 58.9781390157552
4.67 1.65114210054535
4.68 16.7713782232938
4.69 31.3350721340109
4.7 25.3512592548146
4.71 41.5742138399534
4.72 34.7817002399432
4.73 17.1133794160606
4.74 0.00939067147448114
4.75 43.2333455911745
4.76 20.946301929103
4.77 18.3529580411881
4.78 33.8164721991915
4.79 25.2107040911717
4.8 24.2568735290562
4.81 35.2590329581795
4.82 21.8777389235427
4.83 18.6772800954229
4.84 27.0600582936076
4.85 12.775494740784
4.86 38.3079511993548
4.87 12.1149285543126
4.88 24.8654565214314
4.89 25.1698508327653
4.9 35.3938405616497
4.91 14.9806781942434
4.92 43.4013321746942
4.93 18.4906013925791
4.94 33.168832895142
4.95 21.4602148981278
4.96 21.8982243709335
4.97 5.69253134230637
4.98 10.7986146168879
4.99 34.3729388702038
5 36.1797822186515
5.01 33.5669635973545
5.02 53.9245831059242
5.03 11.8270635895423
5.04 26.6608997240023
5.05 31.9009803706961
5.06 19.4764915578281
5.07 9.42876948723217
5.08 23.3841031648627
5.09 29.0877196694699
5.1 32.7838713297914
5.11 25.1381545452605
5.12 22.4597964667923
5.13 42.5760309849724
5.14 36.8907051562392
5.15 36.7614867674556
5.16 46.6897940917896
5.17 53.7317399535776
5.18 36.3306206897168
5.19 30.752619784286
5.2 50.751883497998
5.21 6.40361059984365
5.22 21.4242184202649
5.23 25.9482440401673
5.24 38.3585409166796
5.25 28.0267611766418
5.26 29.9016919979866
5.27 34.7838077118925
5.28 41.8975987944114
5.29 28.7365398552248
5.3 37.4386723907996
5.31 22.1940834165468
5.32 28.8574828309812
5.33 25.2205227357748
5.34 20.7710452792731
5.35 33.8452716266108
5.36 42.8872812923907
5.37 42.828654330204
5.38 45.3597947473558
5.39 24.7232451933443
5.4 15.79094909938
5.41 29.6735272353206
5.42 30.8759317470662
5.43 14.3616462408442
5.44 34.1284203327169
5.45 13.6081695809172
5.46 25.7465286688316
5.47 40.3147277909644
5.48 34.0281104771812
5.49 45.469379046409
5.5 39.096824074375
5.51 24.3972816416291
5.52 38.0833271578365
5.53 28.8423240865484
5.54 26.6876780749719
5.55 33.5242932619921
5.56 40.9182443471264
5.57 14.1116986928865
5.58 37.7087847074419
5.59 29.748113239151
5.6 58.1865372443058
5.61 39.4163770765261
5.62 15.0957770964992
5.63 45.9643625348361
5.64 40.3892977491182
5.65 34.6401360786507
5.66 26.145462322146
5.67 17.322816824296
5.68 50.0596667094752
5.69 35.4140049770856
5.7 65.2506482919709
5.71 51.7800898139191
5.72 35.1853537161329
5.73 48.5032862221115
5.74 36.2240213449966
5.75 40.0527719416845
5.76 37.9268761377835
5.77 22.445262909889
5.78 21.9517628352947
5.79 46.8318839920254
5.8 25.8236662568922
5.81 33.4539955527378
5.82 39.7528886110071
5.83 30.5286340499732
5.84 39.6437784311024
5.85 31.9771308557071
5.86 42.6260612445294
5.87 23.9807434111507
5.88 19.4915639963197
5.89 37.1495659535714
5.9 23.4002673358041
5.91 43.0374308326874
5.92 41.4705655739703
5.93 36.8629838638497
5.94 23.0265294639239
5.95 42.6401243772211
5.96 35.3175012318161
5.97 42.2005315605842
5.98 39.7856165688661
5.99 27.960710419203
6 35.1225283722441
6.01 28.4091796951617
6.02 41.7259797936183
6.03 43.37723347548
6.04 38.2382319550013
6.05 28.834791842588
6.06 45.4775759051842
6.07 31.2146208319923
6.08 37.3193241322088
6.09 42.2957789462482
6.1 32.36402885883
6.11 32.6412178345754
6.12 47.7197858990597
6.13 40.1010867257905
6.14 34.3083378709503
6.15 44.1208894973295
6.16 32.9535407232167
6.17 42.5947249770541
6.18 22.1496951320081
6.19 48.2896834010483
6.2 24.4130743713874
6.21 39.9354632599896
6.22 30.4830438799929
6.23 34.8234425223638
6.24 39.1871005144521
6.25 27.9863372283443
6.26 27.7514061331468
6.27 35.9935734557368
6.28 43.940529985612
6.29 41.0075279358921
6.3 38.8840955881006
6.31 52.7740977554842
6.32 20.7700465164037
6.33 30.6389870515489
6.34 34.1824082826422
6.35 35.1854918746697
6.36 32.1381233417861
6.37 35.8284750056539
6.38 53.9793590841955
6.39 32.6498382024839
6.4 45.2704285788033
6.41 46.3622816337084
6.42 37.8294990069707
6.43 58.4454709999086
6.44 43.2770347643777
6.45 47.1647530315359
6.46 44.7498309648594
6.47 30.5287936473374
6.48 54.333021954373
6.49 38.8224835872916
6.5 12.8298360346576
6.51 35.3522330773544
6.52 61.2592027634505
6.53 42.7664711506493
6.54 40.1170298729023
6.55 32.3176909469602
6.56 40.1413475790299
6.57 28.9433965389437
6.58 21.9571452068217
6.59 41.40070030751
6.6 50.6374085426845
6.61 31.5503491145088
6.62 20.5865931769942
6.63 20.8347896593588
6.64 17.6131069138238
6.65 41.7576464308215
6.66 36.8720274166983
6.67 29.1173096824088
6.68 25.8200356135474
6.69 20.5099185753582
6.7 38.5832213800747
6.71 49.380669737146
6.72 40.8299830783168
6.73 43.5485751396202
6.74 47.6985539171601
6.75 38.0345934350805
6.76 40.9407362631742
6.77 30.8041689339581
6.78 29.8091391906829
6.79 41.7914686028134
6.8 31.1125388267423
6.81 47.0770863193447
6.82 29.2277309208954
6.83 31.1797211201789
6.84 27.8635292170265
6.85 45.8407552676027
6.86 34.1028407375618
6.87 48.6986141077193
6.88 40.2783661298805
6.89 46.8398929260454
6.9 38.3475579945823
6.91 28.5623405657244
6.92 34.1348378770786
6.93 23.9025719164511
6.94 54.2153693648233
6.95 35.3613082699581
6.96 16.1192059072239
6.97 43.2063425994199
6.98 28.3119746889924
6.99 49.0461264013262
7 38.0375410580174
7.01 43.8751172988253
7.02 41.1771509572205
7.03 50.149618999774
7.04 27.2278093513908
7.05 55.0587609546529
7.06 46.6627357076958
7.07 23.6694137259155
7.08 57.9245659857418
7.09 39.1909013961591
7.1 51.9018715735384
7.11 49.1914275269291
7.12 26.9824721033703
7.13 49.5782298323101
7.14 28.7330209361856
7.15 35.9138387178396
7.16 38.8377631162162
7.17 54.2890892887536
7.18 53.3438007489918
7.19 27.5324815785841
7.2 33.8977754769887
7.21 24.3116822450059
7.22 41.6056576327726
7.23 38.831464467329
7.24 29.8369315181986
7.25 43.7075238734315
7.26 31.3354813010641
7.27 46.5210403927395
7.28 24.1177737372339
7.29 51.9635906951867
7.3 37.1422939206656
7.31 49.5816073876902
7.32 31.4746207914198
7.33 45.3094547297565
7.34 50.7057476166974
7.35 49.0104142665211
7.36 21.9073383136219
7.37 26.6852754986405
7.38 4.39707678095071
7.39 15.4616031096939
7.4 39.8708297523021
7.41 24.5115641209241
7.42 57.5392178884771
7.43 55.2546288857648
7.44 47.5904289352255
7.45 30.8164130334619
7.46 61.3818533219022
7.47 41.8516435281163
7.48 48.5694357879016
7.49 33.391935674012
7.5 42.8142033078759
7.51 40.3286226456849
7.52 26.7388609677502
7.53 44.1201716237966
7.54 40.8024268045501
7.55 61.7487703992388
7.56 18.7061291004917
7.57 50.9284451764566
7.58 66.2580057054734
7.59 41.6071332997013
7.6 40.1452393100964
7.61 40.9201958691028
7.62 35.9470623924189
7.63 26.4258074004614
7.64 53.2288406660934
7.65 42.4168597708795
7.66 36.4867021603651
7.67 55.8246005330984
7.68 63.5408235663715
7.69 27.4070641416412
7.7 51.7982794239817
7.71 46.1144797095444
7.72 47.0027310066325
7.73 47.3334076864166
7.74 54.7240008333738
7.75 39.1014817796325
7.76 52.0539411884226
7.77 47.5611965820406
7.78 48.7750895894904
7.79 47.9778704525875
7.8 61.6397026532835
7.81 41.5575647002123
7.82 50.0003705381391
7.83 48.9183007638447
7.84 38.4238259235763
7.85 51.00214107884
7.86 52.1896159696408
7.87 24.2182258812561
7.88 55.3461346203985
7.89 46.5784944313453
7.9 31.9729597369381
7.91 55.4297680443484
7.92 36.1157462547951
7.93 47.595783667103
7.94 44.7873513704956
7.95 41.4004023577672
7.96 56.5817021376695
7.97 40.7263285875686
7.98 51.1019705498543
7.99 36.5292343313407
8 44.0920110840475
8.01 48.1244356269682
8.02 34.8680334041852
8.03 42.3777315288396
8.04 47.3319514012637
8.05 53.1407804632152
8.06 36.330906665517
8.07 53.2422327230003
8.08 42.4102468168001
8.09 59.9447531034935
8.1 33.7732471865382
8.11 52.8793087012004
8.12 46.7947238055723
8.13 58.6507233129422
8.14 35.1728173508402
8.15 40.1942221558058
8.16 41.1742754180886
8.17 50.783876992188
8.18 36.6234036829442
8.19 32.5909512423949
8.2 49.5430064102732
8.21 45.8144014764812
8.22 40.6178904922192
8.23 52.9904485536198
8.24 49.5916885971755
8.25 38.7673008153894
8.26 42.6741794187944
8.27 49.1552882901366
8.28 47.3283644656797
8.29 42.3966513158313
8.3 59.3113469335901
8.31 50.4420230409013
8.32 42.2096564293617
8.33 43.5556249879363
8.34 49.3792293815162
8.35 29.3443495285713
8.36 34.6467685652408
8.37 73.2625110251361
8.38 69.0924184814366
8.39 33.3705892915282
8.4 57.1494327213687
8.41 44.9607076333201
8.42 41.3451785365877
8.43 54.8606616643673
8.44 58.0424146067504
8.45 54.155029956646
8.46 36.513132795644
8.47 53.38526991146
8.48 49.7089626791655
8.49 43.9609535553309
8.5 46.4551174697324
8.51 49.5842977798566
8.52 40.2242492537696
8.53 65.8447677881296
8.54 49.7768259069507
8.55 49.8070658479027
8.56 42.4842045647992
8.57 47.0808892389392
8.58 55.4108531760844
8.59 58.8222992321088
8.6 44.0360630474808
8.61 56.4234719950738
8.62 51.7380454712192
8.63 58.0628631316506
8.64 55.1499213083198
8.65 47.932991888283
8.66 55.4752060744776
8.67 38.5134809307771
8.68 38.6636125494259
8.69 30.3994298075378
8.7 49.5743079691274
8.71 36.5582808487874
8.72 35.7519021157975
8.73 58.9889111934492
8.74 59.1929646632679
8.75 41.9674788237374
8.76 57.6449777981406
8.77 35.4511486513872
8.78 68.7852214124103
8.79 48.5713265643383
8.8 50.1074430429488
8.81 68.5767248456112
8.82 40.0594967490221
8.83 44.2087186422389
8.84 52.7731526197824
8.85 50.4168669649519
8.86 63.4931658258457
8.87 48.3085056492556
8.88 48.3742444403789
8.89 48.7759379606578
8.9 45.8766499863627
8.91 47.7138359089947
8.92 35.1048352631211
8.93 49.9637144863191
8.94 26.3371928730449
8.95 32.9290852565845
8.96 31.2438620012788
8.97 32.9942480961278
8.98 45.178807423695
8.99 73.0906171687309
9 49.7925947367911
9.01 53.6717448834756
9.02 42.8622866678774
9.03 50.8835817012052
9.04 34.6952676570431
9.05 49.3113320457601
9.06 42.1295909652823
9.07 45.6636326630424
9.08 55.4371526128618
9.09 42.1788122616705
9.1 52.0223879524666
9.11 59.8171826584481
9.12 55.5867169144961
9.13 45.1506944697996
9.14 62.0599990647412
9.15 54.7883248988088
9.16 53.346167771099
9.17 59.624507390049
9.18 29.4956584922141
9.19 51.3222621825945
9.2 68.55176810991
9.21 58.2285377412498
9.22 65.0011281000504
9.23 67.1725262773399
9.24 56.0298938390659
9.25 54.1702936632553
9.26 35.1901795533623
9.27 78.3851592188672
9.28 48.9563512772123
9.29 39.7291021111836
9.3 49.9637236988541
9.31 50.7417045401453
9.32 34.765538974022
9.33 15.057327172562
9.34 55.6534179347147
9.35 70.7461610862097
9.36 44.0018838234566
9.37 51.0745559627488
9.38 56.3971609067848
9.39 52.706567805422
9.4 57.6473655462083
9.41 38.6957308501321
9.42 35.4352800390256
9.43 55.894062429616
9.44 54.3888303902966
9.45 36.9853682558426
9.46 47.7676345456615
9.47 39.9919748638657
9.48 58.6969289686735
9.49 52.047144367048
9.5 39.5422824182645
9.51 45.3156639215311
9.52 70.2948991406123
9.53 65.3197906053952
9.54 67.6142398243811
9.55 55.2556585600463
9.56 30.5573587670244
9.57 44.3819915062508
9.58 46.7629346930584
9.59 44.7712764989686
9.6 37.9042620675677
9.61 52.9766717472867
9.62 49.8321461668218
9.63 63.3648340563326
9.64 48.0009086560736
9.65 42.1584666076592
9.66 35.3451789136493
9.67 52.5736618649671
9.68 55.0738291249512
9.69 65.845255001686
9.7 62.708986167578
9.71 63.558753332072
9.72 44.614240166149
9.73 48.9116301120832
9.74 54.4948548280948
9.75 59.4809777165038
9.76 41.0060650201431
9.77 70.481589464763
9.78 38.6821993341931
9.79 55.503283540847
9.8 64.9852272554654
9.81 61.2039392099072
9.82 57.2277067227896
9.83 57.0810981714252
9.84 55.7952651324726
9.85 46.8066422511892
9.86 64.9980504778028
9.87 42.2072728310245
9.88 45.6176376904699
9.89 45.9290053386701
9.9 42.5839233327383
9.91 46.1130964929257
9.92 28.8325994501891
9.93 42.2127300863341
9.94 46.7975036929675
9.95 78.9266471313709
9.96 50.52745772658
9.97 58.4429736969613
9.98 69.4574411281932
9.99 39.536736683324
10 61.5015982654066
