0.01 19.7148573805667
0.02 -1.41271432097702
0.03 8.38971619270202
0.04 1.48313085343605
0.05 6.87789547773925
0.06 -6.46073909626099
0.07 -10.8818225406569
0.08 7.12928938700323
0.09 -6.76979268720662
0.1 11.7180762515714
0.11 9.40011488036041
0.12 10.379044155965
0.13 27.8027435109994
0.14 -11.3073364128582
0.15 -7.22648612475073
0.16 8.15915467143946
0.17 -1.13631365231246
0.18 2.29400507761797
0.19 -11.0991618374287
0.2 15.4607217368178
0.21 28.4689771774384
0.22 21.2391415242416
0.23 -3.50700832606848
0.24 15.8510707277668
0.25 -5.16510842703057
0.26 10.8996210006269
0.27 2.31994207060252
0.28 11.2590481726754
0.29 -11.977385235429
0.3 2.48475827631552
0.31 3.81477216085889
0.32 7.83317832144279
0.33 20.6457857359908
0.34 18.6048654405277
0.35 16.5290968817928
0.36 14.8323538257262
0.37 7.47589347333497
0.38 14.5361148501559
0.39 8.25076788344299
0.4 4.3651682443788
0.41 0.0137691963165487
0.42 10.4389438891474
0.43 21.4619620697179
0.44 9.32401423115807
0.45 23.0103165228248
0.46 6.1611461792908
0.47 -5.37104676215087
0.48 27.8564479397578
0.49 5.21519128723158
0.5 0.471535315106265
0.51 10.7914394290323
0.52 2.18991119450687
0.53 15.3664175005276
0.54 -7.83331568498429
0.55 20.6255709679947
0.56 7.8975524031175
0.57 8.92287526656027
0.58 -6.68701278680357
0.59 16.7504566730094
0.6 5.00377529528708
0.61 27.4222073319019
0.62 10.9102871519423
0.63 10.7060287146816
0.64 16.8585859973674
0.65 7.34069114923339
0.66 -7.05952195561716
0.67 15.8366185053305
0.68 -1.64599251982304
0.69 1.57543085563508
0.7 14.4555506649007
0.71 -4.59713197997389
0.72 3.54757440188452
0.73 -5.07836113680724
0.74 -2.36658194748279
0.75 3.73285489476988
0.76 27.8965920301018
0.77 11.0125690374294
0.78 9.30432485988391
0.79 -5.18947585934296
0.8 10.5625374566054
0.81 25.1576821592667
0.82 -11.966895806174
0.83 16.2718064891625
0.84 16.4687629403812
0.85 17.0328372012429
0.86 10.5406461798928
0.87 21.4779953273662
0.88 23.0082773993402
0.89 9.12812233426011
0.9 24.0527998638599
0.91 -7.34907841168009
0.92 19.8840342052899
0.93 18.6564137806219
0.94 12.9455986648675
0.95 24.2189245188059
0.96 1.37623414091474
0.97 1.63432572728489
0.98 12.2915224888221
0.99 16.4863981679014
1 1.92264239701166
1.01 -0.814771824176949
1.02 2.62457596174333
1.03 -7.0699664845853
1.04 14.8060372626166
1.05 14.464123034723
1.06 3.16326475615685
1.07 5.60672835264199
1.08 -9.38835411757127
1.09 1.83469823352644
1.1 9.35079679218159
1.11 16.3891638095095
1.12 1.39536867758163
1.13 -17.8833601497518
1.14 4.42284436994874
1.15 25.0182334532216
1.16 -1.90710416838993
1.17 15.8171881196663
1.18 -0.682168392372276
1.19 13.1781329507442
1.2 28.2679248854862
1.21 -0.200635031455421
1.22 5.89679597553372
1.23 2.26315007741769
1.24 14.7761369495776
1.25 -1.59818366296345
1.26 7.92388147966175
1.27 -10.5030678206928
1.28 10.5631561772249
1.29 43.0381805225784
1.3 21.0609401664089
1.31 22.7751259077952
1.32 18.0148672807928
1.33 23.2044880232885
1.34 -10.3306296969024
1.35 12.0540489692521
1.36 -6.85508181091157
1.37 30.3440305286589
1.38 15.7207165838532
1.39 13.2527142689855
1.4 13.6226516186187
1.41 15.6769551240132
1.42 20.9023156715827
1.43 13.5279307041004
1.44 14.2747157039561
1.45 9.92357972136046
1.46 8.3791003927891
1.47 10.3389176774604
1.48 17.2756106823583
1.49 14.6649347248873
1.5 30.2754133114146
1.51 13.0019965129211
1.52 21.4538895289979
1.53 6.44854760143718
1.54 15.4805698007002
1.55 -11.3342975630463
1.56 23.0159047357997
1.57 3.86272284554591
1.58 5.30727420202132
1.59 4.2430595070657
1.6 -8.39246813028759
1.61 26.7712612891956
1.62 15.1799848870541
1.63 5.39753885379758
1.64 5.95233662037225
1.65 6.91370101191216
1.66 11.3793359048902
1.67 3.08650648254581
1.68 8.12437318265726
1.69 10.5996570672953
1.7 -1.70712504799621
1.71 -5.02822065541641
1.72 4.4522780945042
1.73 -1.89028953787919
1.74 26.6109950614053
1.75 13.2858024892984
1.76 10.3174483971603
1.77 0.826003556938256
1.78 12.9223989401369
1.79 19.347022315041
1.8 4.70373924193921
1.81 3.97844853866105
1.82 25.0224842226097
1.83 12.4114005818504
1.84 15.5492272055165
1.85 10.8451983360326
1.86 7.68899117939457
1.87 16.7814487181032
1.88 30.0474677806858
1.89 7.86341506823095
1.9 9.80810261499626
1.91 26.380456931117
1.92 -5.99172669791296
1.93 30.1465636884383
1.94 40.9577183268816
1.95 1.92515362577339
1.96 27.3943868739316
1.97 4.63931781412011
1.98 2.23063448650293
1.99 30.259783122191
2 17.6086566971333
2.01 12.548088880884
2.02 28.0511426413435
2.03 13.8586166505208
2.04 19.9588615866559
2.05 23.2657321113354
2.06 -8.70773839676651
2.07 12.0984631775636
2.08 27.9944107065616
2.09 11.5383552707417
2.1 10.5668972455234
2.11 25.641287631264
2.12 23.5562796623087
2.13 3.18400727133184
2.14 15.1139036773026
2.15 23.1866002831878
2.16 35.0770176907784
2.17 14.9300458681408
2.18 13.1742668178467
2.19 -2.71473678337863
2.2 4.15186804321557
2.21 12.3260711253511
2.22 22.4306228086256
2.23 14.5184473572444
2.24 26.5764153468153
2.25 5.22176579723555
2.26 29.8762046240953
2.27 40.1519298267995
2.28 13.3733574438732
2.29 21.8223996275062
2.3 8.02252810135757
2.31 26.8938052185546
2.32 11.8961330836564
2.33 20.2467694966831
2.34 15.2857130675388
2.35 10.3825531821587
2.36 29.0042725487002
2.37 10.7635655496933
2.38 10.9313195455018
2.39 27.390223131301
2.4 13.4213319199922
2.41 21.8075438591373
2.42 4.82072530478891
2.43 13.5605699377994
2.44 21.3270869760938
2.45 16.6695590806464
2.46 -0.715256638892491
2.47 14.895336303616
2.48 36.5832464141185
2.49 26.9348151951807
2.5 22.8200424104399
2.51 -8.02703388818696
2.52 19.1563621293158
2.53 22.9119458880129
2.54 35.2545352391197
2.55 23.3861905719414
2.56 -3.5804297391368
2.57 14.5440316551357
2.58 17.6274371499693
2.59 23.6731906592363
2.6 24.9760017644429
2.61 2.28729572640075
2.62 9.46732498687106
2.63 34.0686853989733
2.64 15.0682107944812
2.65 17.1337278739859
2.66 4.64510290666592
2.67 11.2857160049644
2.68 43.1246721955383
2.69 11.894332603225
2.7 40.0138827426371
2.71 20.9608822126732
2.72 15.4825853766962
2.73 39.420159578156
2.74 26.9609387489505
2.75 30.1754590427311
2.76 11.1414915788987
2.77 20.054607755857
2.78 -0.582861306916673
2.79 19.7463609969446
2.8 17.2303459609224
2.81 15.5018245320315
2.82 16.3996981889755
2.83 31.3492042696747
2.84 -4.90453072148907
2.85 27.9409267971684
2.86 27.1030097139776
2.87 19.4909904590587
2.88 38.0988254025302
2.89 24.0555209543986
2.9 11.3761655977697
2.91 31.9600467944312
2.92 15.6816902364894
2.93 17.6827044985811
2.94 24.2689925470528
2.95 23.4483204474656
2.96 25.2013444467716
2.97 33.6168034000213
2.98 24.711266112152
2.99 16.2643393019294
3 26.8464288612768
3.01 17.703708120205
3.02 26.8609267808166
3.03 11.2511327806997
3.04 27.4549812782336
3.05 22.671426519197
3.06 8.86748188146799
3.07 7.43715896149243
3.08 31.153703618302
3.09 17.1425797425565
3.1 1.76141312884814
3.11 21.6323799497924
3.12 10.0072195911875
3.13 16.3849750007973
3.14 18.8558222397199
3.15 17.2213535723702
3.16 13.3611963239335
3.17 28.6633955566747
3.18 28.6929833026808
3.19 5.49479230601851
3.2 23.9094423607354
3.21 0.443196267797799
3.22 27.3476179816094
3.23 16.8135406571795
3.24 32.5260273745514
3.25 21.8284769184175
3.26 6.74084961939777
3.27 23.4867750885546
3.28 13.7562128217526
3.29 28.6655831680596
3.3 22.24991630474
3.31 21.8543907804567
3.32 20.3080642004584
3.33 36.2704370797432
3.34 31.3694223938415
3.35 20.6808387913616
3.36 16.0477705540101
3.37 16.2388419736194
3.38 30.414345337205
3.39 32.8190896400826
3.4 10.2241619291231
3.41 29.2790552962893
3.42 -0.229554353093338
3.43 17.9169056490721
3.44 22.5597588298447
3.45 13.2265255044126
3.46 15.0614460635224
3.47 30.9010967731153
3.48 38.931077537675
3.49 22.2606302926267
3.5 19.8495805270359
3.51 13.8782037229427
3.52 26.8912285485727
3.53 16.6846932096557
3.54 46.1170287973088
3.55 14.4335399724101
3.56 45.9612576099114
3.57 25.1061491993917
3.58 33.1994243714417
3.59 3.84470068535714
3.6 23.6761077038747
3.61 22.2681163160247
3.62 14.7951629712558
3.63 11.7434750332974
3.64 8.05437691682866
3.65 9.02564424704284
3.66 24.7355452235109
3.67 38.5834861876262
3.68 19.3822474063453
3.69 23.0869397212109
3.7 20.1799681545767
3.71 18.2543792780608
3.72 29.9676516698184
3.73 21.336926565027
3.74 3.4175518573509
3.75 17.7335678764574
3.76 1.09114667530346
3.77 38.2667747533543
3.78 1.17488531021393
3.79 35.3858565730755
3.8 40.738051118961
3.81 31.5216660464375
3.82 19.4785227624279
3.83 18.0366109023311
3.84 22.4837393586556
3.85 26.7718944275705
3.86 15.5977562572928
3.87 25.5695580468409
3.88 17.831478008149
3.89 36.1614334896361
3.9 21.7917835622152
3.91 26.1475943305661
3.92 31.7694182156288
3.93 16.8822915066831
3.94 17.9582010098733
3.95 51.0629904247104
3.96 21.8831717155434
3.97 11.2010043913165
3.98 29.4332380098231
3.99 28.0342031495679
4 7.67899519522598
4.01 28.5915358169728
4.02 47.8125212463056
4.03 16.3621878121879
4.04 24.6593075595192
4.05 24.1819994425882
4.06 33.2010584501371
4.07 38.3392543603704
4.08 28.1789803980253
4.09 8.16228789743288
4.1 16.7784571179479
4.11 3.58691941481042
4.12 22.0144064077641
4.13 36.4830492697126
4.14 17.987373084984
4.15 18.763723756181
4.16 17.5829312006542
4.17 34.3558429912554
4.18 31.6559840715043
4.19 50.5273319266335
4.2 29.6835042380933
4.21 25.5957119378331
4.22 33.4436547726801
4.23 36.998806059787
4.24 30.6859602367388
4.25 26.5746154231992
4.26 15.1110443062489
4.27 3.12513013890509
4.28 12.6603544231443
4.29 18.6597494290159
4.3 28.5999966151061
4.31 32.3742022323251
4.32 18.3789160150118
4.33 34.4619287024388
4.34 23.6008851235701
4.35 34.2168836729789
4.36 15.533232221532
4.37 29.1714498197086
4.38 33.8599972598422
4.39 24.5779357502781
4.4 16.7548782907658
4.41 22.4392736716074
4.42 5.31688937088066
4.43 19.0837312467797
4.44 46.7774607763421
4.45 27.9772232519268
4.46 24.5261176510617
4.47 12.3200108254883
4.48 31.23079732832
4.49 35.7695045374696
4.5 28.799279929897
4.51 45.9551175819311
4.52 42.7313584958821
4.53 45.6807885999245
4.54 42.6764316615929
4.55 43.1304010856581
4.56 25.4288185854863
4.57 35.8545773381655
4.58 28.2690049542285
4.59 23.5119443766052
4.6 34.8713893774256
4.61 34.5596860855235
4.62 37.1725402422108
4.63 23.4046873641453
4.64 27.6204185527113
4.65 37.6895910750775
4.66 14.0239240686062
4.67 13.485022412005
4.68 52.123989708111
4.69 23.2632327820173
4.7 8.99656525517613
4.71 39.3272197972988
4.72 33.6566160155515
4.73 15.7138489214744
4.74 23.8165374698329
4.75 35.0376079782972
4.76 29.1545988480227
4.77 27.4996246645047
4.78 35.5700964810972
4.79 38.0515640512875
4.8 40.6215741421461
4.81 31.2055815358603
4.82 37.2926464275347
4.83 28.9276810644709
4.84 26.9908282609093
4.85 22.1344531440198
4.86 6.46677321059865
4.87 36.5983520235371
4.88 21.9101691591534
4.89 32.491894930864
4.9 23.8539798217813
4.91 35.1384441709633
4.92 42.5113833019812
4.93 20.836984730494
4.94 18.2878203413334
4.95 26.1043585632745
4.96 54.9574906879019
4.97 40.3630325554601
4.98 22.6881296288533
4.99 43.1650671617919
5 8.27110102318069
5.01 48.2373854665032
5.02 22.5893161819904
5.03 37.2177472381183
5.04 19.9434715585841
5.05 21.1900906169254
5.06 32.5956815927769
5.07 28.2034661565752
5.08 26.2662897885117
5.09 16.4379492628417
5.1 28.6204970566693
5.11 36.69410115687
5.12 42.1854306925237
5.13 33.437885319697
5.14 20.0587503290796
5.15 27.8702089035021
5.16 26.7925004399339
5.17 13.0221232882172
5.18 26.2430971906959
5.19 19.65321592084
5.2 23.8177387851775
5.21 18.5956229689526
5.22 41.9982358586254
5.23 -2.39542192814947
5.24 18.8023770789959
5.25 31.1996141411652
5.26 32.3303982044579
5.27 30.5218833175567
5.28 31.3948902343984
5.29 25.5794979152806
5.3 44.3387623542872
5.31 21.7389677218402
5.32 39.6769429477316
5.33 35.6434898320487
5.34 12.9650000473735
5.35 19.3504063737821
5.36 16.1771350138173
5.37 13.6904781820868
5.38 47.0818465665932
5.39 38.7994331777295
5.4 36.1013010445687
5.41 38.1119180835219
5.42 27.4697051271258
5.43 23.7927131369484
5.44 13.6361461611259
5.45 25.6010488810297
5.46 17.7803087264966
5.47 21.3027591433386
5.48 26.1350173282943
5.49 31.4947622090772
5.5 39.5274593930802
5.51 13.9743306507783
5.52 52.5223258008856
5.53 23.9986949231814
5.54 49.4599546162542
5.55 46.7995720727475
5.56 31.5683167704954
5.57 45.1628938862958
5.58 42.6331117362207
5.59 36.9531973306861
5.6 29.6611806492727
5.61 33.1348134337551
5.62 53.3657147210008
5.63 34.345035587677
5.64 55.6803019886382
5.65 42.2962518995003
5.66 39.5563136751898
5.67 29.3909406503786
5.68 24.8467997493951
5.69 53.0716064350225
5.7 27.1031545015079
5.71 39.5589411032106
5.72 23.5534404055887
5.73 47.480941669548
5.74 37.0176809868784
5.75 26.7495802000963
5.76 34.3116263217257
5.77 36.8439245738024
5.78 16.7842391270797
5.79 36.268623042261
5.8 40.418136474988
5.81 37.2989376244537
5.82 39.4817025829251
5.83 31.1044406798549
5.84 50.5987368640995
5.85 29.3835533085832
5.86 27.898887039631
5.87 23.5950053528451
5.88 49.0691411721713
5.89 43.9688854193579
5.9 39.4723338604967
5.91 43.8672402907592
5.92 10.6537828345288
5.93 41.5151932119866
5.94 41.6782498042125
5.95 12.9241865854735
5.96 39.3129145303479
5.97 42.7958055832885
5.98 54.1672493632123
5.99 34.3232787689392
6 31.799999775347
6.01 44.345557920041
6.02 34.0648337766666
6.03 36.3416335380961
6.04 26.0166140363522
6.05 28.6692450982373
6.06 38.7698265600575
6.07 13.4646316656732
6.08 18.7516990291551
6.09 42.7561489753012
6.1 28.9015824643493
6.11 39.1701074491847
6.12 40.884616753705
6.13 34.9006087474189
6.14 37.1279282294417
6.15 38.7416518869762
6.16 44.3944137840767
6.17 36.9658271488916
6.18 43.2988232309491
6.19 35.0430686721845
6.2 51.3979668924435
6.21 39.4916580450906
6.22 35.7041153884868
6.23 22.4649803418283
6.24 19.3746974125073
6.25 48.7142654924268
6.26 58.8353663486731
6.27 37.3258310876686
6.28 20.626556857762
6.29 47.9947057363615
6.3 51.8071852071498
6.31 49.6913806448283
6.32 52.2899332976387
6.33 20.9275029635307
6.34 33.7723545576192
6.35 22.2765663486009
6.36 41.6013791489508
6.37 34.2741905025324
6.38 26.683600312892
6.39 29.0850126094131
6.4 42.0029158821441
6.41 37.1852101924049
6.42 31.0255589125836
6.43 36.4869524792887
6.44 22.3136121399868
6.45 42.1317692040867
6.46 41.318122297113
6.47 31.0118527705813
6.48 33.5613153849777
6.49 30.6951569211894
6.5 26.3241850551697
6.51 42.8018075791827
6.52 50.817079633343
6.53 42.1640820665021
6.54 35.4408151282948
6.55 31.6095521364431
6.56 37.9132037666889
6.57 47.0390166476697
6.58 21.3405374001411
6.59 31.8671843781783
6.6 45.8423367413394
6.61 54.8554809191481
6.62 32.4391482551709
6.63 43.5127249966907
6.64 50.1343833735165
6.65 18.6282684719765
6.66 22.7134310157019
6.67 35.8728531130089
6.68 38.9370002989689
6.69 32.7023213428012
6.7 29.2763375525435
6.71 23.7158220947883
6.72 22.3019041730691
6.73 41.5341350760359
6.74 30.6581157868575
6.75 42.3824041777466
6.76 30.6938261201243
6.77 48.523360902927
6.78 56.4074573729
6.79 17.7325640699175
6.8 34.0729195725321
6.81 43.3947574428712
6.82 50.2738678407729
6.83 36.9908714312055
6.84 47.095738186252
6.85 45.4477243446589
6.86 52.5462909873708
6.87 37.195115129388
6.88 42.5463713400964
6.89 30.5764409374351
6.9 64.3978192120679
6.91 26.758285193383
6.92 40.2785934228701
6.93 51.0033937037313
6.94 50.11703129392
6.95 40.241708911992
6.96 46.7868214087349
6.97 52.6320402643392
6.98 41.2290662366156
6.99 33.8929212400875
7 38.2574080774951
7.01 31.144307053773
7.02 63.3691870179722
7.03 14.0381035491806
7.04 35.9945941976019
7.05 30.7515470235415
7.06 36.1237915975459
7.07 33.8740580818288
7.08 36.5974877342042
7.09 30.3805251126065
7.1 47.0742676982147
7.11 49.471817214019
7.12 40.8555970769852
7.13 34.2699706359641
7.14 17.4645316392946
7.15 41.970832116569
7.16 35.337301333933
7.17 49.9919904970806
7.18 21.562195613795
7.19 38.1248248307094
7.2 38.1065364608318
7.21 31.1333611327632
7.22 27.9222925613979
7.23 45.8470305791561
7.24 48.8538168411262
7.25 36.3889299124142
7.26 36.2831210334409
7.27 42.7901228047316
7.28 55.6361099120493
7.29 46.5997647551913
7.3 46.5042575595434
7.31 44.9143673403614
7.32 52.6410445831342
7.33 50.0129397535847
7.34 54.0327233317987
7.35 45.0367048737923
7.36 19.4823586561225
7.37 48.0880827973548
7.38 48.7649644590076
7.39 55.4483652334619
7.4 45.7263575993901
7.41 33.9255446087888
7.42 58.5711784178858
7.43 53.2628033293247
7.44 47.1661616634427
7.45 32.4215973026725
7.46 33.0572350001739
7.47 50.711936440917
7.48 52.4272556917477
7.49 44.8154107531491
7.5 55.3155856030161
7.51 43.7191841106863
7.52 48.2563989964019
7.53 60.1933594847412
7.54 51.5488372514311
7.55 53.4100634692356
7.56 58.717284818469
7.57 31.9543868750783
7.58 54.8118066733255
7.59 40.1061017878102
7.6 41.5836535822385
7.61 50.6575458920244
7.62 48.795010454458
7.63 42.3463637486875
7.64 47.4609382724567
7.65 20.7379811561359
7.66 59.9019027126746
7.67 39.9722445054675
7.68 45.3457036777279
7.69 40.2395616123661
7.7 31.9694242759493
7.71 34.7713244533629
7.72 55.5868957642649
7.73 42.2002835860214
7.74 48.0205187553438
7.75 24.0461630348924
7.76 27.7694795941214
7.77 39.955320722507
7.78 58.2544962699197
7.79 30.6150031827391
7.8 47.3181794028376
7.81 40.8943482824618
7.82 35.4124199585408
7.83 43.8260151697732
7.84 51.2400207289884
7.85 39.1588293988284
7.86 43.0934868526325
7.87 36.7931186556052
7.88 38.495152928553
7.89 46.5094668449386
7.9 36.9348234624246
7.91 39.3550517270236
7.92 23.2682544467797
7.93 33.9162502072715
7.94 39.4204073996787
7.95 19.9601598611756
7.96 44.232382199378
7.97 45.5282833321031
7.98 47.5355697567347
7.99 47.1460466648883
8 44.5586708410954
8.01 44.7994808407367
8.02 50.1964650432884
8.03 63.198262010237
8.04 49.9279780601952
8.05 31.3490569622124
8.06 17.7823252402506
8.07 52.2736280421824
8.08 35.3108241491425
8.09 31.3042777270926
8.1 47.4042800285332
8.11 30.3357984052859
8.12 47.0332195829633
8.13 34.3303279336288
8.14 47.2155495690376
8.15 30.6579441373925
8.16 45.8622095063002
8.17 44.589553891277
8.18 29.4865111475422
8.19 35.4752037177512
8.2 58.4338711333814
8.21 37.8346021898388
8.22 28.6813110174625
8.23 47.4045550396239
8.24 57.7042692194789
8.25 58.215594375861
8.26 40.893300100873
8.27 41.3140796083067
8.28 79.3597972358538
8.29 41.497983637115
8.3 27.4007152606778
8.31 51.9233850493596
8.32 42.9974606991106
8.33 56.6114243241159
8.34 37.0947599725643
8.35 43.8624849448429
8.36 52.8197058785613
8.37 40.1005172375458
8.38 49.6499963085187
8.39 55.7795003008575
8.4 36.9071498382225
8.41 51.3933524924466
8.42 62.1290544086838
8.43 69.3855880673748
8.44 45.1813771315354
8.45 52.4445516074407
8.46 44.2838282315424
8.47 47.8975065449836
8.48 33.4352758506489
8.49 45.4108757557797
8.5 61.2905366139597
8.51 50.2302245191518
8.52 44.0031855379148
8.53 59.5684070658987
8.54 63.458817135215
8.55 54.6885896728487
8.56 55.9876305503658
8.57 52.8399188420445
8.58 47.8642119849939
8.59 43.6840755833319
8.6 60.5971473979878
8.61 44.5748585548764
8.62 45.8259631213162
8.63 35.8569659711884
8.64 47.22890635032
8.65 63.920281800457
8.66 63.0995103741482
8.67 43.3982549069112
8.68 33.186766244721
8.69 52.1864284797861
8.7 41.8267911222738
8.71 59.7772823180257
8.72 37.6975146157205
8.73 46.3650128762129
8.74 40.1082473110814
8.75 58.4940931584596
8.76 50.6607625309552
8.77 43.8325848730304
8.78 34.2562918104497
8.79 67.5111723660775
8.8 41.8037941313433
8.81 39.7184701951733
8.82 54.1474378798091
8.83 48.7996116675275
8.84 57.8122464925202
8.85 56.6383124771252
8.86 57.1225202482636
8.87 46.1702524985059
8.88 54.0614575858994
8.89 57.8521255615987
8.9 36.8397631621821
8.91 54.3675349844593
8.92 38.4896021471711
8.93 48.3823036964422
8.94 44.8288634486908
8.95 59.1453157286557
8.96 46.1780293376543
8.97 49.7753654190496
8.98 59.4331174861588
8.99 34.4544638589341
9 56.3832528710911
9.01 41.3222492848344
9.02 40.7918897538938
9.03 32.4115659762812
9.04 52.3390480360685
9.05 71.945401534777
9.06 28.0595022664416
9.07 32.7322132966506
9.08 59.2065559520234
9.09 53.5131901952837
9.1 53.7023417066663
9.11 50.1148648164008
9.12 46.3267793372489
9.13 42.2437361622707
9.14 51.1225290945874
9.15 65.8125153740336
9.16 49.7557291443131
9.17 69.2373491281028
9.18 33.7583195624904
9.19 47.3222616945207
9.2 37.8908723710738
9.21 49.9671874109171
9.22 59.0431438505254
9.23 40.3378757415651
9.24 56.9613055137309
9.25 63.3622192821097
9.26 46.2847240156828
9.27 64.2987578136177
9.28 52.6310187755903
9.29 25.8997411599187
9.3 53.0015393285148
9.31 44.9054635579202
9.32 55.5105455918707
9.33 43.3672301512302
9.34 39.9127595028264
9.35 52.7235378131736
9.36 48.7984762732529
9.37 51.2546970736428
9.38 55.2998740354305
9.39 44.6823534086531
9.4 50.1721198338948
9.41 53.1305577746968
9.42 60.1033822730895
9.43 48.0343717086294
9.44 53.6298672249986
9.45 49.8676398232176
9.46 48.4883461891261
9.47 57.2400802677095
9.48 47.8741556734161
9.49 53.4444681948537
9.5 48.4013925099682
9.51 42.387374994162
9.52 57.3160895407289
9.53 41.2043532712389
9.54 57.7874296213337
9.55 50.6613247928302
9.56 50.5247111762767
9.57 61.0204435836822
9.58 57.0456289695322
9.59 58.4711277798404
9.6 64.0627044819347
9.61 65.7610509511589
9.62 54.2550833450813
9.63 44.1693675067452
9.64 45.6494816923273
9.65 52.6215697552268
9.66 64.9158774278522
9.67 55.2464575945605
9.68 53.4221004041242
9.69 58.0491572525374
9.7 45.4384713803034
9.71 69.6166058566362
9.72 39.6711118186945
9.73 51.1366103775347
9.74 59.1131897939483
9.75 58.7197497581338
9.76 53.5084787395302
9.77 71.7789866385469
9.78 60.5341249977647
9.79 57.6910996887263
9.8 50.7872293421604
9.81 52.2578467749713
9.82 62.1678503080232
9.83 47.3191123194107
9.84 51.0541048696774
9.85 53.973112159356
9.86 42.9134531618529
9.87 69.7245091708858
9.88 56.6237325941644
9.89 56.4634824510024
9.9 57.0625831900285
9.91 49.3967458522629
9.92 55.8483760124586
9.93 51.9879416454733
9.94 48.1764348923775
9.95 63.9199825278308
9.96 64.7108922032299
9.97 49.3213858274143
9.98 62.1472989718208
9.99 54.3041444513591
10 46.9288228732568
