0.01 1.47772262988119
0.02 9.8345708028088
0.03 14.6382462092858
0.04 4.67839744229397
0.05 25.5820870715423
0.06 16.7162007948475
0.07 -16.047506232104
0.08 -2.11787774287374
0.09 -14.5530400337793
0.1 25.6864564321918
0.11 0.188506405933381
0.12 -5.71780478865452
0.13 -7.27632630164508
0.14 -13.3565577033613
0.15 -5.98856013082864
0.16 29.8822710697406
0.17 18.217322639023
0.18 -1.32566872267732
0.19 8.70172836830607
0.2 10.7372821422347
0.21 10.1654961874777
0.22 13.1132088013727
0.23 27.8571897479868
0.24 33.5751324425138
0.25 12.0196248578679
0.26 -9.10835981312473
0.27 -15.5236467839276
0.28 8.12145990956186
0.29 5.55720800694934
0.3 4.85120883103136
0.31 10.2103768076481
0.32 -3.99617654218031
0.33 5.46074904847128
0.34 -7.66937446870639
0.35 -5.14749402140946
0.36 2.35290166002347
0.37 -17.452781615696
0.38 8.93021916482532
0.39 16.9119764327799
0.4 13.1987208267504
0.41 -6.4445321717887
0.42 -18.9724681434946
0.43 -6.8770643401059
0.44 11.0483444528707
0.45 3.96085286748038
0.46 5.93237661637571
0.47 12.7041403092014
0.48 4.73611136841325
0.49 -9.97497795906652
0.5 -0.133052009683617
0.51 3.91309872796811
0.52 -6.78174867254939
0.53 12.4569838558241
0.54 14.0029262051622
0.55 10.2761203315972
0.56 3.93116973295719
0.57 6.78009101069875
0.58 20.2529548683079
0.59 7.1282067132071
0.6 20.4109765162766
0.61 13.2543530737181
0.62 21.8117096071517
0.63 16.3303164548768
0.64 17.0691483407203
0.65 6.27683325083514
0.66 14.2932680112962
0.67 18.987745566597
0.68 9.10259331100716
0.69 20.8232402166966
0.7 0.0521761131658831
0.71 8.92146200046618
0.72 -1.65940502076151
0.73 4.92084601088406
0.74 10.7611953627933
0.75 -12.7638910844758
0.76 18.8513885247735
0.77 -4.70444395045111
0.78 -0.375785625841653
0.79 4.88417007879349
0.8 24.6530116726971
0.81 -3.2067950553262
0.82 12.2840823337511
0.83 39.2223334183767
0.84 9.23774155558035
0.85 -0.679089547346517
0.86 1.36592656071704
0.87 -1.18375222034119
0.88 21.1012526576224
0.89 28.1702426957889
0.9 2.66701787899227
0.91 14.9804277580426
0.92 18.8783050712136
0.93 5.51134137417947
0.94 -6.35936888611576
0.95 16.191488822246
0.96 -1.79805575179336
0.97 9.4105029546472
0.98 0.968485000458411
0.99 1.86283346096877
1 16.9632229942375
1.01 13.4880711882226
1.02 17.4212755099287
1.03 6.25575022083138
1.04 29.5052325681333
1.05 -0.0369241178869846
1.06 -0.935750745365571
1.07 27.6134582325637
1.08 -11.7967228751483
1.09 -0.39934837508455
1.1 14.4564041460668
1.11 16.4027908821699
1.12 -10.4641021117149
1.13 31.0492757896475
1.14 13.2015342294063
1.15 2.25205381919347
1.16 5.23367031085899
1.17 23.2065140580617
1.18 6.0669518272709
1.19 -2.79423665032431
1.2 10.550928315749
1.21 10.396298240462
1.22 25.1518606446897
1.23 17.5520049547434
1.24 12.2198581445381
1.25 13.0492558160465
1.26 13.3034359518319
1.27 18.8047317863534
1.28 14.626744754611
1.29 17.61254262193
1.3 3.32754685222274
1.31 -4.62971532949311
1.32 19.1926826119556
1.33 11.2655189927044
1.34 -14.141410851109
1.35 15.407555949616
1.36 9.04329787184106
1.37 4.20434425384545
1.38 3.89980127170596
1.39 11.6476819779376
1.4 24.9802418723488
1.41 30.7196648385812
1.42 -1.60718127941192
1.43 -2.08091061748976
1.44 18.0159360483521
1.45 12.0578262935516
1.46 3.50904972492012
1.47 5.35434879346822
1.48 11.0655548760656
1.49 17.1086335950719
1.5 -3.71474988753556
1.51 12.567765129795
1.52 -9.19625768168754
1.53 6.65059684293462
1.54 30.6605578602177
1.55 21.2812957899455
1.56 24.1169332663714
1.57 36.0110700272022
1.58 -4.39828882743698
1.59 16.9326668838969
1.6 6.35773098880914
1.61 29.3371503099511
1.62 -9.80144350371027
1.63 18.1990979623069
1.64 10.6742580632183
1.65 14.2455664681593
1.66 24.6514679646913
1.67 5.11426596564618
1.68 4.10690489959934
1.69 26.4756552756568
1.7 9.75991535648799
1.71 7.13042391406895
1.72 7.65895306246384
1.73 14.3243198845261
1.74 22.6181324869332
1.75 13.8819260754731
1.76 15.8385352880571
1.77 -0.64723174187321
1.78 23.8920310466034
1.79 27.0502165672685
1.8 12.0744263258662
1.81 7.48110405961354
1.82 22.4153378191881
1.83 35.3013928600678
1.84 31.761430434423
1.85 14.7266873330039
1.86 31.9616237266805
1.87 -7.44931771498398
1.88 7.68198481897257
1.89 16.2172612510628
1.9 10.5543895335648
1.91 7.75640578067748
1.92 16.1082951415866
1.93 13.8463334625305
1.94 -3.35366245779852
1.95 3.32189287149257
1.96 15.9011231946651
1.97 35.9036526943933
1.98 18.8346219245902
1.99 2.98833339258534
2 12.1301164098461
2.01 27.4011293351447
2.02 21.6242553110252
2.03 10.7309395754785
2.04 3.00507378143034
2.05 12.9764905397565
2.06 12.1019889600983
2.07 16.6283839335374
2.08 23.0730523681073
2.09 20.8528499985287
2.1 4.43583745702525
2.11 19.475368021041
2.12 5.80798799231004
2.13 16.3029849323974
2.14 6.48418928155778
2.15 20.3498041383703
2.16 -6.12818203251329
2.17 19.3752191858818
2.18 14.6270993301774
2.19 18.357483910195
2.2 13.2961165567738
2.21 7.40360179152524
2.22 14.6184327881634
2.23 29.0339726148283
2.24 10.708894510471
2.25 24.4236396724718
2.26 18.468014266187
2.27 30.6644859146066
2.28 24.3691367470072
2.29 32.0728075426883
2.3 8.3932848333869
2.31 15.7222776043488
2.32 3.89975628128266
2.33 15.8447970611088
2.34 10.6269351592107
2.35 25.8190091397251
2.36 32.1225011359886
2.37 28.7767066095157
2.38 20.0271729560432
2.39 15.0534366177794
2.4 18.2854715263858
2.41 5.72724372217168
2.42 16.6769620893101
2.43 27.9463321338553
2.44 11.8390752439403
2.45 34.9933960815494
2.46 9.40818160838915
2.47 29.7983052940636
2.48 17.2422218412667
2.49 22.4699751194459
2.5 9.4981370470416
2.51 17.1547962858976
2.52 27.8978403358058
2.53 15.5047396260101
2.54 25.3915966608989
2.55 15.7833733300477
2.56 0.0134836347048246
2.57 23.9120803643027
2.58 18.0464957621572
2.59 27.2709749509315
2.6 10.2583091874221
2.61 8.12438903247265
2.62 21.0668445350207
2.63 31.0866880699987
2.64 17.9717694188988
2.65 10.9669970616317
2.66 22.0619194418139
2.67 10.3307740646007
2.68 25.6047463372054
2.69 7.18367049613283
2.7 7.62982664961253
2.71 39.4539068722251
2.72 24.9302240467188
2.73 10.4003142293305
2.74 27.8827418845943
2.75 34.9634438198357
2.76 34.4684556012878
2.77 27.2460747557011
2.78 16.8045787992279
2.79 15.5515681021424
2.8 28.2068323096863
2.81 15.8795449334686
2.82 9.16744373772048
2.83 20.3812399807109
2.84 32.6762847131198
2.85 -1.41721985500762
2.86 33.2730387621319
2.87 19.1386657276532
2.88 26.7525188857406
2.89 28.1136726292988
2.9 14.1015608571287
2.91 24.7643983744518
2.92 16.8558430079849
2.93 6.73824199557754
2.94 21.4615713686938
2.95 -4.13701200276326
2.96 0.427746381767172
2.97 14.952915234899
2.98 20.5902473924121
2.99 31.8119553343971
3 21.464285616672
3.01 -6.8881702417098
3.02 19.1900385409202
3.03 15.1325897990369
3.04 23.4714379304141
3.05 7.45500828963326
3.06 8.82299062672202
3.07 42.5141447547466
3.08 33.962450065812
3.09 26.8836703304012
3.1 12.6159162057003
3.11 20.9648695888817
3.12 20.8787717837947
3.13 32.4993923059233
3.14 24.9291509901337
3.15 29.4505593711124
3.16 28.6532942694689
3.17 12.8507775528309
3.18 1.23327687986931
3.19 31.1897952229053
3.2 15.4089432299535
3.21 34.8387405192224
3.22 8.44551822447126
3.23 19.9596259587924
3.24 11.7332475156312
3.25 21.6012369800568
3.26 15.8571481226565
3.27 8.12641409059557
3.28 31.045446602484
3.29 26.633449909036
3.3 25.7383875837553
3.31 15.1586281747792
3.32 22.1736499369095
3.33 21.2589374054745
3.34 11.392655626701
3.35 20.7526300688968
3.36 12.8974716785348
3.37 26.7244526619061
3.38 24.9872019836366
3.39 20.2037665051581
3.4 17.8393799655395
3.41 25.6157475047729
3.42 40.9385544928775
3.43 11.4950975364581
3.44 3.52797128074502
3.45 21.7941895854276
3.46 36.7131049017929
3.47 -1.3565343471547
3.48 30.8485563766441
3.49 32.309947623162
3.5 31.4820014684618
3.51 6.21833151855817
3.52 28.6443070107915
3.53 25.3770307091094
3.54 21.4900873573743
3.55 14.0610779469295
3.56 -0.237281944205577
3.57 6.58434024565895
3.58 22.9229115823662
3.59 39.8561805015001
3.6 38.7543889722915
3.61 21.0279972934407
3.62 23.6527527339025
3.63 17.1697953633799
3.64 15.1455435896232
3.65 14.1183682235149
3.66 37.5035307855102
3.67 10.5531472582954
3.68 22.7298033723041
3.69 33.7118195572954
3.7 28.5740585542176
3.71 24.165073329183
3.72 20.5882694668937
3.73 31.5522513656989
3.74 25.2785620786927
3.75 12.8247423083306
3.76 22.624552487696
3.77 16.2109804034184
3.78 25.602869229292
3.79 33.0159054504293
3.8 22.9218966155411
3.81 15.639923390171
3.82 10.974144928499
3.83 21.9206135060208
3.84 36.8028982728551
3.85 32.0377031565737
3.86 7.94909202179037
3.87 19.6897282618664
3.88 31.2121763082924
3.89 15.7902675870386
3.9 21.5780089111712
3.91 41.4041093526951
3.92 20.0182450178806
3.93 12.3505188431775
3.94 9.84687405996569
3.95 29.3141392828393
3.96 19.6369211318516
3.97 29.5602427840249
3.98 54.9092749387557
3.99 23.1672943053973
4 24.6538931727872
4.01 5.24825710733057
4.02 34.2221025144124
4.03 25.0366886648562
4.04 48.1271257835341
4.05 31.649165091074
4.06 5.29230666481616
4.07 28.5791414165042
4.08 22.7248118658288
4.09 38.2685127563927
4.1 46.99333687861
4.11 13.3845561513916
4.12 19.9266613154655
4.13 30.3818123712626
4.14 27.2376781380902
4.15 32.6482555735204
4.16 18.7383628061232
4.17 15.3242257421491
4.18 42.9616195514424
4.19 33.7923203948257
4.2 12.0113597771368
4.21 29.2132192136355
4.22 24.4979231471696
4.23 11.1239865074465
4.24 36.4525553993852
4.25 27.5324402016566
4.26 26.3760313190634
4.27 9.20978170896561
4.28 13.1720335621766
4.29 25.5486817203236
4.3 33.6795889157047
4.31 7.21414375981927
4.32 35.6010442571424
4.33 45.7863323740044
4.34 19.5537665535177
4.35 28.3529146450738
4.36 12.7682572246935
4.37 25.6720610560218
4.38 29.6049380971364
4.39 22.227199766258
4.4 35.874734962769
4.41 12.8077809904895
4.42 6.6315297141482
4.43 27.6090747962153
4.44 29.6244918432032
4.45 24.5199732735454
4.46 43.7499831063277
4.47 4.96773134368384
4.48 26.2175936521167
4.49 22.9538711481654
4.5 16.8885087792562
4.51 21.343475632137
4.52 22.3699490744027
4.53 22.9593443027455
4.54 47.4825882752124
4.55 39.4221229646456
4.56 41.9633548322268
4.57 40.0809947681521
4.58 18.4086789793131
4.59 23.9221889099153
4.6 4.87422253921922
4.61 30.0969247303314
4.62 38.3710789228355
4.63 21.2076601283723
4.64 19.55958637819
4.65 33.6422645616833
4.66 24.7094750871114
4.67 23.3393601790064
4.68 24.4826342863678
4.69 22.4673058179756
4.7 33.2162923421235
4.71 17.0468309774032
4.72 18.8874663635931
4.73 57.8474021713215
4.74 27.7877423869949
4.75 26.2544444097636
4.76 11.0562275095788
4.77 62.4990571445837
4.78 13.196148632106
4.79 35.6630451347708
4.8 36.3669515754145
4.81 27.4113649565118
4.82 29.2932441209732
4.83 16.5191040190762
4.84 32.8685247749086
4.85 32.8501294321605
4.86 38.9033450514586
4.87 18.4006735339041
4.88 17.9037062989739
4.89 27.2458786305534
4.9 43.6215451165497
4.91 29.8019181189586
4.92 19.064607041437
4.93 39.5968870048366
4.94 32.0800694211555
4.95 50.3052394193027
4.96 37.4870035851381
4.97 11.2334230917065
4.98 19.5570965327382
4.99 30.9054346853401
5 18.5601861729095
5.01 37.2310514588797
5.02 15.2517070794817
5.03 47.5984791514202
5.04 29.5885053243223
5.05 32.3043407772734
5.06 36.8293728936814
5.07 56.1323852074302
5.08 33.7036583938865
5.09 32.2683983976704
5.1 27.0319769895731
5.11 33.5660222838276
5.12 38.8150328774923
5.13 25.2522443061371
5.14 41.5649487599136
5.15 33.0621090005918
5.16 36.9375481151365
5.17 16.8558106063843
5.18 32.7633563125577
5.19 27.3348831203004
5.2 28.4197077787022
5.21 32.5562407572209
5.22 28.0807213969012
5.23 11.7456414731591
5.24 32.1600999201123
5.25 30.8345301011499
5.26 17.7215418284421
5.27 30.5739831179145
5.28 36.0711581738968
5.29 21.3023667043506
5.3 24.2427609538047
5.31 34.5694283983131
5.32 34.097422614016
5.33 50.7161449017932
5.34 19.6037622149444
5.35 32.8761663512902
5.36 35.2750280334042
5.37 49.1145619916743
5.38 7.31580418462914
5.39 24.7641585993256
5.4 37.2030292738586
5.41 28.746653034271
5.42 27.3154243139422
5.43 35.9089117381701
5.44 16.4124373161709
5.45 12.9627972057702
5.46 11.1053778084395
5.47 18.1465580208613
5.48 16.8658134767939
5.49 46.9018609240587
5.5 34.2582749250278
5.51 39.8788182767308
5.52 30.1635317988688
5.53 45.5593821599404
5.54 27.1056589141422
5.55 31.9065635373555
5.56 22.48054007119
5.57 41.4567078519132
5.58 30.5953729278163
5.59 50.0390271260489
5.6 45.0889559046368
5.61 29.5526518355557
5.62 32.4782689830409
5.63 39.4820475294033
5.64 18.4493489185101
5.65 38.4481339995684
5.66 23.4691292520904
5.67 42.5858052312836
5.68 31.3043988263608
5.69 35.6379680690473
5.7 44.5349544354107
5.71 31.6711103823176
5.72 37.3467429554017
5.73 42.847299050648
5.74 50.0866141915134
5.75 41.1691451490769
5.76 35.4000943501321
5.77 37.227612663121
5.78 34.0655586273344
5.79 38.210359471746
5.8 13.4829335959532
5.81 45.9214314965792
5.82 45.1980004785085
5.83 33.2956100286322
5.84 19.5626838193083
5.85 34.5037040015983
5.86 38.8566677159606
5.87 34.5224491537216
5.88 30.3278765382198
5.89 28.792996707702
5.9 33.7457284466043
5.91 24.925889034393
5.92 21.4888900196594
5.93 35.2571963745991
5.94 28.4661862319444
5.95 46.6305357985034
5.96 32.7543537555882
5.97 50.2531359251049
5.98 25.6209912438889
5.99 26.2597507339238
6 32.6334740442462
6.01 31.1752043550707
6.02 42.6933024858104
6.03 26.4565411196798
6.04 35.0758094941882
6.05 17.8964051106184
6.06 24.8255924735338
6.07 14.0688984575713
6.08 32.1423735854918
6.09 61.3996741318222
6.1 52.072699991671
6.11 44.7625627022477
6.12 16.1770081841528
6.13 15.5321744873266
6.14 50.3172705222538
6.15 31.6557843838986
6.16 48.0125514176383
6.17 27.5308714719809
6.18 31.4436735439896
6.19 34.1270815004894
6.2 29.4853725966884
6.21 14.7877092939354
6.22 39.9515028194637
6.23 53.330580304649
6.24 45.5890468451973
6.25 28.8797149509327
6.26 51.9886732336795
6.27 24.3034365354776
6.28 48.3517805572553
6.29 46.2728993272474
6.3 42.4874141822389
6.31 44.1792788648094
6.32 36.9875972304801
6.33 31.7238713274032
6.34 37.6308865337512
6.35 55.2546364369618
6.36 44.0671190505174
6.37 50.2503448008949
6.38 36.3897860636191
6.39 40.8364272590824
6.4 29.2719899989816
6.41 40.3392468617783
6.42 18.230162660441
6.43 47.4484678831393
6.44 15.7505406596922
6.45 40.3335345121482
6.46 46.1232428657838
6.47 33.0230453359013
6.48 23.1998423590425
6.49 44.0742642307418
6.5 47.9609259625949
6.51 32.2552884146673
6.52 36.1134244292189
6.53 34.2936124855974
6.54 34.7063869840629
6.55 57.7194265607743
6.56 56.6549924765074
6.57 41.8225585867591
6.58 18.6861412274633
6.59 40.2404850804784
6.6 21.4460045592417
6.61 44.8880903020417
6.62 43.0397631592475
6.63 48.1537511522132
6.64 31.7199565001461
6.65 28.3051533659569
6.66 47.5749331116229
6.67 27.6915641190058
6.68 50.3343315427985
6.69 38.5807076513892
6.7 36.8671126943628
6.71 32.9487002176858
6.72 27.1066387646576
6.73 29.5641844263721
6.74 38.4008256265546
6.75 27.0250774804234
6.76 26.1974364176099
6.77 53.2152566987452
6.78 34.9178635451924
6.79 20.7461946236746
6.8 35.215727031386
6.81 32.0999660666773
6.82 37.3612980626668
6.83 32.6312910841182
6.84 32.0380822314727
6.85 37.1346290933989
6.86 49.5107877750349
6.87 16.5426383280562
6.88 37.5169561179448
6.89 41.6380683076811
6.9 38.8657343165333
6.91 65.6467620446798
6.92 32.3586876674526
6.93 44.5007122226607
6.94 18.85913466849
6.95 37.7600404949234
6.96 56.9289135794639
6.97 48.8060857395297
6.98 50.3701797605204
6.99 35.7577234963642
7 27.9930395124029
7.01 40.5778748036248
7.02 32.2385201861122
7.03 32.7219150782428
7.04 47.8926295961121
7.05 36.9010937075143
7.06 31.1367929701372
7.07 44.2955782908848
7.08 57.6395797290709
7.09 57.6595186566931
7.1 57.9984377996824
7.11 47.7593845915047
7.12 48.7202785699133
7.13 36.5680319915763
7.14 31.2600922739815
7.15 58.0386449336211
7.16 29.0291703781954
7.17 38.3257907439653
7.18 46.777508211199
7.19 35.8964448013876
7.2 58.2881694710734
7.21 49.7010088320447
7.22 55.0618858580492
7.23 14.248905607972
7.24 50.2186131342902
7.25 34.6788536318956
7.26 41.513041172361
7.27 32.7990926517362
7.28 53.9957227527683
7.29 35.0771435851981
7.3 46.7966183283596
7.31 45.2077125611679
7.32 42.9004957875592
7.33 31.3716801057313
7.34 51.2184628609066
7.35 38.7977724736503
7.36 43.5383595949417
7.37 23.3660821539348
7.38 52.3749136144052
7.39 33.8945567602229
7.4 52.748285974677
7.41 44.1955555061468
7.42 36.0999352751847
7.43 32.1626510675672
7.44 48.8578425176189
7.45 42.4886271536942
7.46 54.6462631311551
7.47 58.9703537655002
7.48 43.3056775594685
7.49 40.6780097466233
7.5 31.7320535877414
7.51 48.8158995251367
7.52 46.2550321502139
7.53 44.8950809924081
7.54 64.2946399913617
7.55 26.4960361168778
7.56 25.4425783853873
7.57 31.4498317915624
7.58 48.6332553246582
7.59 42.2658532521726
7.6 44.0438547270131
7.61 40.7539759158256
7.62 38.8205854110581
7.63 58.3970060133334
7.64 24.8167385901778
7.65 42.8452762844425
7.66 48.1291736691129
7.67 33.2743318662361
7.68 42.5066576186322
7.69 51.2797429944622
7.7 39.7083830916098
7.71 42.7201707027396
7.72 66.9120006267944
7.73 46.7801097893996
7.74 54.0971375052709
7.75 38.5178259637719
7.76 39.2979775423734
7.77 40.7538012833107
7.78 35.5249079319848
7.79 46.1574187772872
7.8 45.3576718470525
7.81 46.3242639523735
7.82 41.4794924219391
7.83 47.4544083323281
7.84 52.4246637402505
7.85 41.1678068321191
7.86 47.3683911500354
7.87 29.7033804544739
7.88 41.2370620781374
7.89 44.1272348007372
7.9 41.0210592030627
7.91 43.6464746802852
7.92 30.78137881576
7.93 54.8151668219672
7.94 44.1186847259662
7.95 33.4368037104857
7.96 53.7822869209546
7.97 67.8346958771006
7.98 39.0608651374053
7.99 37.3833333507688
8 39.2624270704829
8.01 40.5590384769203
8.02 40.5189906574966
8.03 63.6001187347711
8.04 48.2334685817475
8.05 27.6619320521883
8.06 39.4743640875614
8.07 57.3389240566079
8.08 38.6466375402101
8.09 46.6467867164026
8.1 36.7690795860935
8.11 57.61553039461
8.12 39.7779500838262
8.13 27.963610239553
8.14 57.7972388568437
8.15 51.7357916889685
8.16 23.0617522517572
8.17 32.2087096140052
8.18 20.4926656602628
8.19 37.703235319861
8.2 37.2206988392442
8.21 53.3363087206634
8.22 49.8720793954901
8.23 54.9030510189404
8.24 49.1390885262964
8.25 30.6888584009488
8.26 44.3289287898251
8.27 44.4338987545076
8.28 57.3208429505528
8.29 30.314943161305
8.3 54.8721543751249
8.31 65.0845447664943
8.32 25.4319659410932
8.33 55.7931552275949
8.34 40.9901904136807
8.35 51.0741115550004
8.36 35.466603732896
8.37 55.5057848929125
8.38 41.733363869801
8.39 45.7621623433404
8.4 57.6601630124582
8.41 38.3447068052324
8.42 50.273605759006
8.43 71.9855566574546
8.44 31.4019327468539
8.45 39.462630262453
8.46 55.6914294312195
8.47 49.5825196240284
8.48 50.3061449702248
8.49 50.8492644480097
8.5 37.4870737215516
8.51 65.4263456488417
8.52 49.2461358085873
8.53 60.7798766867769
8.54 45.415538774185
8.55 49.0232747268551
8.56 45.4565721816025
8.57 49.1019852388298
8.58 57.0019576980332
8.59 47.9986809369241
8.6 43.5834061449347
8.61 73.5961091067221
8.62 50.833318332318
8.63 34.3014668862304
8.64 26.8071030155039
8.65 56.6779383138494
8.66 65.5992848352557
8.67 54.5134001197865
8.68 36.9775150412346
8.69 36.899545668484
8.7 54.9612157588729
8.71 50.5934402500956
8.72 41.558558786372
8.73 29.2903272622181
8.74 58.0810599430995
8.75 47.8409707551395
8.76 83.5068443471612
8.77 53.3445176499823
8.78 57.8296842904506
8.79 62.3328513510274
8.8 65.7437185500757
8.81 60.4905398476652
8.82 40.6001402684578
8.83 42.3667806758632
8.84 44.0337252732735
8.85 44.3821929083289
8.86 38.8418505822796
8.87 42.5265490198206
8.88 49.2636499815748
8.89 39.0869169330656
8.9 63.015689192381
8.91 57.461364484817
8.92 32.9962394934722
8.93 52.0639703512801
8.94 45.4230821055851
8.95 31.6280825545032
8.96 50.6027991064528
8.97 37.9866955349742
8.98 62.3164102098775
8.99 36.0936056451269
9 62.9076809758108
9.01 40.6380576255181
9.02 28.5792008628814
9.03 42.0870733662786
9.04 41.105495153804
9.05 54.6092717485182
9.06 63.6600706718534
9.07 59.6836246861048
9.08 54.7611348754108
9.09 73.9986690078736
9.1 39.5323067508002
9.11 45.9738790213892
9.12 42.1304766028462
9.13 45.6277426058756
9.14 46.1567639044513
9.15 59.9232356589282
9.16 54.9053402669917
9.17 53.9494994675189
9.18 49.8571751208768
9.19 47.0110540698138
9.2 34.4454044357201
9.21 49.8555359036183
9.22 68.5169492339955
9.23 74.5462367490126
9.24 60.6588083531718
9.25 47.8773284047493
9.26 50.4902438491912
9.27 69.3637485410187
9.28 38.7387664108258
9.29 34.6341637241698
9.3 52.4619912421895
9.31 34.3413251711823
9.32 58.8178413312797
9.33 65.6365906562881
9.34 44.3724790968101
9.35 43.9766713884525
9.36 21.1752971274828
9.37 50.0707030087638
9.38 40.2778549251427
9.39 53.0199868868911
9.4 62.2171506428676
9.41 54.8058177181471
9.42 52.4133597475763
9.43 56.8999261942194
9.44 53.0394432829481
9.45 47.97552267442
9.46 49.1667772422932
9.47 46.4239595981789
9.48 64.0008396308072
9.49 52.8927017735035
9.5 48.0379393155357
9.51 39.4143723890673
9.52 53.3449949767441
9.53 48.8097914273463
9.54 39.8886666345952
9.55 46.7855963219047
9.56 63.6719295361737
9.57 37.2238063625556
9.58 50.8331381567877
9.59 55.1838613034201
9.6 41.6524183885092
9.61 66.8793571064945
9.62 57.4360307661796
9.63 47.2497498153431
9.64 64.2252172275312
9.65 50.6158778642919
9.66 63.1459707784885
9.67 55.1779036250476
9.68 65.1094829075811
9.69 53.3268548352678
9.7 56.560376709557
9.71 42.3535545580412
9.72 39.2053339086759
9.73 38.9757941895842
9.74 48.0539752927538
9.75 47.5855344520466
9.76 55.8640554316792
9.77 42.9376277798809
9.78 47.5983875175106
9.79 44.3338793511139
9.8 47.466185583735
9.81 70.6350455591181
9.82 39.4606037836711
9.83 57.2088994949318
9.84 44.1328116283982
9.85 49.9213893013065
9.86 48.3356931137241
9.87 61.2062376260903
9.88 59.4072589640613
9.89 46.6894023244973
9.9 44.2983363129545
9.91 45.9097063365753
9.92 45.8897534364351
9.93 71.8059068489723
9.94 51.9457273572673
9.95 50.031210926809
9.96 65.1179070085713
9.97 55.621662549483
9.98 68.0244700040379
9.99 59.8301314870339
10 55.4713746032359
