0.01 7.59071347783201
0.02 4.85091636769677
0.03 3.94830033840403
0.04 2.11271126843953
0.05 0.604710935971553
0.06 21.2951405845526
0.07 12.0478559799143
0.08 -8.41610779550048
0.09 -1.56883127166928
0.1 -0.0989535730034259
0.11 -6.59028595116719
0.12 7.79679437997395
0.13 0.590566270653793
0.14 1.73312402539041
0.15 26.4743104605545
0.16 9.45879897996126
0.17 -0.824381806654869
0.18 1.33026030489678
0.19 17.7288676540094
0.2 2.29889222859778
0.21 21.74488817644
0.22 6.58107778597241
0.23 11.5663803968207
0.24 -6.23571860519635
0.25 4.25333494120287
0.26 0.753227456542592
0.27 1.26204438314322
0.28 4.39104365353116
0.29 13.8232434969029
0.3 -2.33444831239361
0.31 10.7798044996754
0.32 -11.6490227403976
0.33 -1.66919195481883
0.34 -12.9201013338142
0.35 4.91306100099638
0.36 -5.00127947641937
0.37 17.8673982064713
0.38 -3.34003828506192
0.39 -7.03143484256175
0.4 12.7220494810816
0.41 18.7174500831359
0.42 5.27620186604234
0.43 12.4350373578014
0.44 12.3314312207559
0.45 12.0907389081232
0.46 0.797786629515752
0.47 8.9261125012547
0.48 16.6540571556755
0.49 -7.08444791277417
0.5 15.6732397588784
0.51 9.00158829942917
0.52 1.97926138812293
0.53 9.12059714259996
0.54 11.1922005130456
0.55 8.37188452821886
0.56 8.41130975773394
0.57 22.5791425356183
0.58 9.68538688477555
0.59 8.12500088489011
0.6 -9.71634575910028
0.61 -6.7230155429621
0.62 -1.40155416602968
0.63 25.6257096262348
0.64 -10.7793447510137
0.65 11.8315442109046
0.66 26.546140259243
0.67 23.0966309580012
0.68 1.55113425513647
0.69 8.00290687541001
0.7 15.3374046034444
0.71 12.8842047687233
0.72 -5.56087620730221
0.73 25.0122647172338
0.74 4.56880956331798
0.75 8.62461030234981
0.76 5.10105141778709
0.77 5.51737167269741
0.78 15.4850274953449
0.79 8.91731531615229
0.8 6.88918581866985
0.81 10.9548727583345
0.82 20.4997388557181
0.83 3.33296782984591
0.84 1.90423358421988
0.85 14.1047901058005
0.86 -13.1359315707508
0.87 11.0287375928068
0.88 4.07830681491238
0.89 12.3081275786996
0.9 16.5823414228357
0.91 19.6021327857715
0.92 7.38183007336457
0.93 12.7512547168119
0.94 12.3252716464296
0.95 0.640924439973473
0.96 7.16867832514087
0.97 13.5773130667809
0.98 23.4218286890615
0.99 28.0960706749323
1 16.2517123296743
1.01 6.216335515089
1.02 -5.91521377436782
1.03 4.81271892949009
1.04 10.7537017302527
1.05 -1.72921572586155
1.06 6.94990690200469
1.07 9.10438160809749
1.08 12.8969885405899
1.09 1.21314845738579
1.1 0.38792669052089
1.11 12.9181025799272
1.12 12.0200766084992
1.13 9.90774962039932
1.14 -6.81053400386334
1.15 -3.62398031616206
1.16 -7.66412382437874
1.17 -2.53869235265593
1.18 -5.04848732964739
1.19 20.2314159634471
1.2 -14.2063092609178
1.21 4.51070393128792
1.22 25.7916161432239
1.23 -8.92573950679841
1.24 6.59609182331012
1.25 -2.33592488102141
1.26 -16.6162257344254
1.27 10.7461810428918
1.28 36.323615339666
1.29 20.6321638977992
1.3 6.36041207300818
1.31 14.296623858683
1.32 10.2292476733086
1.33 27.0011676169064
1.34 17.0858782531499
1.35 18.9750126653062
1.36 7.93839595080265
1.37 16.6072067064746
1.38 9.48404965947882
1.39 5.53679968752994
1.4 13.6696312348912
1.41 5.38322699792456
1.42 21.5571545278109
1.43 22.38734569297
1.44 39.5532563824083
1.45 -1.29794641350758
1.46 2.49189202849014
1.47 11.9145304320942
1.48 10.3449529495314
1.49 31.011641852407
1.5 3.46193833496863
1.51 5.8679059387245
1.52 4.57777023824796
1.53 15.6737873724075
1.54 2.28940170868934
1.55 16.2020741490824
1.56 15.9431056382577
1.57 -1.7169103668098
1.58 14.4347669702207
1.59 8.0612666159315
1.6 10.7999262145996
1.61 7.60005640372076
1.62 -1.76477312812282
1.63 12.964877575608
1.64 26.608241775675
1.65 27.315329715218
1.66 18.5174890604968
1.67 22.2911980747279
1.68 19.782783120569
1.69 26.4302497039569
1.7 -16.2112335333767
1.71 12.6067454499704
1.72 12.4989512560565
1.73 21.1334245365045
1.74 19.650892538091
1.75 9.11122242739486
1.76 -3.95718250317881
1.77 17.9229211861171
1.78 21.239447511935
1.79 8.63917094301584
1.8 12.1906871964331
1.81 16.7126309339041
1.82 31.3512873244069
1.83 19.2158882589982
1.84 24.6223351423882
1.85 4.26774653487721
1.86 14.862730708027
1.87 17.529216648903
1.88 6.03040292581036
1.89 26.4580272354081
1.9 23.1759139914709
1.91 2.88078746918945
1.92 15.4676528841224
1.93 27.3716259521173
1.94 17.7404830094679
1.95 4.63838370564054
1.96 27.6266993441122
1.97 16.1650025884735
1.98 -2.73885755838666
1.99 9.25624679337005
2 10.5806400994238
2.01 28.4241904488534
2.02 31.1540814452706
2.03 27.9896726167561
2.04 17.3589726470863
2.05 6.58323764348091
2.06 32.383657802651
2.07 10.2692108824658
2.08 13.1513295953645
2.09 -0.128800075274096
2.1 3.70393076765428
2.11 2.62095323523436
2.12 17.3369653863363
2.13 11.9188138322158
2.14 13.261990637172
2.15 10.6875725699684
2.16 18.152771002632
2.17 25.0151635773921
2.18 21.1511609114515
2.19 15.6917088805355
2.2 22.7674035026212
2.21 33.0731416854933
2.22 7.05157526513185
2.23 1.51424945175942
2.24 12.6059169998773
2.25 13.5895283455922
2.26 13.827643130175
2.27 16.6758565013577
2.28 5.83515964355022
2.29 22.4023020377109
2.3 16.1026871832941
2.31 18.8578599584616
2.32 13.337587432312
2.33 30.2949101156418
2.34 20.2920221195076
2.35 15.3067542172067
2.36 25.4134447272069
2.37 24.3815058275772
2.38 -1.34201656616557
2.39 12.2849324497369
2.4 -0.603686385603716
2.41 35.8557505149843
2.42 15.7198572819263
2.43 4.89001843349372
2.44 21.3987153028147
2.45 21.1474467679044
2.46 34.5152895065559
2.47 26.866537861127
2.48 19.8385841975159
2.49 28.0393106982901
2.5 16.1830269123253
2.51 35.7381855086268
2.52 27.3322629073645
2.53 5.64009628622267
2.54 14.1553301996703
2.55 22.0703198537683
2.56 11.2461613249149
2.57 21.3463782817991
2.58 29.7981427911996
2.59 30.4829312151738
2.6 18.6361697485589
2.61 14.311878125053
2.62 41.7706091577309
2.63 4.01797700922461
2.64 23.0724860539885
2.65 24.0088298839713
2.66 11.5133672655493
2.67 22.8123052407012
2.68 21.3757239473033
2.69 14.3696624340087
2.7 38.5490442273832
2.71 16.065905675395
2.72 18.3601360559131
2.73 3.84725282909866
2.74 34.2286150155029
2.75 15.7314090939384
2.76 13.0819910217287
2.77 3.07206612098267
2.78 26.3107217154339
2.79 22.8747734211357
2.8 20.4912565156742
2.81 6.15951245237894
2.82 26.0386372285305
2.83 23.2442513794778
2.84 9.82259686059951
2.85 15.1836759151759
2.86 19.964816457498
2.87 4.38577703529704
2.88 38.3235132853971
2.89 33.493825560509
2.9 21.4798153948333
2.91 20.675263389371
2.92 21.7263294513018
2.93 28.1804902797091
2.94 31.4710664446733
2.95 -5.64172157351036
2.96 11.0363639569823
2.97 8.49680790430468
2.98 4.13430529247111
2.99 5.5350487845209
3 33.9253061453284
3.01 29.302727424583
3.02 13.6151618045108
3.03 18.3475108212775
3.04 38.2545200855756
3.05 30.86991076159
3.06 20.1794639727511
3.07 18.6207261713197
3.08 23.3541882739489
3.09 13.8835138355217
3.1 31.4003317738281
3.11 14.7926291297606
3.12 2.88927443996068
3.13 25.7811380611624
3.14 33.5496727552736
3.15 31.6749935024675
3.16 27.4729911361996
3.17 24.9040916322296
3.18 26.4142855217592
3.19 22.8801040815974
3.2 32.3464099995701
3.21 31.536262709558
3.22 23.8282638785201
3.23 25.661180341617
3.24 2.98550331546369
3.25 5.09334672151794
3.26 46.6986832688016
3.27 14.9854470326717
3.28 13.282869001121
3.29 29.8962311746647
3.3 20.1672944074264
3.31 46.0373561016038
3.32 11.1884080292396
3.33 18.834809765386
3.34 18.9697500645369
3.35 18.6920317164626
3.36 9.10003934761929
3.37 31.8244310005768
3.38 14.5927195609183
3.39 6.84619216203023
3.4 10.5175526804179
3.41 29.6139899425195
3.42 28.1728223661077
3.43 3.59589394494133
3.44 34.9617023491943
3.45 23.4446858549577
3.46 25.9525323453896
3.47 30.8014793890723
3.48 36.869831393661
3.49 20.7176879830217
3.5 30.568513007606
3.51 24.1316215542006
3.52 32.2383680298807
3.53 21.7128461841181
3.54 30.0828328247592
3.55 15.1258817985273
3.56 22.1662845797152
3.57 20.4656397420389
3.58 27.898438515047
3.59 25.8411697858557
3.6 38.7685439131276
3.61 25.3032609037938
3.62 27.3008234404359
3.63 36.3010125041512
3.64 25.4436799788729
3.65 17.8871974815848
3.66 20.827517764482
3.67 19.5194044982974
3.68 32.7471303936509
3.69 13.4587838507509
3.7 21.9903257026936
3.71 26.5507407045893
3.72 25.2915539092229
3.73 19.3159997338881
3.74 42.0664626421996
3.75 40.038459535258
3.76 32.0085039730542
3.77 12.8608399164544
3.78 17.2353772474726
3.79 16.2049214214839
3.8 26.5265524310177
3.81 1.96471410930132
3.82 16.5755071911844
3.83 7.01305176666938
3.84 30.4550878008181
3.85 31.8593898802899
3.86 12.5785350059465
3.87 3.627893967152
3.88 26.5787267504955
3.89 30.969918868397
3.9 16.4291477240947
3.91 37.929733932945
3.92 17.3743974021724
3.93 28.8613450775491
3.94 20.9879270257397
3.95 23.3177712014981
3.96 26.1109525645891
3.97 26.2710937687021
3.98 42.9989178720625
3.99 35.899090459101
4 14.0722325683061
4.01 35.6727600766337
4.02 24.3633384528523
4.03 13.6768261835122
4.04 9.56192819728847
4.05 36.8621210851708
4.06 17.7076974757287
4.07 16.9173646906229
4.08 27.8278911372012
4.09 41.9850298966058
4.1 10.6859622252179
4.11 19.3229306963241
4.12 34.3148292963803
4.13 28.0932465424035
4.14 43.3950004917689
4.15 35.7833288942266
4.16 30.8506117458261
4.17 19.5522223730581
4.18 19.7957649660278
4.19 17.7069640622522
4.2 31.7666323661088
4.21 31.9207165331955
4.22 28.2991250978921
4.23 26.1299500713067
4.24 59.335549831333
4.25 22.0170193444966
4.26 28.8846319520558
4.27 31.2844357195168
4.28 24.2595092344129
4.29 8.05244670903134
4.3 19.0092387946158
4.31 32.1668088860344
4.32 38.1752845928875
4.33 27.3336116707716
4.34 30.9708454888055
4.35 38.2087978530021
4.36 26.8136001629723
4.37 47.4505215755101
4.38 25.6974888932141
4.39 7.73942387087934
4.4 17.8280465775204
4.41 28.8531449323846
4.42 21.291779114017
4.43 7.85156962026947
4.44 26.7232469064466
4.45 22.0835649991535
4.46 27.3273018468049
4.47 36.694177819798
4.48 23.2285304083049
4.49 20.9071724396268
4.5 40.0732887344767
4.51 43.6119183483071
4.52 14.8639694872348
4.53 5.83839682346614
4.54 25.6601022539464
4.55 19.4002941690604
4.56 10.5565433851483
4.57 30.196751245147
4.58 8.6304605083546
4.59 28.7832855006786
4.6 21.3441199152376
4.61 50.6235688823541
4.62 25.7238878026996
4.63 7.26984314856868
4.64 50.5172124954208
4.65 34.8106222750519
4.66 32.3898124074697
4.67 34.7792711738646
4.68 33.419857170645
4.69 17.238473144179
4.7 44.790345694495
4.71 29.6147308703816
4.72 24.0655950867716
4.73 25.9083079300736
4.74 21.5229729534062
4.75 16.9417333561752
4.76 24.3987275456638
4.77 22.2595003135887
4.78 48.3843987821454
4.79 15.4045254294849
4.8 17.2176165269571
4.81 40.7134431221318
4.82 25.8479720073725
4.83 19.8952599915331
4.84 23.153758565067
4.85 44.6540673129225
4.86 23.7133771884753
4.87 44.356043281749
4.88 17.430720412749
4.89 11.594647430743
4.9 17.5899334409478
4.91 29.4383602031817
4.92 32.1482866220747
4.93 26.6740137953327
4.94 26.1471223850823
4.95 38.2977906515966
4.96 20.8107726882491
4.97 44.7752479822182
4.98 48.2871127940407
4.99 45.6639751747102
5 20.1762693305798
5.01 38.7752031792037
5.02 24.3149714078119
5.03 21.0856489700181
5.04 30.2248940644305
5.05 38.6714520766848
5.06 43.4221139028519
5.07 22.7670493306992
5.08 32.4221520322489
5.09 27.6947409592427
5.1 27.7268254389329
5.11 20.4350614215209
5.12 3.11929542074216
5.13 40.4135231831691
5.14 35.9957232591803
5.15 27.7113617298958
5.16 25.6522823731162
5.17 39.9765610217726
5.18 41.9471867530915
5.19 31.5385837533319
5.2 26.7212417742587
5.21 57.3219025438028
5.22 40.8061527615632
5.23 33.1343394634163
5.24 34.4307393182452
5.25 20.0652240508029
5.26 30.2103330121109
5.27 46.0020423875529
5.28 45.7139173602356
5.29 41.6561909646112
5.3 30.5982391982986
5.31 30.9255537038525
5.32 33.5602956704065
5.33 19.0371521281185
5.34 37.6619410219199
5.35 33.4151562838756
5.36 20.1331685975097
5.37 10.9661567583472
5.38 20.5076034078912
5.39 30.9059556932088
5.4 20.4036680540173
5.41 34.1803537108369
5.42 36.08382861553
5.43 33.2069302964236
5.44 24.5444337286308
5.45 44.5932629774172
5.46 31.4338986790157
5.47 14.8954343822567
5.48 12.5349060411415
5.49 47.1424210397222
5.5 26.0710950115783
5.51 30.2890665747494
5.52 17.4034691831146
5.53 17.1284305154371
5.54 32.1332462665345
5.55 57.7497598508608
5.56 21.2331627958563
5.57 27.8097522697278
5.58 12.9114488129716
5.59 21.9559444181741
5.6 33.6377727252124
5.61 34.7005536597027
5.62 52.9399002562074
5.63 43.6329621062897
5.64 20.6109822651115
5.65 50.5059013883671
5.66 37.3648448879038
5.67 26.5110698651929
5.68 35.2581190279093
5.69 38.6405719701415
5.7 35.3150845007359
5.71 31.09710367975
5.72 54.6320416117665
5.73 28.5981687075029
5.74 15.2322307761568
5.75 23.780877417169
5.76 45.8076871526893
5.77 38.4958915727059
5.78 37.8043738865821
5.79 34.3173066212265
5.8 21.7091935148062
5.81 23.2999507896895
5.82 25.1606269098463
5.83 41.2966058300141
5.84 34.5415105251989
5.85 44.6547303147323
5.86 30.5281896518194
5.87 20.0695202507112
5.88 24.6369415626882
5.89 48.5980032768128
5.9 38.737106997556
5.91 28.6696528760977
5.92 32.7234726589615
5.93 42.8025566334697
5.94 34.8582164054993
5.95 37.537402297173
5.96 50.5020161407888
5.97 48.1887599502889
5.98 29.1763486402458
5.99 51.4573479779557
6 30.5246196420309
6.01 30.534893482016
6.02 23.666462878077
6.03 5.79910697602079
6.04 51.8572755549069
6.05 32.1279862188023
6.06 32.7633932864132
6.07 39.8775386235921
6.08 32.7632925124094
6.09 28.4009740192982
6.1 45.8267729176787
6.11 24.4390090946779
6.12 54.2367447386066
6.13 43.0204690026474
6.14 49.5360653124727
6.15 46.7845611795018
6.16 17.9722287398222
6.17 22.6457968865755
6.18 37.3383982830211
6.19 46.1347401563779
6.2 20.2686227874586
6.21 37.5726720651694
6.22 43.0628836818251
6.23 59.6081119783461
6.24 26.5711011178945
6.25 18.2015711529934
6.26 17.7780158058474
6.27 29.6064026368943
6.28 14.5570574994362
6.29 39.7933348812181
6.3 38.0503839979355
6.31 36.8573079591586
6.32 28.7235544619065
6.33 35.1821561557982
6.34 41.9174941901509
6.35 15.3664025228951
6.36 36.7815284831034
6.37 46.1781406891969
6.38 34.5812338473459
6.39 42.1650149616188
6.4 9.52490721806933
6.41 6.95343045326279
6.42 30.4837387255408
6.43 23.195309987295
6.44 69.9867047342459
6.45 34.1379968573909
6.46 43.0512429046641
6.47 45.5334061219865
6.48 39.1142643292241
6.49 41.8427290626845
6.5 32.5731546329725
6.51 37.4279265147762
6.52 31.0123918205468
6.53 46.4913674044751
6.54 52.1454449357309
6.55 57.2532588682146
6.56 22.8626843704147
6.57 45.848683912985
6.58 28.1744922155797
6.59 28.2000866901007
6.6 29.2424832614828
6.61 31.3842090520224
6.62 29.3194142053879
6.63 53.2976338069231
6.64 40.0954692492359
6.65 34.4391907865225
6.66 40.3517728113675
6.67 14.3425433622706
6.68 30.3227848727355
6.69 53.9783061674525
6.7 30.7952499054127
6.71 39.8926726932662
6.72 47.2319737605232
6.73 49.070471089698
6.74 27.5521091307
6.75 26.2705910656469
6.76 39.7303313518737
6.77 31.9263526477691
6.78 35.4360339668782
6.79 37.5404766030268
6.8 44.9311684938803
6.81 40.6159103266432
6.82 49.314926968681
6.83 37.0052170317981
6.84 37.8571739696642
6.85 46.7262664173736
6.86 62.0167755411138
6.87 34.0165726841348
6.88 57.506105647827
6.89 46.0274970187302
6.9 30.8944784220747
6.91 24.0275880536924
6.92 31.9265834919268
6.93 27.7189489324768
6.94 32.6358288684122
6.95 46.6972794875256
6.96 27.9488519196732
6.97 52.3642247830741
6.98 48.1862516178241
6.99 51.3536743208042
7 37.9593852553989
7.01 50.2383325920133
7.02 44.9589830804604
7.03 39.9564248435039
7.04 35.8467746694339
7.05 32.3820266458128
7.06 30.2104039518768
7.07 55.3528086165887
7.08 30.5755304084241
7.09 67.8168147117794
7.1 42.1271909553425
7.11 24.1181238984758
7.12 24.045760220533
7.13 29.1548795658956
7.14 36.1383674804154
7.15 64.0676023837977
7.16 31.7434624269533
7.17 30.5260460138593
7.18 52.0291737318814
7.19 28.1348399905874
7.2 40.6492784843128
7.21 52.2982561447502
7.22 27.780852214724
7.23 50.3160778806834
7.24 57.1903997959803
7.25 28.0252316042529
7.26 38.0807196831565
7.27 39.7950626992516
7.28 26.1002069390075
7.29 43.4895223649024
7.3 34.3562831610427
7.31 44.3942375983874
7.32 52.0877562007941
7.33 33.3471274793141
7.34 48.6708421234543
7.35 38.7254954837618
7.36 45.5195674236434
7.37 41.3316620445472
7.38 52.5649006820119
7.39 31.4796298064044
7.4 41.3278224746086
7.41 40.4185748043715
7.42 16.430198451755
7.43 40.9598378682821
7.44 30.9357767607721
7.45 42.8772034588137
7.46 37.6659726608422
7.47 48.040901820059
7.48 54.7993820440437
7.49 59.9716951667858
7.5 26.9104888581103
7.51 39.2150355345454
7.52 53.0672500387593
7.53 44.7584842770397
7.54 46.8665360386476
7.55 54.5462521891581
7.56 39.6105584666292
7.57 45.0139173205405
7.58 52.626055398713
7.59 27.8800475810198
7.6 28.9231753860224
7.61 55.5862152378909
7.62 41.89993792557
7.63 62.2639316048963
7.64 53.9347946755033
7.65 43.2512885496547
7.66 16.0490002295645
7.67 27.3271518458933
7.68 50.5523458872172
7.69 37.633146015284
7.7 53.7201693199865
7.71 41.172101476252
7.72 54.7282710779329
7.73 31.4122128721532
7.74 60.885678154905
7.75 44.6020312276431
7.76 52.0883097745024
7.77 42.4067295225057
7.78 24.9853073074803
7.79 51.1657683162811
7.8 43.9803665207549
7.81 27.8500730280614
7.82 41.6097171776938
7.83 35.7196653445671
7.84 50.2779011106503
7.85 27.6436165780732
7.86 37.101384334236
7.87 54.6927284479939
7.88 65.1408419843965
7.89 42.5014818405644
7.9 43.1283048508389
7.91 44.9054902452319
7.92 32.4544558162667
7.93 28.2918992333228
7.94 36.9738813662451
7.95 56.8104999884943
7.96 41.5293952996276
7.97 38.9291545352324
7.98 46.2049273207266
7.99 59.9013786307722
8 46.8906624169705
8.01 46.4034605155541
8.02 43.5461062743993
8.03 33.5404498231179
8.04 49.1753430594489
8.05 25.6045405565212
8.06 51.9406345470578
8.07 40.9255695887993
8.08 47.6706465477715
8.09 42.6541893676183
8.1 24.8860465183031
8.11 39.0154369598236
8.12 58.0864804104184
8.13 38.8044989062534
8.14 55.6880177405342
8.15 36.5612012924582
8.16 55.5405048496317
8.17 35.4095685937342
8.18 53.1723049768127
8.19 50.1397301443995
8.2 38.7498751618181
8.21 44.5274337266651
8.22 50.3540122214784
8.23 45.1345470210027
8.24 54.3558919072611
8.25 46.0284040502176
8.26 41.3818886377368
8.27 53.2570443714048
8.28 37.1762601146137
8.29 64.4045923636123
8.3 58.6225501116358
8.31 63.1278542928031
8.32 51.2561548133565
8.33 35.3821430165368
8.34 45.8486964279217
8.35 29.9342630455629
8.36 56.0898828474271
8.37 31.8935566001628
8.38 54.0588684864861
8.39 32.7255490494338
8.4 63.8194873022898
8.41 49.4986375611064
8.42 43.921938636352
8.43 62.5844497220433
8.44 27.2346315336014
8.45 70.9201249528899
8.46 52.4405457911344
8.47 50.5254418797064
8.48 57.7554597270624
8.49 36.1324306588795
8.5 44.553406287129
8.51 44.3742926223187
8.52 41.501154144697
8.53 38.366498660202
8.54 54.4750280694585
8.55 48.1522178296834
8.56 29.6023292095889
8.57 41.2645828368073
8.58 41.3723651925583
8.59 60.9570964582177
8.6 49.239217820696
8.61 47.4787675666777
8.62 58.1397685462204
8.63 41.3781436054853
8.64 58.6947543792498
8.65 51.1647733585479
8.66 48.4906233639109
8.67 48.5972916251283
8.68 54.4261146077543
8.69 57.6210690239177
8.7 54.505129089616
8.71 28.5965451360537
8.72 51.6741900003171
8.73 41.7549635486503
8.74 50.6215541986607
8.75 38.0082273668982
8.76 56.2475289100525
8.77 42.9335774744117
8.78 50.0481458718953
8.79 54.5753077957221
8.8 54.7079674112663
8.81 63.0038043677072
8.82 37.5295369603429
8.83 57.6366152100711
8.84 36.1896010376882
8.85 41.2261366442222
8.86 41.2570900504985
8.87 50.9358884406793
8.88 50.9030620582442
8.89 51.2948010131459
8.9 37.6624904440475
8.91 40.9660778031599
8.92 70.0411774316133
8.93 64.9404227863951
8.94 52.8806177542272
8.95 53.2225212421425
8.96 45.7203242385624
8.97 53.6132649199938
8.98 48.4139753579798
8.99 74.0427304841686
9 50.1574120875334
9.01 58.7332056559883
9.02 39.4908981695881
9.03 41.9503098188601
9.04 37.7542027484396
9.05 50.2738720678996
9.06 40.955353536807
9.07 41.8010406980886
9.08 69.7209735125271
9.09 57.9431400471411
9.1 66.3238792687762
9.11 30.2892739207961
9.12 56.3855420531363
9.13 59.0591880765102
9.14 44.1884532259994
9.15 42.3520850062489
9.16 56.14680127701
9.17 42.3050686967168
9.18 48.6851191426318
9.19 52.4542608034175
9.2 58.662194667853
9.21 57.5008420788662
9.22 47.5627151803724
9.23 40.1110398661329
9.24 49.1574712518059
9.25 49.4006969207417
9.26 49.5027558632826
9.27 65.9589134264444
9.28 42.1213746424373
9.29 50.6326941720914
9.3 69.8724402541135
9.31 54.5291648426611
9.32 65.9711896103409
9.33 42.3197140830952
9.34 54.1983047966919
9.35 69.0425606462972
9.36 47.8514780469416
9.37 52.3279993596707
9.38 69.8475476836884
9.39 60.4111550909649
9.4 28.4571987663883
9.41 42.7832380156046
9.42 61.8602793683458
9.43 54.049897587447
9.44 41.5750420426702
9.45 54.3310639736509
9.46 60.6808914144096
9.47 37.6064656207144
9.48 34.8092838486186
9.49 61.5564202903976
9.5 74.5731528427381
9.51 49.1219717209095
9.52 50.4971746841091
9.53 51.0666250100313
9.54 55.1268626727088
9.55 40.9697969920529
9.56 56.992456289346
9.57 50.0846909913519
9.58 48.640282490483
9.59 56.1086968174118
9.6 48.2060432583777
9.61 50.7378457239439
9.62 50.8296988597901
9.63 56.4139783084705
9.64 60.761224103936
9.65 41.4569662303626
9.66 59.3954786763943
9.67 60.583027307545
9.68 56.9539831892871
9.69 54.9983398527067
9.7 46.6753065007158
9.71 69.9570645402869
9.72 48.0712411652314
9.73 48.6577544636477
9.74 60.9312541228259
9.75 36.859684133236
9.76 40.2253250913332
9.77 58.3925511635477
9.78 51.4360491073411
9.79 43.9158624465667
9.8 55.4750353481762
9.81 63.7574386606947
9.82 38.605662500914
9.83 53.4115644990084
9.84 74.0586938515737
9.85 43.5317248807135
9.86 44.4405814984422
9.87 50.4604279868959
9.88 51.1491783082339
9.89 37.1400997206236
9.9 56.4498990607861
9.91 53.6580082897242
9.92 60.8308995766073
9.93 47.539047423469
9.94 69.3885687450693
9.95 37.6797022389873
9.96 48.4368887060805
9.97 40.0314140145444
9.98 42.376159036258
9.99 48.7256618904735
10 64.4658610681834
