0.01 -9.80033108451188
0.02 -1.93015463424444
0.03 -7.2517649747307
0.04 6.60697775315376
0.05 16.8030948029728
0.06 15.4496486689661
0.07 36.6560008917067
0.08 17.6562166464907
0.09 9.66887621635826
0.1 20.1390031241271
0.11 4.77746482280237
0.12 -5.07826320918231
0.13 23.603530168489
0.14 7.98012071931726
0.15 8.23718408700893
0.16 0.816556576948971
0.17 8.33249102676615
0.18 13.9608041398877
0.19 13.1116033181597
0.2 -6.89041118603239
0.21 10.823544037357
0.22 34.3111204323331
0.23 -9.46982377408336
0.24 18.6525591251153
0.25 12.3970169736525
0.26 2.5463294206091
0.27 -6.19347918305132
0.28 20.9590728716211
0.29 13.1201692302015
0.3 -3.06345664800416
0.31 33.2266383048665
0.32 1.57431692048387
0.33 2.68158225714346
0.34 6.52138329779165
0.35 -6.37559602167144
0.36 12.2528646318978
0.37 15.1165952902892
0.38 -2.35004423927471
0.39 25.2656196779013
0.4 4.37949486777733
0.41 4.30614874954417
0.42 21.9379107232059
0.43 9.80460750360216
0.44 8.41310090014453
0.45 0.316210835703027
0.46 17.7893037588354
0.47 -8.70802946771531
0.48 4.98490985602784
0.49 14.8824783582641
0.5 -1.43071377687115
0.51 23.6823118667829
0.52 23.9830761638868
0.53 2.37054707028123
0.54 -15.3288489608799
0.55 -2.99214555694135
0.56 16.8444059151837
0.57 -5.32076672505139
0.58 28.1099396211349
0.59 23.8556230970289
0.6 -5.42379722252557
0.61 3.57544084644187
0.62 -2.78164192544708
0.63 4.27015722552792
0.64 28.6991246880411
0.65 11.4584756833281
0.66 15.3784992608812
0.67 -10.9071217997249
0.68 -4.88609589703773
0.69 -17.6697888239838
0.7 -0.816533932874685
0.71 25.841550242139
0.72 0.491705433040279
0.73 25.9683251006956
0.74 21.2892326361704
0.75 22.1204694451914
0.76 10.1867327341494
0.77 7.67743943516427
0.78 7.77005741625547
0.79 27.1097172888732
0.8 1.92369200674562
0.81 2.92390533234338
0.82 20.2561101973813
0.83 -3.75005308181236
0.84 8.95415244580585
0.85 5.97833450053683
0.86 23.2060122705616
0.87 5.67337195124936
0.88 17.5990264267624
0.89 18.6631096093432
0.9 1.18477554813597
0.91 -9.08796313838106
0.92 30.5951007027512
0.93 -3.36244716766134
0.94 -0.032685588973993
0.95 12.9219191623014
0.96 0.619599081617206
0.97 23.1742929249965
0.98 -6.27747101443522
0.99 15.2223401145728
1 9.95207287900588
1.01 25.5429568531183
1.02 -1.74380636891488
1.03 -2.98868460711392
1.04 21.9711666760867
1.05 15.0806583973088
1.06 15.4304853716504
1.07 0.549939909318034
1.08 22.615299839031
1.09 3.89088412859896
1.1 5.50677944057522
1.11 5.318600749495
1.12 19.0318159323926
1.13 -2.90781622126648
1.14 32.2444781353166
1.15 -4.75376750332304
1.16 14.5542051321992
1.17 6.58556113555468
1.18 8.38645659699921
1.19 5.62636431092232
1.2 22.7910124661174
1.21 10.9296619115433
1.22 21.8880042060444
1.23 14.8298042685184
1.24 11.8008822265643
1.25 21.4137069122656
1.26 15.1733720913757
1.27 14.8156606277376
1.28 13.4240107565208
1.29 17.561463683086
1.3 25.3894836759673
1.31 -5.96048812706548
1.32 20.8343939930397
1.33 0.95295116055344
1.34 8.63145327258393
1.35 2.54158261889814
1.36 0.194964022251053
1.37 15.0151413463613
1.38 2.45945241149608
1.39 -3.55695359834937
1.4 9.380032997924
1.41 3.84819468257975
1.42 10.3442456682939
1.43 25.6195153205025
1.44 20.5464059136124
1.45 -4.05213038840614
1.46 16.3968264097841
1.47 17.0122897527373
1.48 19.9312553311414
1.49 19.9552688834359
1.5 12.0081503049045
1.51 -9.4322921552932
1.52 20.3545253040285
1.53 -6.19430740951244
1.54 22.2916277462968
1.55 9.38087125835046
1.56 2.33481943526275
1.57 8.48377075386203
1.58 -20.6186220890518
1.59 15.5771342060998
1.6 1.60547011419825
1.61 15.8386255678635
1.62 -4.40435489969785
1.63 0.270628607530252
1.64 21.5944013629712
1.65 15.5344231674002
1.66 9.71749991566347
1.67 27.8371058721099
1.68 13.0070477786002
1.69 8.90900147300782
1.7 8.41989509737098
1.71 18.8503647081221
1.72 14.459642554291
1.73 15.7687916892041
1.74 7.39449361605818
1.75 6.2521258993097
1.76 15.9815277756196
1.77 20.4207487261382
1.78 11.7160339862609
1.79 1.82035902268277
1.8 41.1945264330223
1.81 27.6626316983763
1.82 -6.00066159498414
1.83 19.3561709876901
1.84 21.3309574376741
1.85 4.02928766621063
1.86 -4.67730780399512
1.87 12.6603653626549
1.88 8.48480248532972
1.89 25.7280890152668
1.9 22.2659975595918
1.91 33.7307725495422
1.92 27.3353011287725
1.93 38.1528834223845
1.94 15.1967058200043
1.95 16.1500406271247
1.96 26.388057760324
1.97 18.0008874364726
1.98 6.82537720511518
1.99 32.3294347566494
2 4.84603760159727
2.01 5.0083040888315
2.02 6.87271960011923
2.03 9.41591826868533
2.04 19.2105234057262
2.05 27.3098533378886
2.06 0.978401466171787
2.07 20.0451257593185
2.08 15.5922922732678
2.09 6.31586298968549
2.1 19.408292199397
2.11 15.8654444018254
2.12 12.6543139765514
2.13 15.565727635796
2.14 40.1389004435457
2.15 10.7460266828055
2.16 -0.193198808661466
2.17 8.39755362713024
2.18 4.45586155780443
2.19 17.2998412004
2.2 21.0093388128696
2.21 11.0531639011622
2.22 46.2966110914646
2.23 -1.33081111494715
2.24 19.3581484751314
2.25 28.0682234726538
2.26 8.6503707320871
2.27 0.651310407446758
2.28 6.70287079485056
2.29 19.979478523458
2.3 28.6961853498942
2.31 19.308286271362
2.32 12.9124296364565
2.33 10.4230792759623
2.34 39.6732966985735
2.35 23.1195667174567
2.36 30.2429555664619
2.37 19.5760523732658
2.38 -2.14611173641239
2.39 26.556167884098
2.4 17.5722092142144
2.41 36.3177299881615
2.42 3.31632563499289
2.43 24.068596016734
2.44 4.60673794845689
2.45 36.8532822311232
2.46 20.8410847324896
2.47 14.438610022754
2.48 25.1669946388918
2.49 4.35755717982033
2.5 11.1118619911975
2.51 25.1756003923009
2.52 9.10043181105587
2.53 -2.83631602268706
2.54 15.0921025010461
2.55 10.9012181551614
2.56 30.6122644405558
2.57 9.37008043337375
2.58 26.1164718314881
2.59 12.2913149622568
2.6 6.64926934765546
2.61 20.1375841139343
2.62 11.4240346724084
2.63 20.4214692407491
2.64 29.9764946773359
2.65 6.54461756787548
2.66 23.7878447720353
2.67 5.48129460366251
2.68 14.4586071365943
2.69 21.8066816673811
2.7 3.45317751419299
2.71 21.104018203908
2.72 27.9514247717457
2.73 16.1946556613533
2.74 15.1047370892173
2.75 19.045370279114
2.76 15.9195278833563
2.77 35.5449319831588
2.78 3.15167104244457
2.79 34.6852730345596
2.8 48.4793160725525
2.81 7.90062122306894
2.82 7.06431144577861
2.83 29.9636400243383
2.84 13.7852166106915
2.85 16.6283278213102
2.86 15.7570508953307
2.87 21.1213195815398
2.88 23.3991509523485
2.89 14.2239755180051
2.9 22.6151613129521
2.91 26.5706483785147
2.92 22.5429570309991
2.93 5.23290318209495
2.94 9.8084065317773
2.95 12.3601158938123
2.96 3.15851461824312
2.97 27.4736276156011
2.98 27.4326143853328
2.99 18.270146718076
3 -3.5355460900415
3.01 20.4444904199439
3.02 4.3851025268759
3.03 21.5420682088543
3.04 23.4456975265789
3.05 10.7994639956055
3.06 12.3430941880253
3.07 38.9380897523918
3.08 18.1128699077827
3.09 36.4263228971008
3.1 13.9680663475235
3.11 8.4773866499343
3.12 10.3905849311944
3.13 -3.41799521668086
3.14 24.3366832002944
3.15 25.0807985635969
3.16 29.821094917344
3.17 19.9000820838072
3.18 38.8691117628355
3.19 40.170956548046
3.2 18.0850424862227
3.21 16.7519278130928
3.22 30.12031645129
3.23 21.9801950648515
3.24 6.56896267493439
3.25 17.9487631592321
3.26 12.973861065948
3.27 8.3967124280379
3.28 18.8617571457225
3.29 11.7061456679286
3.3 11.8649206536265
3.31 29.8497159371526
3.32 29.6521114575886
3.33 33.1698597785569
3.34 11.9167790468687
3.35 15.5313493263917
3.36 23.8838331585926
3.37 31.2987011577256
3.38 29.2122657653177
3.39 32.6216754588919
3.4 36.6158141619646
3.41 20.3182964590811
3.42 36.46695389963
3.43 16.6428075985552
3.44 43.472777926466
3.45 2.86930953017267
3.46 21.1597663952728
3.47 20.9581488010495
3.48 37.0683495952223
3.49 16.0879464395287
3.5 22.2723304449369
3.51 21.1516473153111
3.52 5.51125637308677
3.53 39.6365337213431
3.54 16.9697414272145
3.55 10.1743075953409
3.56 12.9225607190287
3.57 34.0472059004455
3.58 16.5732822044664
3.59 30.9391663272013
3.6 17.7654516026851
3.61 40.839351030673
3.62 17.6659075232412
3.63 3.31454132219912
3.64 14.8134924488268
3.65 6.19849996812031
3.66 10.6358978767142
3.67 26.2843331256862
3.68 25.4658402293212
3.69 7.21256559979624
3.7 20.9268368689834
3.71 31.5557468650499
3.72 3.40480614318023
3.73 16.3477426771971
3.74 11.188328351004
3.75 9.41942850017537
3.76 27.0677895894811
3.77 11.4580018010926
3.78 27.092777070197
3.79 -2.79649832681503
3.8 6.22738364417738
3.81 19.1070149563228
3.82 29.1280751835802
3.83 29.1954901197878
3.84 47.341839791049
3.85 7.49035417084962
3.86 22.7095613771676
3.87 6.53041386248773
3.88 22.5441998739629
3.89 30.2039406425848
3.9 31.3255623156018
3.91 7.10454067636686
3.92 26.7337200412633
3.93 26.3235720845611
3.94 27.2493347150938
3.95 16.7470097011511
3.96 33.7438357463939
3.97 15.0297024052759
3.98 27.479109724304
3.99 19.1407302956985
4 36.7954415802495
4.01 39.8054815265206
4.02 21.438837701314
4.03 24.135381607206
4.04 39.335818222555
4.05 12.0657878915609
4.06 22.8644551547859
4.07 30.0342098752006
4.08 12.8581123673763
4.09 35.2956136952135
4.1 16.6972808560348
4.11 14.1403014349661
4.12 34.9177318764011
4.13 38.3211322925602
4.14 17.1392049747325
4.15 19.2869218451122
4.16 6.3679881742322
4.17 21.825230213604
4.18 33.3208753859112
4.19 30.1882909511944
4.2 14.9748825468232
4.21 33.6194207985065
4.22 20.2504651101842
4.23 25.1488427321064
4.24 35.7733719633107
4.25 35.9349633554352
4.26 30.6100704369941
4.27 24.4878289279404
4.28 26.4022190958696
4.29 20.8317758260687
4.3 30.4881050361614
4.31 11.7479306708095
4.32 18.1526443616698
4.33 24.7789473283474
4.34 32.1587933074538
4.35 22.2465929645787
4.36 26.7128305746635
4.37 10.8682595074995
4.38 14.4922767186247
4.39 33.4571551340131
4.4 30.2347547625997
4.41 29.6246714625532
4.42 45.3876724959228
4.43 23.0002800130633
4.44 27.1626193006108
4.45 43.2159760863106
4.46 27.25447910661
4.47 30.3981633433889
4.48 28.6803561459557
4.49 42.9699054355425
4.5 47.8405466679341
4.51 25.873847773456
4.52 19.7673893118085
4.53 12.423786104127
4.54 23.1967262234181
4.55 18.9344670089684
4.56 19.826227440585
4.57 0.638600833284713
4.58 19.2075170216684
4.59 19.1410527777353
4.6 13.4913498918315
4.61 31.3000403434259
4.62 32.1945143453303
4.63 38.2663013158855
4.64 35.1713805011208
4.65 24.2094427591411
4.66 48.1402436972845
4.67 20.7152313599172
4.68 37.7539657708853
4.69 18.5836373155592
4.7 41.5305922540993
4.71 40.3727705162485
4.72 3.87747414796816
4.73 16.2369119810955
4.74 32.3571638163062
4.75 41.4980575315513
4.76 39.2660214606906
4.77 36.8903562313577
4.78 15.2318702547907
4.79 12.3224746655448
4.8 26.1704195519615
4.81 15.8950067576521
4.82 32.5620599464694
4.83 54.2319390625507
4.84 25.2504314741612
4.85 34.2245128086817
4.86 17.777464134939
4.87 30.5358037508423
4.88 39.9037469588952
4.89 24.8759622903194
4.9 33.131647536613
4.91 20.9722903223127
4.92 28.0474078570483
4.93 38.4845999453771
4.94 32.6527552595849
4.95 33.2597479137299
4.96 37.6443216823234
4.97 15.5810037744141
4.98 45.1299700998623
4.99 38.3014475901417
5 31.0121791968079
5.01 38.6687699887725
5.02 32.0033185975573
5.03 33.3178759337923
5.04 17.4036693945332
5.05 49.228373241423
5.06 31.2431670160394
5.07 44.1573868851493
5.08 29.2121184051812
5.09 32.5196789042469
5.1 30.6551936220344
5.11 40.9583177362641
5.12 40.382588263881
5.13 23.6565623911421
5.14 27.4452537585099
5.15 20.9806775581885
5.16 46.9803087150548
5.17 20.8216284999582
5.18 31.3902285198845
5.19 36.8004925579889
5.2 29.8833752590333
5.21 24.4704507549381
5.22 46.8536209404887
5.23 21.8969438618388
5.24 31.144482821701
5.25 18.8015951718549
5.26 24.4534578612908
5.27 30.4800885921535
5.28 44.8646865380531
5.29 33.3890121499231
5.3 46.9247663076727
5.31 5.78319289125594
5.32 24.7151993139171
5.33 28.4456663494352
5.34 33.4713628572854
5.35 31.2899514816847
5.36 33.0849850524159
5.37 31.2608078125495
5.38 27.5961536072017
5.39 39.6522922104654
5.4 29.7478082339884
5.41 22.84890324146
5.42 24.1496736030309
5.43 33.5833702766326
5.44 29.4115579160712
5.45 40.2689970060293
5.46 27.1089019681856
5.47 29.1104076750436
5.48 29.5185228674983
5.49 46.8321642381618
5.5 28.5738401134528
5.51 33.8352950151478
5.52 28.5236865684405
5.53 26.8102690462961
5.54 45.16316976854
5.55 30.1241785349133
5.56 31.572894171832
5.57 24.6478243855086
5.58 26.0564401709051
5.59 46.7489262144246
5.6 25.4847842833087
5.61 41.0508634988763
5.62 15.3196307526201
5.63 27.0492259297035
5.64 45.7110542272145
5.65 25.2915030847456
5.66 41.2184371304771
5.67 61.4329275500861
5.68 19.2295404666486
5.69 40.74559046042
5.7 37.800978177972
5.71 42.9866387453586
5.72 47.5640523373834
5.73 36.3340871589602
5.74 31.5770048780026
5.75 19.6773864990227
5.76 10.6084283804846
5.77 33.2368316943669
5.78 31.7740937141328
5.79 33.4592521877224
5.8 43.5905303268517
5.81 39.8870479170699
5.82 30.1651513566702
5.83 35.6860338736328
5.84 22.018867259038
5.85 16.908137074876
5.86 32.7294960655228
5.87 24.8368387224236
5.88 40.5807684184533
5.89 37.4649217717369
5.9 29.2418717604614
5.91 45.2266634056624
5.92 31.3718698161466
5.93 29.6800990032984
5.94 33.3123858853775
5.95 37.6467546307548
5.96 31.7479013400066
5.97 41.9565894475766
5.98 46.0346075045125
5.99 37.4874595282614
6 45.8043965607528
6.01 30.3314221535843
6.02 31.8774519268152
6.03 43.539147449965
6.04 22.1941524759467
6.05 37.8476060663222
6.06 50.809150363978
6.07 20.7351572142575
6.08 30.3446027360319
6.09 18.2450747221184
6.1 19.3212829773559
6.11 32.3868495187676
6.12 27.8673173268257
6.13 24.501756122757
6.14 20.6028108457235
6.15 30.0057974434988
6.16 49.0261670839464
6.17 33.330912378894
6.18 20.5170003839719
6.19 21.3374007543164
6.2 27.2781291350961
6.21 51.0482688250595
6.22 37.7659489559303
6.23 45.657600971403
6.24 30.0371259431918
6.25 51.498795588552
6.26 21.1681367226237
6.27 50.801990118848
6.28 47.5949273819292
6.29 39.7114126896288
6.3 20.9953469014262
6.31 30.2340125702287
6.32 37.9955131955358
6.33 36.4212738002658
6.34 39.4927782165418
6.35 25.1073772008395
6.36 44.8334936721752
6.37 37.9687795473425
6.38 40.5175249528344
6.39 39.7212798996074
6.4 54.0397372466408
6.41 39.6036397793183
6.42 54.7525776953515
6.43 28.0195365952461
6.44 36.4302769028839
6.45 41.2373134778153
6.46 29.664569702157
6.47 34.9735608454145
6.48 30.8135456078754
6.49 36.4066409297136
6.5 45.1855150828947
6.51 41.5931367404031
6.52 30.2259078958933
6.53 24.5538733585058
6.54 29.0584595764343
6.55 52.5429193412536
6.56 45.840296981967
6.57 38.7655015524532
6.58 28.4806035523223
6.59 27.3997028593581
6.6 38.9578350340999
6.61 46.865656131729
6.62 34.9303179124178
6.63 43.5268019185144
6.64 44.2329293113351
6.65 29.3422057377324
6.66 46.2964273914425
6.67 47.7848416091589
6.68 32.5690998672233
6.69 74.9328711103407
6.7 48.2714862380493
6.71 24.1286927833373
6.72 26.0952090334865
6.73 35.2387865591322
6.74 37.4808695673804
6.75 52.492416514666
6.76 45.6649634473504
6.77 34.4177461200489
6.78 47.8951215124998
6.79 40.6182271478566
6.8 48.5861040099581
6.81 29.1478380565417
6.82 38.5018516922703
6.83 21.5889504752943
6.84 45.5584152972738
6.85 16.3858030158181
6.86 47.004529776293
6.87 35.0005467363006
6.88 39.0993821831685
6.89 44.8970176381043
6.9 44.0309550176839
6.91 22.1970833436107
6.92 47.6792396159413
6.93 39.5848917306454
6.94 29.2041159598414
6.95 51.8304405461252
6.96 52.5381194770064
6.97 41.1051940411788
6.98 46.943029051821
6.99 39.9365859403695
7 50.4728142658873
7.01 39.4381447102001
7.02 47.4671389423299
7.03 61.3707174784741
7.04 48.3741691391435
7.05 49.3649624577173
7.06 46.8683213123721
7.07 25.2285184516017
7.08 36.6081119242103
7.09 50.618303595058
7.1 22.3763593102018
7.11 27.5994259222804
7.12 51.6804827157713
7.13 36.0127769069174
7.14 56.559168354808
7.15 55.8835423816964
7.16 50.36212136855
7.17 41.615405116196
7.18 43.6111140168223
7.19 41.3622911594202
7.2 37.0515475118162
7.21 60.6978254779066
7.22 54.4343512473729
7.23 37.3088762061919
7.24 46.4536563075671
7.25 43.8769253068707
7.26 13.063028559439
7.27 38.8927864134293
7.28 33.6989031380672
7.29 57.8533507983399
7.3 42.0493075070567
7.31 52.9860208143909
7.32 52.6312950961007
7.33 25.6887978462644
7.34 24.6769846579212
7.35 46.8565386009065
7.36 41.3158921498973
7.37 50.1965548768823
7.38 36.2315160116144
7.39 47.9384239544472
7.4 48.3675972843905
7.41 39.4176878849426
7.42 54.7915462018665
7.43 45.9723183433027
7.44 38.2731190156331
7.45 23.3002261751401
7.46 47.8537023459704
7.47 27.4275969622265
7.48 47.7749139819399
7.49 41.5786735897381
7.5 35.785140555787
7.51 56.0293509865255
7.52 58.633768198207
7.53 55.2111345584546
7.54 35.5614573901963
7.55 38.2558951812484
7.56 24.400209366579
7.57 41.5871281804146
7.58 49.1683849828952
7.59 42.3523346522029
7.6 62.5983735197485
7.61 35.6209288531333
7.62 21.1492021936957
7.63 48.7960744145431
7.64 38.0580407541097
7.65 43.7506417439579
7.66 46.9749830740811
7.67 36.0585019314984
7.68 55.2212218083812
7.69 45.9059336803051
7.7 44.4537830529816
7.71 25.8611676223325
7.72 49.2426027504454
7.73 29.837670296206
7.74 34.9918225431428
7.75 32.2287725906372
7.76 42.5996317841715
7.77 25.9390304208507
7.78 46.9954911718956
7.79 53.3547090311187
7.8 35.0861932724637
7.81 52.3790078593792
7.82 28.188837097318
7.83 40.4884083830731
7.84 46.4956516180695
7.85 50.4023103949414
7.86 50.6711207427975
7.87 40.2179085813324
7.88 23.732238612078
7.89 55.8902707987191
7.9 52.485734089822
7.91 52.8816321788792
7.92 43.3608386019947
7.93 32.3869009608648
7.94 49.9421196690676
7.95 56.3114972641365
7.96 47.5915498142685
7.97 46.0009979142155
7.98 25.6544640113111
7.99 51.4312030474561
8 36.200025136622
8.01 47.7049755186239
8.02 40.1545163139909
8.03 56.5902113840328
8.04 36.4611021148224
8.05 57.217720368444
8.06 37.5337026049536
8.07 32.0600662117809
8.08 46.0100864884858
8.09 50.8616980702206
8.1 40.29107188303
8.11 29.0545612275757
8.12 58.4363052915435
8.13 32.8998452651664
8.14 55.9262813218229
8.15 34.9299444601905
8.16 49.844286600796
8.17 48.2782553522161
8.18 43.8649993899178
8.19 49.1299241873676
8.2 31.4177048270946
8.21 58.3141544392298
8.22 36.4174362989126
8.23 39.9749887368847
8.24 52.4447622487182
8.25 49.1119389222236
8.26 35.7444877284442
8.27 34.6863195484827
8.28 54.274650255209
8.29 51.93957866408
8.3 54.88335215122
8.31 66.1084953061722
8.32 48.8029114405908
8.33 21.9936707163713
8.34 36.5807214469869
8.35 35.9031348346315
8.36 62.5983817383218
8.37 51.5717120831852
8.38 51.4478594230769
8.39 52.6470049753509
8.4 50.9416389616196
8.41 41.9962614320914
8.42 59.4040008650506
8.43 36.9063668231136
8.44 62.440732213412
8.45 47.5504143028687
8.46 52.1870033622647
8.47 39.057585597086
8.48 47.8245196875941
8.49 41.6614163587702
8.5 44.3695293566572
8.51 19.2088309863382
8.52 36.0495941632401
8.53 60.9369078026008
8.54 44.5942262835598
8.55 46.792767797425
8.56 37.1604542324962
8.57 60.0716715327196
8.58 51.0701785355139
8.59 25.5749479253506
8.6 42.273783691967
8.61 39.75661689646
8.62 68.5211190495831
8.63 56.0846889518072
8.64 49.4684370141353
8.65 60.9585558788122
8.66 67.1511942240591
8.67 42.3746239224237
8.68 38.4053408243467
8.69 56.0468248844192
8.7 58.2382754427648
8.71 66.3206139760727
8.72 44.2258459379703
8.73 46.5618228912149
8.74 46.825450540966
8.75 38.6579471354089
8.76 48.5795800092723
8.77 51.3491930760164
8.78 53.6853649325709
8.79 35.8140515785608
8.8 55.8141017281651
8.81 35.8145147110284
8.82 49.771592908657
8.83 39.8657058760442
8.84 69.9611797446388
8.85 41.377057614762
8.86 54.4044695623672
8.87 28.7816457051784
8.88 49.99243109091
8.89 36.1934404762297
8.9 49.3744141846058
8.91 31.0397716702736
8.92 43.3643357240011
8.93 52.8235630476081
8.94 69.5176954229368
8.95 56.905249822664
8.96 41.3158898712607
8.97 71.8114496294877
8.98 42.5528885352972
8.99 59.0827796479605
9 46.8617417113916
9.01 27.7693230280349
9.02 41.4377190912992
9.03 42.8607923869774
9.04 43.0292016808508
9.05 37.6554497310939
9.06 60.7580293224053
9.07 60.8378534738041
9.08 51.0444744532582
9.09 65.9822026136241
9.1 45.7672879203148
9.11 33.6863099094285
9.12 46.7284946272428
9.13 58.3268951370299
9.14 25.5146956541031
9.15 52.7785948144317
9.16 53.47421963097
9.17 71.3587368420738
9.18 52.7694978465242
9.19 47.658771674257
9.2 34.3326270519355
9.21 37.0341351840918
9.22 35.871080242727
9.23 28.3493509963268
9.24 54.3291841519193
9.25 56.0759051957185
9.26 48.7707886245333
9.27 49.5990578296953
9.28 46.9040965883693
9.29 46.3257335544605
9.3 46.8061393800192
9.31 57.2536054956634
9.32 53.0589051311169
9.33 40.6442075971923
9.34 52.1820629856235
9.35 49.3683212271282
9.36 48.9044319172708
9.37 63.981217293562
9.38 58.5472081177655
9.39 51.0013438705623
9.4 46.5803088968082
9.41 49.3524901879706
9.42 48.552928624133
9.43 69.5278744106616
9.44 48.8432637513334
9.45 44.6408353207998
9.46 46.1561206232201
9.47 44.8727176945544
9.48 49.1842967974747
9.49 54.8944879286508
9.5 55.4388224481752
9.51 59.6433436591934
9.52 48.6532273522135
9.53 45.693105675934
9.54 61.2765221526219
9.55 51.049047548179
9.56 57.4567115200992
9.57 59.3279797096465
9.58 48.4989485629725
9.59 59.7212905905792
9.6 48.3899350932134
9.61 50.3087974814322
9.62 67.2656954662681
9.63 60.1388886206179
9.64 52.7904595915146
9.65 53.8532808181159
9.66 46.9160491612691
9.67 59.757424228279
9.68 51.3910743085969
9.69 53.1851042771663
9.7 54.8899270168301
9.71 54.9125306774573
9.72 46.9169642320738
9.73 51.6804327550306
9.74 39.0072655466207
9.75 71.0116659192009
9.76 55.596657466848
9.77 56.1028531933242
9.78 53.2530697487697
9.79 50.0468511757045
9.8 58.1157845848983
9.81 57.3844033754989
9.82 43.816977318317
9.83 64.6518415785108
9.84 48.1639087547745
9.85 56.2930487894724
9.86 55.2907289330065
9.87 54.1936614915943
9.88 64.4862630691593
9.89 52.9298155058227
9.9 45.1670130604028
9.91 72.0438091101946
9.92 44.7441188202757
9.93 56.4758010264878
9.94 66.1807974537274
9.95 55.5536564748187
9.96 54.7509296871122
9.97 53.0901254311142
9.98 61.2806683244325
9.99 57.7812599646657
10 46.0426606206976
