0.01 18.8009077346686
0.02 -6.97489420221991
0.03 26.3603139137391
0.04 18.1465350076336
0.05 20.7075604542255
0.06 -21.5327990941593
0.07 12.4305615691459
0.08 10.2815623080222
0.09 -3.73730902231253
0.1 -0.270500439096987
0.11 -8.08478610046273
0.12 11.9347447155436
0.13 13.6925886840673
0.14 4.11457107793769
0.15 13.0638910442637
0.16 7.49734111420279
0.17 -6.2571833933096
0.18 12.2593976196319
0.19 6.6347207612301
0.2 -5.14932844218868
0.21 15.4848366463464
0.22 -0.142711899833431
0.23 3.27295082972299
0.24 11.3558887866469
0.25 9.10632062178951
0.26 -17.192099062304
0.27 7.11254874847109
0.28 21.0711630313851
0.29 10.9100952758909
0.3 10.3892306314377
0.31 9.5055932962631
0.32 8.53002819667603
0.33 23.5330459787944
0.34 -1.09132837348344
0.35 4.83008337900054
0.36 14.3468874603121
0.37 15.3636022001149
0.38 -7.07145505812161
0.39 6.73549506085611
0.4 12.8580496167723
0.41 -1.31195182016236
0.42 -0.181576210514024
0.43 12.3090701405507
0.44 7.7524726146115
0.45 1.66200601271119
0.46 -0.599444907042402
0.47 9.59965505379513
0.48 -6.85142986958978
0.49 2.77682929894438
0.5 4.50140938779453
0.51 -5.65775400595259
0.52 -9.60924159517485
0.53 20.6991564387408
0.54 12.3368834591503
0.55 -1.92950298491324
0.56 8.15627763451559
0.57 5.93617440246191
0.58 15.5453835734702
0.59 7.000197183537
0.6 0.894704009981604
0.61 9.30703403160593
0.62 -5.67768196550596
0.63 -4.84072401743415
0.64 12.2996102524738
0.65 6.89996204930334
0.66 18.8998353216717
0.67 31.5243459828583
0.68 -2.52665840788837
0.69 8.77600035804396
0.7 18.2086464047271
0.71 1.99839293945393
0.72 18.3144279285371
0.73 12.8554709809373
0.74 3.86156231846485
0.75 4.16834482362758
0.76 -0.701822337259928
0.77 15.8959260523544
0.78 9.5732369473048
0.79 22.8949199695665
0.8 15.3010774227784
0.81 2.01758086458754
0.82 -8.78602710199046
0.83 -1.47597280399905
0.84 20.8326197174347
0.85 5.33957447179092
0.86 16.5863592096965
0.87 26.3564845005319
0.88 10.4873980224336
0.89 13.947805590715
0.9 8.83596833575152
0.91 -10.1106989095724
0.92 21.9800727214115
0.93 1.17674623956119
0.94 10.2713469765613
0.95 31.9496557947286
0.96 -0.925610461884476
0.97 -9.34197201697733
0.98 24.1040134061832
0.99 2.0583352784866
1 3.00801593832814
1.01 0.622366258462866
1.02 18.1401958335823
1.03 -9.79534130328517
1.04 12.1637615148032
1.05 -5.31761072769683
1.06 15.014043894932
1.07 6.8374440368246
1.08 3.73837122192139
1.09 12.8694139400653
1.1 23.5691359232514
1.11 15.1359340417006
1.12 10.8873380607111
1.13 14.5895121252754
1.14 1.58927074955594
1.15 0.923837081214133
1.16 14.8945604881962
1.17 7.48569238094044
1.18 5.81494740985792
1.19 23.5438347809511
1.2 1.21241313778247
1.21 18.03740423886
1.22 7.10335132606438
1.23 0.102072089443446
1.24 -2.39914675603843
1.25 3.8445833563784
1.26 6.65111200242032
1.27 6.92650513880389
1.28 13.1460290983539
1.29 5.9279810695493
1.3 10.8442973928211
1.31 5.17079224875873
1.32 14.43957721604
1.33 10.5368409025096
1.34 9.89050094501823
1.35 4.03490731859161
1.36 16.7694309333839
1.37 15.7042843741465
1.38 25.9890677611502
1.39 29.5178676620028
1.4 19.1538064606399
1.41 17.7393163247309
1.42 17.506948404939
1.43 24.4902016159107
1.44 34.2903184168285
1.45 26.683237501568
1.46 17.6053978613485
1.47 -0.0452036492007668
1.48 6.25189252837828
1.49 -1.16635924842853
1.5 12.8591622606593
1.51 26.3415798425126
1.52 18.2318040142195
1.53 23.0986045048604
1.54 25.2005012666863
1.55 15.1114477841736
1.56 26.3599921442404
1.57 11.0584556121727
1.58 4.73646781378283
1.59 6.85752520967438
1.6 14.2140689373518
1.61 15.9052588761472
1.62 13.258500115813
1.63 -5.85094354779074
1.64 5.09211940638077
1.65 28.1794789816652
1.66 32.1452308501491
1.67 15.3578781933388
1.68 7.19826219482069
1.69 16.1005473528476
1.7 5.23187223035139
1.71 9.18121883371861
1.72 46.4815213799491
1.73 17.4960192989074
1.74 10.0277687861285
1.75 -0.277818665262037
1.76 -10.3519213598551
1.77 19.3631997097127
1.78 7.00490697716329
1.79 4.78849231409033
1.8 30.4308725882465
1.81 15.5144168981422
1.82 10.2805089458104
1.83 8.75581876408136
1.84 22.1521604120943
1.85 20.456146414957
1.86 32.9324548562281
1.87 4.13802770938241
1.88 -8.97479279590669
1.89 11.1497875553171
1.9 10.2783006451102
1.91 24.4806012480201
1.92 14.3388455208671
1.93 11.6063912850058
1.94 28.1823842156345
1.95 3.02629754915676
1.96 28.2430486356781
1.97 32.7536398340697
1.98 -0.747061965849639
1.99 17.2702202710496
2 15.9220961650586
2.01 18.1421599681021
2.02 21.4100165952421
2.03 28.6821089472139
2.04 24.0388624624861
2.05 -0.0316427707493894
2.06 24.6995351946318
2.07 23.1550929932336
2.08 14.9164878853184
2.09 10.0626105857531
2.1 6.08033015035882
2.11 13.8284874116685
2.12 0.281398728432944
2.13 32.415821480387
2.14 1.41432053861232
2.15 2.04735893285965
2.16 20.6398125754935
2.17 0.830027530324417
2.18 12.7028561986024
2.19 4.7363512520435
2.2 7.90434577978443
2.21 12.9461361605703
2.22 38.339843579667
2.23 19.0745759965715
2.24 7.32521668969809
2.25 28.5935292112009
2.26 13.2302550219871
2.27 18.5548035083654
2.28 36.3086500423909
2.29 24.5990586294128
2.3 19.9634376480974
2.31 16.3705947102047
2.32 12.041314216838
2.33 22.5558801741091
2.34 19.0247043720329
2.35 21.661218965722
2.36 9.31340109361588
2.37 24.0679158849869
2.38 21.1219887654755
2.39 36.028231688189
2.4 4.13468290742886
2.41 11.2155942456713
2.42 31.820966795442
2.43 19.7769257513881
2.44 18.1650660236261
2.45 5.47584732379142
2.46 0.270787022385964
2.47 33.4857705704424
2.48 25.7941100330488
2.49 -3.64060973682985
2.5 11.35937987369
2.51 14.8736826905068
2.52 23.5700459513735
2.53 44.1861428143128
2.54 14.4668710218762
2.55 0.582433701775727
2.56 22.0356609524556
2.57 39.6764355122308
2.58 -4.91035389543005
2.59 13.5295519024181
2.6 3.07431282384402
2.61 27.9201897836157
2.62 11.900958175115
2.63 6.43363098184317
2.64 25.0480864676961
2.65 19.8484760537369
2.66 18.4727749170125
2.67 13.2666694769304
2.68 26.1286701926008
2.69 8.27086476630529
2.7 13.7477347427016
2.71 16.4072512874291
2.72 14.2140084585808
2.73 8.54356884654905
2.74 7.94605292319382
2.75 35.1188781393924
2.76 25.081964565471
2.77 29.1123828346139
2.78 19.4490605902183
2.79 12.0628639726752
2.8 4.16753465520081
2.81 9.42487852393351
2.82 16.6077031188006
2.83 17.9685417372886
2.84 23.3066134234243
2.85 -4.67559519309783
2.86 39.0558457781161
2.87 13.0622651556177
2.88 29.7750345699158
2.89 42.8517639528083
2.9 8.71157099550481
2.91 27.7772032234243
2.92 19.2499235396093
2.93 29.4038042594898
2.94 33.6572517793376
2.95 26.7300094332583
2.96 27.3093114958058
2.97 13.9665494296912
2.98 23.6776642912875
2.99 23.8961661918079
3 20.8748869211277
3.01 27.6387837701185
3.02 11.7336569424392
3.03 22.7524393818731
3.04 27.5316991104739
3.05 25.5334691851979
3.06 -10.8728123318581
3.07 11.2575802265908
3.08 17.3621202875807
3.09 9.68765005959087
3.1 -5.12745550258077
3.11 19.5040170073237
3.12 27.1677866403434
3.13 5.16935609861842
3.14 21.2299704035742
3.15 35.4851227052814
3.16 13.0533264190189
3.17 25.5095077596101
3.18 9.65976786968379
3.19 32.1222004116286
3.2 41.4708677702175
3.21 31.0958222030808
3.22 14.3358425530768
3.23 25.7124156393731
3.24 32.0469289295796
3.25 37.1123275321962
3.26 12.3453695363922
3.27 21.771314738653
3.28 4.07920944788702
3.29 30.9460424923964
3.3 24.199412366709
3.31 25.2213256003171
3.32 32.3765999620851
3.33 33.6261267338695
3.34 32.7585453250565
3.35 24.1227326664511
3.36 22.9307862186035
3.37 23.4568524326976
3.38 11.9674444033971
3.39 26.1969173456077
3.4 31.5650669921158
3.41 20.2765875182192
3.42 22.3764550248247
3.43 25.6927379920558
3.44 29.9596694371815
3.45 25.7095352350943
3.46 24.9275994706498
3.47 17.6515825103723
3.48 30.9672184828527
3.49 30.8252383171404
3.5 29.6106378896244
3.51 15.3895760947118
3.52 26.2049865263258
3.53 -1.44000304571004
3.54 11.3847785993262
3.55 28.7469576572142
3.56 32.4018043987633
3.57 30.0420113877351
3.58 24.4894732250594
3.59 18.6569438559041
3.6 27.3296452641921
3.61 39.4067369938653
3.62 2.55921280936447
3.63 31.9491252715247
3.64 6.51131379579488
3.65 31.8971237885405
3.66 21.0289660561959
3.67 46.7182278324785
3.68 27.0521030254693
3.69 19.8653582153195
3.7 19.6342831481665
3.71 -2.97227734511116
3.72 38.6602646712114
3.73 11.7957532709157
3.74 15.9334345830294
3.75 28.9110678763024
3.76 31.8433239913944
3.77 34.5056656902188
3.78 33.7594069078218
3.79 20.3755099596831
3.8 15.3743193576795
3.81 30.2302486651044
3.82 12.0464014553977
3.83 23.6836417157865
3.84 29.6190132855798
3.85 22.9827902795204
3.86 27.0441876121554
3.87 18.0071190348705
3.88 25.1894185343855
3.89 14.2437823383815
3.9 14.2744113849739
3.91 16.0526126104376
3.92 25.1580810034134
3.93 29.8833999390738
3.94 10.3352021459347
3.95 18.4688536361488
3.96 33.1544004303442
3.97 14.4221276942571
3.98 34.157693528764
3.99 21.1361679273748
4 10.525100645814
4.01 31.9521386235763
4.02 43.5697280046373
4.03 24.5136067891447
4.04 23.6357356001462
4.05 34.1302165711641
4.06 21.3219773287281
4.07 14.6942061286774
4.08 28.8370796469807
4.09 20.1490923022452
4.1 23.8294594122263
4.11 22.0114843794674
4.12 14.6019772767735
4.13 16.2687123156648
4.14 12.1903457325786
4.15 13.4985234049806
4.16 37.1434037019719
4.17 21.5915135699219
4.18 29.8688010043513
4.19 31.6457143479208
4.2 9.5360812083763
4.21 26.8608999363072
4.22 24.7732419599142
4.23 25.49866125587
4.24 25.2984592738264
4.25 37.2042153317166
4.26 31.4354282765847
4.27 41.505290461231
4.28 8.59911126287762
4.29 41.6664012962187
4.3 23.7309419667131
4.31 29.8376556601715
4.32 43.349888539312
4.33 35.773782930053
4.34 28.3114417074711
4.35 13.5756891865476
4.36 35.1297180929704
4.37 17.9369312170435
4.38 23.7143565843535
4.39 30.0789840322919
4.4 32.9982816000262
4.41 30.0441421856291
4.42 39.0634747825637
4.43 22.6727884118971
4.44 20.6148827843603
4.45 13.0345194602964
4.46 23.0889563255117
4.47 34.7717206088372
4.48 24.1931915009302
4.49 17.9547134241344
4.5 34.1345161294187
4.51 26.1289074762646
4.52 26.6233104855166
4.53 36.3650296800937
4.54 26.7576837333655
4.55 33.9288292179526
4.56 23.3061735888396
4.57 33.5009615667499
4.58 11.1487247789226
4.59 20.1475960181857
4.6 35.5265743132812
4.61 30.250518951677
4.62 34.3923811145753
4.63 19.5439134113236
4.64 23.8526060808775
4.65 25.4315378677229
4.66 11.1128238887164
4.67 48.4831018945204
4.68 25.0081343557818
4.69 21.6553826350938
4.7 25.7846477375679
4.71 23.3257083377665
4.72 48.7566672800779
4.73 25.9182092308597
4.74 47.366582425208
4.75 44.8557249108749
4.76 26.9620045413437
4.77 25.8885594305441
4.78 3.94317046214941
4.79 19.3107936534163
4.8 58.045738660341
4.81 48.4224862740273
4.82 18.24913437726
4.83 31.1396830922882
4.84 25.511917916369
4.85 26.9591104103277
4.86 8.25941047896874
4.87 32.3236789283695
4.88 12.7430731041808
4.89 29.4313814470815
4.9 24.5929760608888
4.91 19.7301288753797
4.92 34.9379964777045
4.93 19.3778808656197
4.94 37.1326885630339
4.95 36.3981743748917
4.96 34.2372280139995
4.97 43.5727255650937
4.98 40.4579333530182
4.99 18.4268080717993
5 29.5637492551374
5.01 36.3841377235259
5.02 31.3141667852599
5.03 9.73175895599326
5.04 32.0537928588115
5.05 30.0079157048663
5.06 11.3334808551553
5.07 23.2093000063943
5.08 19.7137312450538
5.09 2.10649242521746
5.1 33.8420062040538
5.11 25.015915647923
5.12 39.4982546156643
5.13 35.1978980924018
5.14 42.62075786655
5.15 33.3838435881543
5.16 21.2099904197291
5.17 23.0395345764564
5.18 33.9760344741491
5.19 22.6133160470426
5.2 14.2792634054052
5.21 40.4778720449877
5.22 60.0433697252928
5.23 21.9675392849844
5.24 42.3121257400832
5.25 19.1452986429019
5.26 44.1681188828758
5.27 26.7060978262574
5.28 48.2659980415005
5.29 53.900237379905
5.3 36.6161596098834
5.31 24.2588294151257
5.32 20.2996887804678
5.33 28.155850456332
5.34 28.2102642535856
5.35 33.4616357919657
5.36 23.026989127203
5.37 35.6134925041492
5.38 22.575030347909
5.39 24.0055496925896
5.4 34.0340965008955
5.41 26.5514337110453
5.42 41.2370670208344
5.43 16.2480977846559
5.44 42.2696281279636
5.45 45.4708049082743
5.46 25.6208633557016
5.47 38.3146516190445
5.48 22.9635700499088
5.49 37.3804705606667
5.5 21.0532590011072
5.51 25.2248795510769
5.52 46.6680910249439
5.53 38.5814546817687
5.54 30.261830706453
5.55 27.7829039997565
5.56 28.4951427140312
5.57 41.762640893941
5.58 45.1626799694589
5.59 30.972865472244
5.6 37.7970098548374
5.61 18.9835646105858
5.62 40.6945688534967
5.63 31.1996816131122
5.64 43.1243987021281
5.65 24.2371121761892
5.66 38.3130290118639
5.67 28.7277386134965
5.68 43.6012119837968
5.69 32.2692601132593
5.7 20.8596164756937
5.71 38.2476678726454
5.72 14.2967276396111
5.73 29.1505051552381
5.74 43.9259099653598
5.75 27.3938227585482
5.76 32.3261419780807
5.77 33.4376716049795
5.78 33.8209457562068
5.79 35.6979517495984
5.8 34.3323996290247
5.81 22.0263902513788
5.82 35.6472459612452
5.83 49.5327144256432
5.84 49.2222996482956
5.85 15.2204526024822
5.86 41.4641493971951
5.87 18.8882993055215
5.88 45.0615168849676
5.89 50.7359026759999
5.9 44.5964645967815
5.91 33.2531474398651
5.92 23.7728371870375
5.93 44.6222141024044
5.94 32.9499477777086
5.95 37.9036718635543
5.96 22.2510113504629
5.97 19.634696704393
5.98 26.7885862405427
5.99 19.7099356062835
6 51.8762738210339
6.01 42.8772809428681
6.02 32.7081479169028
6.03 45.3758713780802
6.04 51.4840815889939
6.05 35.8938672041194
6.06 35.4101045622409
6.07 25.2483117591853
6.08 29.7038370197158
6.09 15.9868848234754
6.1 42.1937276291879
6.11 33.7511178003863
6.12 27.1732613935739
6.13 30.161827673776
6.14 36.9311028548373
6.15 10.4782352271457
6.16 47.6438336401988
6.17 40.9964953643839
6.18 30.1249551511595
6.19 31.4971455533311
6.2 36.5728128649085
6.21 2.23856916176182
6.22 36.0955045831372
6.23 39.1625934827562
6.24 51.928618999485
6.25 30.430141013475
6.26 37.2874089367144
6.27 42.6397506433886
6.28 20.1089144733246
6.29 24.7699584634079
6.3 28.8913772017076
6.31 42.4016666542035
6.32 39.9811529523592
6.33 52.8996186156084
6.34 47.9486830039099
6.35 41.8444038611563
6.36 30.4642036252713
6.37 26.7908880797561
6.38 47.12986196474
6.39 50.9220061703581
6.4 35.8940159952993
6.41 38.6794801941557
6.42 26.1571550739872
6.43 36.6024796744326
6.44 29.4317688994468
6.45 36.1188516958855
6.46 29.19043947509
6.47 51.365232769291
6.48 42.5246915605029
6.49 41.231823686054
6.5 20.3950150757629
6.51 26.5170188937342
6.52 45.708686328837
6.53 52.1139245360999
6.54 30.0627193194649
6.55 40.1256198063874
6.56 40.6113014589854
6.57 47.8680930990804
6.58 37.8501524897044
6.59 53.2737851134416
6.6 28.8523221598348
6.61 49.5149192027522
6.62 27.9872513387195
6.63 32.0315116604959
6.64 27.826110055441
6.65 33.7347198399318
6.66 34.8685072637489
6.67 45.1451210310496
6.68 35.68320841112
6.69 52.9142968226116
6.7 30.2186945500866
6.71 35.54276554972
6.72 30.1555116327038
6.73 39.600378392761
6.74 28.1990399198763
6.75 49.8615015473908
6.76 19.4737074023096
6.77 37.5222116739055
6.78 43.1847864311178
6.79 41.8655952379652
6.8 40.3495240477144
6.81 40.0582607332453
6.82 45.3499955217253
6.83 28.1824558537837
6.84 44.7915325397042
6.85 21.679391446214
6.86 43.330604940209
6.87 29.2072182511442
6.88 45.5865638710661
6.89 39.2605377612645
6.9 48.1351862672332
6.91 50.0205928813161
6.92 51.6940437151438
6.93 38.6651601435313
6.94 38.4803632367281
6.95 53.9119424227388
6.96 39.0936761673015
6.97 39.454688092034
6.98 36.2685965606765
6.99 33.5264461893293
7 38.1046815526029
7.01 58.7088346158745
7.02 16.9951328605271
7.03 38.6325792508136
7.04 38.0483003976368
7.05 44.5151116630804
7.06 47.4901273759011
7.07 26.7238702149388
7.08 30.127450484664
7.09 28.8901123276976
7.1 76.3789329008735
7.11 40.0286914423213
7.12 42.7376064657387
7.13 56.9203381470608
7.14 23.749056105745
7.15 32.3618478049002
7.16 62.3400371294874
7.17 33.134418739846
7.18 31.9096946249447
7.19 39.5606812739932
7.2 42.4680664689375
7.21 50.3962733431725
7.22 28.5616385711965
7.23 45.5295972115603
7.24 37.5563638208437
7.25 44.7262615924989
7.26 23.0908530364449
7.27 54.0059323608617
7.28 28.8244293623314
7.29 35.8466572087855
7.3 60.0935188617583
7.31 35.9960099324942
7.32 51.1686067282081
7.33 26.4363223753212
7.34 18.3931128329412
7.35 54.4626073289552
7.36 39.1928698544675
7.37 49.9903223079772
7.38 38.6184875562922
7.39 48.2845189315294
7.4 43.6574389175028
7.41 58.3913848758029
7.42 50.0204337300829
7.43 28.6686143706474
7.44 40.0133894949215
7.45 43.5279200891199
7.46 28.8725290444042
7.47 61.5814383324245
7.48 33.2206939843469
7.49 57.4943912963245
7.5 47.4284182614273
7.51 35.4003976605567
7.52 49.5950947734722
7.53 46.2045600714365
7.54 63.3831328788669
7.55 48.2679288385837
7.56 39.6220623974723
7.57 63.5894636118626
7.58 56.9278573626551
7.59 32.4594306049836
7.6 55.3786199618534
7.61 37.5035951911461
7.62 8.83981938183204
7.63 54.3680755022819
7.64 42.1911141509506
7.65 22.061066434524
7.66 43.0139857821645
7.67 34.0214564411724
7.68 34.5850349829375
7.69 50.8556672125426
7.7 33.5912480981681
7.71 47.0279904805951
7.72 48.2761358911767
7.73 46.1387692353256
7.74 44.0245756081118
7.75 52.4050967533941
7.76 48.2804800379898
7.77 27.3216095355739
7.78 19.419070447437
7.79 55.2504599987148
7.8 37.4901965098724
7.81 32.2188732029586
7.82 36.2806107950428
7.83 34.2913946343034
7.84 56.9381774228408
7.85 33.4098853342909
7.86 46.538294999127
7.87 34.8464019807553
7.88 46.0194925573804
7.89 53.7276162681147
7.9 51.4188253939036
7.91 56.3030389764135
7.92 45.9415907016088
7.93 29.7728937382824
7.94 22.1426025246691
7.95 53.4673868251605
7.96 46.6407089230282
7.97 46.0379307587097
7.98 16.8352690435689
7.99 39.8212472855539
8 32.8099044929125
8.01 49.5965034285998
8.02 42.2367849475248
8.03 29.7787758422957
8.04 32.5181791593981
8.05 54.736980459656
8.06 42.735455533418
8.07 52.4336609494744
8.08 53.9284602634594
8.09 53.7456938499347
8.1 36.3937220681971
8.11 44.0133740092599
8.12 36.4246676861826
8.13 54.3917454253899
8.14 32.5469185282536
8.15 54.1473460513552
8.16 28.2935351307133
8.17 45.9365264868087
8.18 46.1879905761785
8.19 51.6015531733996
8.2 42.2640827197717
8.21 29.8754589094779
8.22 32.0440319425948
8.23 39.8355220126999
8.24 36.3757368059076
8.25 61.7921763082812
8.26 48.4358822615111
8.27 51.4181534373451
8.28 73.5581648161778
8.29 66.9747579476625
8.3 60.2389300474908
8.31 55.0584166889276
8.32 46.7096970990336
8.33 46.7231337965021
8.34 41.7718330828786
8.35 55.0236470128574
8.36 61.4026575790999
8.37 49.8683745000257
8.38 39.6549638058097
8.39 37.006497074461
8.4 49.96284903073
8.41 66.2936437994829
8.42 47.2705702236172
8.43 42.3700592777987
8.44 56.8504549559087
8.45 49.7885062582829
8.46 44.2611724084976
8.47 36.5283780352596
8.48 52.8725568190819
8.49 30.4206736330838
8.5 72.0099965240948
8.51 53.7621443339114
8.52 35.7457547171004
8.53 56.7178586347482
8.54 79.3095167221206
8.55 43.5591997075965
8.56 45.2143208873943
8.57 35.6743096134678
8.58 51.1239594288121
8.59 50.5744210027468
8.6 56.6024048808576
8.61 59.3053158351559
8.62 60.9998420455132
8.63 51.9400390454551
8.64 47.2800626470475
8.65 56.8410620173316
8.66 53.8919400622006
8.67 26.2569728755156
8.68 51.0285256572266
8.69 48.1431333508817
8.7 44.4312438951682
8.71 60.8419682749904
8.72 34.7810400167495
8.73 56.4604231894228
8.74 45.9340691699479
8.75 38.1262315503882
8.76 60.684120861216
8.77 71.7041197992463
8.78 38.1362838857869
8.79 33.5927948860627
8.8 35.2510568345933
8.81 30.3859390582857
8.82 46.1638699227823
8.83 50.0304701563928
8.84 60.1481049855009
8.85 47.837767242893
8.86 53.3212844639835
8.87 32.5917216125604
8.88 62.6038595787988
8.89 53.1982180693356
8.9 49.4027827590424
8.91 18.9317327135585
8.92 42.3181912472119
8.93 49.1812903398255
8.94 48.4493702525763
8.95 48.9388572322233
8.96 49.5459103828869
8.97 54.0246072295443
8.98 41.5715928447391
8.99 36.6069947787709
9 58.1861131385109
9.01 67.2958589702085
9.02 61.1081776409302
9.03 37.9811102896798
9.04 28.8338840901765
9.05 65.1024554993081
9.06 51.0751032053648
9.07 45.4400208629475
9.08 54.8973037888135
9.09 39.5009681932593
9.1 44.3667169630929
9.11 46.3711286478522
9.12 52.5592116414441
9.13 59.9440747008127
9.14 57.4763027590503
9.15 50.9865300041014
9.16 63.0678303118269
9.17 44.4923439542829
9.18 46.1239545791019
9.19 40.5024978902389
9.2 44.5622843355537
9.21 31.9716262139794
9.22 57.4894229427586
9.23 53.4975793400955
9.24 51.1989538708812
9.25 52.0374446465971
9.26 58.0612786084958
9.27 52.3820714507237
9.28 40.8638039660229
9.29 37.0208228245135
9.3 44.187872742171
9.31 47.3314566005938
9.32 55.4224228315206
9.33 56.3425661555131
9.34 53.6752147720382
9.35 50.5939602457814
9.36 62.6585437640646
9.37 50.5541416367246
9.38 47.3860641564007
9.39 53.3169342518459
9.4 40.2103745683148
9.41 48.0225615530626
9.42 55.7394036685856
9.43 47.4588385810951
9.44 33.0987899832918
9.45 31.87797971226
9.46 49.3821790042638
9.47 72.6672401766231
9.48 60.9242977124608
9.49 57.9600705319601
9.5 61.6401438246839
9.51 77.022215589531
9.52 62.1933071327898
9.53 49.0054387943783
9.54 53.7142813985079
9.55 49.1357785022943
9.56 43.9603909605021
9.57 51.5803978912042
9.58 67.2058444616323
9.59 59.6441948960189
9.6 46.7359906231921
9.61 51.5152400854615
9.62 43.7939682695701
9.63 54.9060605292716
9.64 44.7439895022575
9.65 61.1524420344704
9.66 36.2828080260664
9.67 40.9421338060435
9.68 46.1423729352399
9.69 59.3852718850547
9.7 62.486338534674
9.71 50.2020533691661
9.72 39.4193036159627
9.73 52.9750344178994
9.74 49.7690805659373
9.75 33.8630912839825
9.76 59.6698027192274
9.77 50.1003328076197
9.78 56.3230980543314
9.79 51.3528349049822
9.8 68.9412423210517
9.81 52.4929496355857
9.82 63.1783753158703
9.83 45.6259807396701
9.84 77.9621582187808
9.85 43.8637055604126
9.86 53.8076637660979
9.87 53.9143648014506
9.88 67.9814521853691
9.89 40.4054536505733
9.9 50.5025394327593
9.91 52.277575156156
9.92 56.5774473117255
9.93 45.3441322954373
9.94 54.4133742671073
9.95 48.0378109575885
9.96 46.6210152459165
9.97 64.5586585657751
9.98 63.6625084529539
9.99 42.8140228624508
10 66.8648073685569
