0.01 1.26431004131938
0.02 -0.707036677209532
0.03 -13.7150693448295
0.04 8.12758845267334
0.05 -10.975458271992
0.06 12.8216662034766
0.07 7.52784149248671
0.08 9.98710274566973
0.09 7.92390650099143
0.1 6.13725116660513
0.11 3.88461860283765
0.12 8.37581990409525
0.13 15.226425872389
0.14 7.77084519986088
0.15 1.3318138713704
0.16 1.61487745718246
0.17 1.72839352502644
0.18 -3.42126149285609
0.19 12.1901864396384
0.2 16.3820971106242
0.21 -11.0120135802455
0.22 19.8759559753607
0.23 14.6607644393327
0.24 11.1916584882362
0.25 13.5054871011677
0.26 13.2203827617008
0.27 -1.50990706154245
0.28 16.3351183264196
0.29 8.19570556538275
0.3 19.8865031859662
0.31 2.15693104415526
0.32 17.8643289578079
0.33 -3.69951069783595
0.34 6.25434495876301
0.35 4.75426848887368
0.36 -3.92701830513051
0.37 -0.437297607360437
0.38 14.9104884781492
0.39 -3.96722020529855
0.4 11.2202228130038
0.41 8.79196574361973
0.42 9.26224008961985
0.43 0.886070765186178
0.44 14.5449747731101
0.45 -1.03449529028579
0.46 5.49799196057741
0.47 8.64703088368059
0.48 15.5660963338593
0.49 2.9628725940678
0.5 13.9984858232066
0.51 -14.0862335507891
0.52 6.04302569590997
0.53 -1.78657697155295
0.54 13.2852625178712
0.55 -0.121951086105906
0.56 1.9877364186596
0.57 1.93332266048066
0.58 16.2465872029878
0.59 11.907815247242
0.6 1.89284402400533
0.61 30.8032333326775
0.62 -9.33088010205302
0.63 12.0231145223933
0.64 0.727311992621789
0.65 13.5427962245103
0.66 -1.83237305656831
0.67 12.3314394791625
0.68 -0.626432431921732
0.69 7.59550786868836
0.7 3.77128162213033
0.71 -1.68847751429537
0.72 9.00305164665277
0.73 17.2751305413531
0.74 -11.2521493816942
0.75 12.0830956916301
0.76 1.96958905145864
0.77 24.4918496734197
0.78 3.90497431408788
0.79 -6.44736923746506
0.8 -4.75052758959484
0.81 10.2053484016393
0.82 -4.81509094553507
0.83 13.981306173892
0.84 16.4558815339161
0.85 -7.42031843990387
0.86 10.9363140442407
0.87 15.3715129618228
0.88 1.13928344172124
0.89 -1.0169681064812
0.9 10.541976271347
0.91 14.4490004489533
0.92 16.8857283535241
0.93 15.4366490709738
0.94 7.22590232162765
0.95 -7.95236135286518
0.96 21.924871541449
0.97 31.1931136707982
0.98 22.1346778814324
0.99 16.6507700123186
1 12.8985433167148
1.01 11.125566138778
1.02 9.37406731977324
1.03 19.9666144689274
1.04 7.66235343077869
1.05 9.17780628329357
1.06 5.45625981277212
1.07 31.6688330285502
1.08 -4.55611605890866
1.09 4.2713392022164
1.1 1.02916285278021
1.11 -0.720553368950378
1.12 7.79634210098249
1.13 -9.2898660534434
1.14 20.814002500792
1.15 -3.50170765438238
1.16 16.637544292045
1.17 -0.953160657910336
1.18 5.73865193899125
1.19 10.4211320858862
1.2 21.0963944371005
1.21 5.71659319534679
1.22 17.9925769159408
1.23 21.9278503473466
1.24 -8.94103349277146
1.25 9.97413356860688
1.26 -2.79413991136859
1.27 -7.33298867654007
1.28 23.9051820187341
1.29 7.31152688339458
1.3 -2.69276925789246
1.31 24.9306794246194
1.32 1.35358249583507
1.33 9.1891847615598
1.34 19.2121072138483
1.35 19.6080452793504
1.36 -5.61981347474872
1.37 12.7177211568029
1.38 12.8240974906487
1.39 12.4696290887551
1.4 19.6042467057139
1.41 -5.09474798849352
1.42 23.7692725227801
1.43 -0.162400973340247
1.44 13.3854102540628
1.45 14.8369223377035
1.46 7.49232274407564
1.47 11.6405059877571
1.48 7.48848289683126
1.49 12.4492903397995
1.5 16.5487812854187
1.51 15.0120982445825
1.52 5.04853095778372
1.53 1.78104383057581
1.54 1.24060377661155
1.55 25.4888849694573
1.56 20.7175459241623
1.57 16.0143202984067
1.58 -3.30863616993684
1.59 10.8790486347299
1.6 1.06858939788808
1.61 11.4730891148459
1.62 -4.4734572007441
1.63 13.6547605387714
1.64 21.1164813196078
1.65 7.80586632310241
1.66 34.5889411083379
1.67 16.3812437811155
1.68 0.718618334446444
1.69 19.6890365505628
1.7 26.1402817470897
1.71 22.4198558979082
1.72 23.0156862963441
1.73 14.8094579002251
1.74 11.7895396859583
1.75 23.0496870944953
1.76 30.3334580884854
1.77 18.5527440579136
1.78 0.175069677896756
1.79 14.1917926447303
1.8 13.7483126398593
1.81 -1.47736863828507
1.82 6.76555551118478
1.83 21.0862427590187
1.84 5.67521254865833
1.85 13.8674056325263
1.86 15.7039372587626
1.87 -4.88186232779558
1.88 2.85490119941292
1.89 12.6455198353449
1.9 16.3869973742573
1.91 31.6681488242266
1.92 1.94884261467864
1.93 27.8459470065355
1.94 25.7912214760698
1.95 32.4405056990089
1.96 19.4301636071051
1.97 18.4979524938024
1.98 4.1846268503974
1.99 17.138382283764
2 35.0746481898539
2.01 0.60663334623124
2.02 19.2870681683696
2.03 25.2003541038433
2.04 16.1666589455724
2.05 16.0057172714342
2.06 8.64827944611546
2.07 28.8243223911445
2.08 10.7553858777864
2.09 2.20324256095913
2.1 2.58783282064588
2.11 6.44281310450362
2.12 2.59912777775699
2.13 10.8014539893597
2.14 31.6147066517648
2.15 -0.51972143335631
2.16 12.3030445988145
2.17 30.2072746215587
2.18 22.588678405996
2.19 26.2576010326556
2.2 32.1684368109983
2.21 21.71931865218
2.22 14.6007862380542
2.23 31.3874692007029
2.24 27.137775309645
2.25 15.6490004532848
2.26 23.6285255692509
2.27 10.8019009418646
2.28 13.8461118980252
2.29 17.1419892384818
2.3 2.37441061076912
2.31 -4.50313825135489
2.32 8.26477917197208
2.33 27.865998595701
2.34 -1.04816159763479
2.35 10.6732718787245
2.36 5.77067733365057
2.37 18.8855736978141
2.38 31.646766560607
2.39 27.8754443570484
2.4 6.4674162932217
2.41 15.4215537781914
2.42 26.1464311524352
2.43 3.26097987133873
2.44 24.4104305143971
2.45 40.9483453241736
2.46 17.053332497731
2.47 0.249982822888274
2.48 39.6151682836917
2.49 10.6570447353362
2.5 10.3350580421844
2.51 8.37222871377281
2.52 30.1683758452672
2.53 14.7791075044359
2.54 24.3984893500146
2.55 32.9413599351852
2.56 13.1597802379811
2.57 15.7799630876349
2.58 27.2233702113523
2.59 1.78420834029541
2.6 13.941524022166
2.61 -0.00557324521842695
2.62 15.164357096615
2.63 27.0921170401778
2.64 12.9025720604216
2.65 12.1412997363923
2.66 21.4819867442779
2.67 -1.7196056956045
2.68 29.8019559278132
2.69 13.474623078317
2.7 4.98464373632038
2.71 28.0567204038163
2.72 27.9520082491995
2.73 22.8503697847385
2.74 0.588944183633977
2.75 24.4206560549607
2.76 34.5739253098433
2.77 26.1101818100374
2.78 21.9401427086199
2.79 26.0303153084091
2.8 19.2802180142884
2.81 15.3903172948425
2.82 21.1346208533275
2.83 14.8877032450858
2.84 20.6362956769478
2.85 11.2135785953619
2.86 15.9902773165674
2.87 35.5938827703373
2.88 17.4426160887645
2.89 8.92666401625509
2.9 7.4115033000306
2.91 28.3787865089755
2.92 30.1523035291325
2.93 35.5212976241828
2.94 16.9013147160477
2.95 32.790026375023
2.96 28.5635852923451
2.97 14.5186413849435
2.98 4.58719991330191
2.99 13.0818507336558
3 27.254639757684
3.01 20.6248602210872
3.02 23.7496873259791
3.03 26.6917064088365
3.04 26.1366001376601
3.05 33.3436848581071
3.06 30.782291962641
3.07 7.82764418123239
3.08 23.6973625041042
3.09 21.0883969358221
3.1 18.9240539520847
3.11 27.0374743887332
3.12 2.00891407643487
3.13 21.4394316144464
3.14 36.8946536044762
3.15 11.6211759040951
3.16 0.769226086343789
3.17 10.0076809022115
3.18 21.797574839485
3.19 25.3243145020653
3.2 35.6579397387083
3.21 0.490110509522973
3.22 3.87040863715129
3.23 16.9156314071198
3.24 26.1940735526953
3.25 30.9010037378459
3.26 28.2968394544416
3.27 31.9097419459877
3.28 18.9597651247712
3.29 24.1823251661984
3.3 31.8666794350836
3.31 12.5994507274009
3.32 52.7215973246102
3.33 16.6062936996277
3.34 37.9759982303007
3.35 12.7465352525733
3.36 21.1573373109732
3.37 27.5105506610374
3.38 27.3853629688614
3.39 12.9847153765413
3.4 24.156688208621
3.41 26.5764966472715
3.42 22.1691864041798
3.43 29.2071314585525
3.44 15.1408414791748
3.45 31.3114445047297
3.46 7.95590729897714
3.47 27.932629490087
3.48 31.7688331505148
3.49 15.5548098132268
3.5 15.4734650342337
3.51 20.5274091093211
3.52 42.8673285511535
3.53 34.306415373125
3.54 39.8795421263341
3.55 47.5761043068606
3.56 17.219950375094
3.57 27.1884555648551
3.58 23.9588981849807
3.59 14.942613975171
3.6 9.07518359217486
3.61 18.6110452118209
3.62 27.3567547863628
3.63 3.94887443366458
3.64 26.2580101345242
3.65 21.2112440597293
3.66 16.0989021087745
3.67 19.3115067732934
3.68 27.3361180825328
3.69 26.248369572327
3.7 35.4409632465525
3.71 11.036431864374
3.72 36.4191565935002
3.73 15.2125861651729
3.74 20.5841220053703
3.75 31.4394921670332
3.76 39.5074793160682
3.77 26.2423579917872
3.78 22.8953212968256
3.79 23.4857144590759
3.8 24.2764015504897
3.81 45.059276066413
3.82 35.4978131511968
3.83 18.3693360318137
3.84 19.2647744258031
3.85 11.2264358780572
3.86 34.3799357741818
3.87 32.17293778574
3.88 18.0652461673427
3.89 21.3936135868584
3.9 22.2031024342662
3.91 23.9739018222798
3.92 26.6934073583449
3.93 37.9107438761867
3.94 27.7340934940509
3.95 33.1056663295044
3.96 11.3210557853809
3.97 16.0438818172807
3.98 10.2131504274543
3.99 26.5325187528119
4 11.1545977779868
4.01 24.3265254852814
4.02 18.398187744327
4.03 12.0106714979983
4.04 17.8544972698927
4.05 25.1213570379183
4.06 12.7406164780147
4.07 13.2433466802825
4.08 45.3924980632942
4.09 21.8685890219628
4.1 32.2494439648317
4.11 36.1931368039894
4.12 38.2589975458787
4.13 43.0616572691883
4.14 39.8625908410415
4.15 28.6003904149646
4.16 22.288693899629
4.17 36.4398483113732
4.18 28.5750155340853
4.19 48.1835631808179
4.2 22.1409855913847
4.21 48.4138738087321
4.22 2.77286311480956
4.23 19.8062186348049
4.24 33.5684918941116
4.25 21.9576077788118
4.26 31.577140585377
4.27 38.7982399530188
4.28 28.3222086060814
4.29 19.0463411121588
4.3 19.6378261719034
4.31 23.46936048499
4.32 37.0578897342731
4.33 26.2305055794307
4.34 38.5047805982759
4.35 19.6068851996424
4.36 32.2039524282982
4.37 24.8645027505294
4.38 37.2385942208669
4.39 18.0054694143587
4.4 29.8903387757675
4.41 19.0969958825851
4.42 35.809568992433
4.43 26.7049119432683
4.44 38.8932943095134
4.45 7.91170000949321
4.46 32.2269014170145
4.47 28.345189234218
4.48 13.1518540575786
4.49 29.9196992862983
4.5 9.23550915541021
4.51 30.5096966971631
4.52 35.6825933363533
4.53 21.5666424713877
4.54 23.5051625123012
4.55 26.7254364138584
4.56 34.6080912539761
4.57 37.7571852940841
4.58 23.3315353067958
4.59 25.7569728734523
4.6 21.7061670436713
4.61 27.737334542623
4.62 27.1605101648631
4.63 33.3173735284076
4.64 28.3711906428134
4.65 44.6300879387897
4.66 24.4365499486087
4.67 29.6556335899826
4.68 29.0180815391613
4.69 19.8233281843192
4.7 26.3048434486437
4.71 35.9838369829478
4.72 29.9804725336922
4.73 44.9276201520838
4.74 22.8862185860373
4.75 22.3367814885507
4.76 24.6463765289133
4.77 35.0609821080978
4.78 49.3385989574103
4.79 21.8553437141599
4.8 37.1270529689219
4.81 28.1836637488591
4.82 28.1494224889489
4.83 35.94396334675
4.84 37.7275971274866
4.85 36.0001729763767
4.86 43.2573775921678
4.87 12.8405949347974
4.88 9.22283497626513
4.89 26.298221279402
4.9 28.9532034544581
4.91 36.0531297383656
4.92 39.9240342735028
4.93 33.3072280104502
4.94 12.9644646298713
4.95 24.135552927465
4.96 32.5708683356213
4.97 17.4151488281
4.98 21.0230895727727
4.99 32.8682628545034
5 42.9197362216403
5.01 31.5004531454336
5.02 40.0498453868265
5.03 40.3452593369922
5.04 25.4758287215603
5.05 27.0828231672505
5.06 27.5965523127955
5.07 19.411100881515
5.08 13.9943785204356
5.09 58.8364163607532
5.1 28.6744746175861
5.11 32.6372898811137
5.12 10.7113691637644
5.13 21.9131374035645
5.14 27.9224828209627
5.15 34.5456026600763
5.16 25.7450456061069
5.17 23.9875994516009
5.18 48.3719383257814
5.19 50.5610142326823
5.2 30.0696252667702
5.21 24.5464941850347
5.22 26.3139754078631
5.23 28.0934926404868
5.24 49.4345151993739
5.25 10.7571729943224
5.26 33.5182430724871
5.27 27.5824760559716
5.28 33.0836334277239
5.29 43.0592898383216
5.3 24.7891084668825
5.31 25.4282423189553
5.32 37.8465738664728
5.33 53.2876887597445
5.34 31.1592677476702
5.35 25.8063889014877
5.36 18.3287870734845
5.37 47.7579615153414
5.38 23.2169254676329
5.39 40.2178733566849
5.4 27.8271831956795
5.41 44.0332204348374
5.42 39.4321084300477
5.43 38.7233310998952
5.44 44.7521385074431
5.45 39.55610493264
5.46 51.0635454360414
5.47 34.8384967974221
5.48 21.5303386937498
5.49 41.8093494122458
5.5 41.7210611366699
5.51 57.0975368933752
5.52 34.6219229851897
5.53 46.8653125428784
5.54 25.3448540548661
5.55 31.6264984816231
5.56 32.841386809503
5.57 33.9097529508428
5.58 33.5867237170126
5.59 37.8963093504724
5.6 37.5304524139068
5.61 21.0589954741369
5.62 46.5126448912704
5.63 32.4070706797274
5.64 35.9476546535763
5.65 44.1937412491575
5.66 31.9111498424775
5.67 31.642166966307
5.68 19.684256989726
5.69 18.2669559762982
5.7 35.9069359524295
5.71 33.7732943518539
5.72 52.7825749827051
5.73 23.8217947361582
5.74 28.5223913929746
5.75 27.1315953075897
5.76 29.7334692273266
5.77 45.230677255054
5.78 29.6719112616129
5.79 36.0591866386304
5.8 39.3455803658904
5.81 54.7892227510441
5.82 15.5882161939291
5.83 40.8287604692659
5.84 50.2587070973306
5.85 32.8232008121139
5.86 19.8941843912365
5.87 33.9376413430296
5.88 6.2947498472402
5.89 38.716282375242
5.9 25.802294996469
5.91 21.2374932925382
5.92 31.7956204192751
5.93 41.3535810422341
5.94 52.6483007175809
5.95 32.9877550655119
5.96 22.0169241270428
5.97 49.2302028382956
5.98 24.2690453942929
5.99 23.7273898063543
6 31.3637940521871
6.01 15.8510341865726
6.02 43.7613482640867
6.03 40.2325870814635
6.04 29.5015233149419
6.05 38.0937795743262
6.06 46.9826759756179
6.07 48.7574844237096
6.08 23.645095982584
6.09 42.9356310376828
6.1 35.6790173010644
6.11 26.6391063660015
6.12 48.009318623008
6.13 30.7023551286166
6.14 36.7054730727878
6.15 49.7168225668807
6.16 7.07978199987959
6.17 23.2955508207686
6.18 30.260194955928
6.19 20.3872389846739
6.2 40.2783071848432
6.21 42.8489251504331
6.22 37.6296115531227
6.23 33.6576397679497
6.24 41.3313254515497
6.25 25.6305246530984
6.26 29.4646154176314
6.27 53.4172139843018
6.28 30.452086052669
6.29 35.3848831169028
6.3 64.1727158334481
6.31 26.5211723103896
6.32 17.0816166281174
6.33 40.480125788532
6.34 40.940826251597
6.35 18.5343784907055
6.36 46.5017923256261
6.37 42.7805282745227
6.38 48.2202580407475
6.39 29.362158831918
6.4 33.0462435403866
6.41 19.7077263518472
6.42 33.6193727739605
6.43 34.1821308457025
6.44 39.3639643047282
6.45 43.3060616129681
6.46 40.3660548990801
6.47 42.6642688589565
6.48 28.0654409336217
6.49 52.602782376727
6.5 47.478458093313
6.51 19.5522652959467
6.52 43.6602008287826
6.53 27.1848216169226
6.54 29.1275421117157
6.55 50.0528304328087
6.56 49.2263552936037
6.57 37.7671130551035
6.58 35.7262480097684
6.59 61.1143394212948
6.6 22.715027174167
6.61 45.7866980605715
6.62 41.8501868156798
6.63 39.07866620554
6.64 28.6591424434595
6.65 33.8045170736188
6.66 28.7821170627867
6.67 35.7657350590059
6.68 37.9928794958156
6.69 26.2532553156065
6.7 45.1033108594937
6.71 45.4744190182588
6.72 36.854252240276
6.73 22.4036475217772
6.74 25.6286075701177
6.75 35.2727014390357
6.76 23.1573577128893
6.77 42.6871023693101
6.78 35.5608278877424
6.79 37.6392057774758
6.8 51.531168037277
6.81 29.1652292462747
6.82 45.3609800289805
6.83 35.2131977040199
6.84 38.4382652763439
6.85 38.9431104820874
6.86 39.7836767356791
6.87 38.4423148381801
6.88 32.7028579588043
6.89 24.556140288154
6.9 38.0005473938074
6.91 45.2250584663448
6.92 18.9965758995376
6.93 21.8119061872466
6.94 37.6453007794593
6.95 40.9549334972409
6.96 36.1122164230293
6.97 34.7499226526177
6.98 36.751864485079
6.99 36.2053824952285
7 31.4400359147359
7.01 51.9702562599032
7.02 48.2229458312409
7.03 23.0401463371421
7.04 54.218329424593
7.05 43.7591655515885
7.06 43.2030161913306
7.07 46.1499493954701
7.08 42.0395768082647
7.09 45.5608149050978
7.1 41.9722473637972
7.11 52.7994993330067
7.12 19.758888500044
7.13 40.8241089324699
7.14 27.0422509890216
7.15 51.863177369215
7.16 45.8511002668363
7.17 34.5177443035982
7.18 45.8270156544774
7.19 42.4957040247485
7.2 24.8516812998321
7.21 20.8563887901626
7.22 28.2038060165307
7.23 49.7163135405867
7.24 41.2429479187306
7.25 36.8405916265534
7.26 25.2151731304329
7.27 33.0835825374951
7.28 52.2949374144221
7.29 60.9317965541531
7.3 37.4910767458355
7.31 52.7055065651374
7.32 42.4654926158274
7.33 28.5593217278284
7.34 50.0538315511476
7.35 4.61657426719243
7.36 30.3948787756166
7.37 25.3302674991048
7.38 49.9911076931528
7.39 50.6268790678403
7.4 43.4932283720582
7.41 31.8104311454996
7.42 41.4796897950257
7.43 49.4814612887837
7.44 38.0446832593987
7.45 43.1868818494072
7.46 39.5787827635594
7.47 42.9587047274443
7.48 62.7165705351412
7.49 49.6181349283088
7.5 38.984909923867
7.51 33.0167199073284
7.52 45.3337933928813
7.53 49.4046237095245
7.54 27.2682466689309
7.55 25.8395504512687
7.56 44.5736256484676
7.57 57.0423712302895
7.58 47.3769974404224
7.59 50.0008833430931
7.6 35.0350434549433
7.61 49.9518425349698
7.62 64.1935002473992
7.63 40.3021365903002
7.64 30.1698242769165
7.65 35.1533857202024
7.66 36.4364974352385
7.67 47.1723058935585
7.68 52.5091549339101
7.69 32.5296174290834
7.7 49.6550257088946
7.71 46.4073588433831
7.72 31.0438140991116
7.73 56.6480295846091
7.74 60.1722761988613
7.75 35.8670495915138
7.76 32.3401984458719
7.77 39.4971509221573
7.78 30.5396566188509
7.79 37.9898037108221
7.8 41.5101505091508
7.81 30.2902775084375
7.82 42.5819168711833
7.83 48.8564593579991
7.84 48.6735302225604
7.85 42.7595068166831
7.86 47.5325302201469
7.87 44.0449417058067
7.88 45.399241833888
7.89 46.5357439963053
7.9 39.3996151329883
7.91 38.1407467358679
7.92 48.4179755159591
7.93 53.6976620899394
7.94 56.0356266352004
7.95 30.5607633201067
7.96 36.6008552010517
7.97 41.8042725032918
7.98 51.6679138290707
7.99 43.2352126351894
8 37.2012223465037
8.01 37.5183931874579
8.02 59.089575069937
8.03 29.7044009326182
8.04 24.1906062980272
8.05 38.5155489791893
8.06 31.9156467519441
8.07 37.05987859326
8.08 43.1156512631277
8.09 35.5135040373124
8.1 46.0178402964384
8.11 51.7344949601524
8.12 44.3842568303517
8.13 41.3197491365879
8.14 57.7786453197168
8.15 53.1690988700526
8.16 36.5944208640472
8.17 35.5850101220501
8.18 43.8520411088681
8.19 52.8288786821097
8.2 36.425581721823
8.21 36.3301847238039
8.22 56.6014592844529
8.23 69.9155534857416
8.24 46.6469352842138
8.25 34.686383813925
8.26 31.253555928934
8.27 53.9626580248038
8.28 26.9505489304917
8.29 39.2400966221838
8.3 50.8176410463458
8.31 44.1470079271042
8.32 57.5895951774199
8.33 52.9617165370706
8.34 72.0025061519918
8.35 34.4094879678765
8.36 61.1830196886348
8.37 38.9803393329832
8.38 39.0523027426547
8.39 52.8497973848154
8.4 55.1356407183409
8.41 43.2080513274774
8.42 43.6364803995091
8.43 43.0494946326899
8.44 28.5763400054188
8.45 43.5129140517424
8.46 21.0047262757765
8.47 46.1077017347864
8.48 63.649328171751
8.49 66.7609858809389
8.5 65.9265299072151
8.51 57.0901835770062
8.52 47.7930826887713
8.53 51.3133428811739
8.54 46.7055256399002
8.55 33.9447449150108
8.56 41.1321821245451
8.57 31.0634571884298
8.58 21.4612761556909
8.59 48.3735393808666
8.6 59.8509897924614
8.61 44.8789592909616
8.62 42.4277049494951
8.63 56.7512613345915
8.64 54.0284023379318
8.65 53.8566755170626
8.66 41.003632309237
8.67 34.8442137462768
8.68 66.3689583715365
8.69 48.4402614876916
8.7 42.4438519622263
8.71 59.8596174665561
8.72 42.5110840313041
8.73 44.309880352383
8.74 64.395812721548
8.75 46.256618742075
8.76 40.283813252049
8.77 46.9399802869779
8.78 45.7069120246074
8.79 52.8801217826043
8.8 49.4268395205048
8.81 54.7147614440206
8.82 48.2693200127945
8.83 54.4492034502636
8.84 56.5809274733161
8.85 52.9807128456127
8.86 41.3808988706833
8.87 47.7960254431702
8.88 58.9860682624943
8.89 42.8807349572548
8.9 50.2973275954311
8.91 54.8720500830345
8.92 35.2661341696477
8.93 60.3153065522563
8.94 53.9723884400907
8.95 44.1969925809811
8.96 59.0974246158274
8.97 64.9764006217927
8.98 24.0681685460229
8.99 75.5256135702418
9 68.078346018554
9.01 53.4361986948505
9.02 43.5471645149979
9.03 41.9078747228836
9.04 66.3864248336549
9.05 64.2695734375588
9.06 62.9108780984031
9.07 55.5961775564278
9.08 49.5575004553667
9.09 54.8421924838406
9.1 29.0640834643137
9.11 44.8597775051141
9.12 45.76574464286
9.13 55.0092721709618
9.14 30.2734640885181
9.15 67.87082824881
9.16 53.7943701885878
9.17 48.6727485193563
9.18 38.9585607257849
9.19 52.4812595802532
9.2 47.2258468538584
9.21 34.7859577796297
9.22 54.5977676204337
9.23 65.7666059457106
9.24 61.4262441040083
9.25 56.5427180239456
9.26 47.2855548514953
9.27 66.1550453386404
9.28 37.0228186556589
9.29 46.4248150074006
9.3 44.3689519027364
9.31 53.7266263319299
9.32 62.7071730359819
9.33 46.0484583457307
9.34 56.473096827402
9.35 59.0325704430308
9.36 49.766390028116
9.37 55.040975747111
9.38 45.651199015664
9.39 57.2989618211956
9.4 32.2025106459652
9.41 51.4102588579046
9.42 55.4325681094227
9.43 56.5827526701466
9.44 58.341920316251
9.45 31.2166858502395
9.46 63.4613374353118
9.47 39.7233428923869
9.48 56.3506022446199
9.49 59.1998245827417
9.5 57.3231299901062
9.51 53.8065808280061
9.52 44.833490101455
9.53 50.6176709707351
9.54 41.9192013569795
9.55 59.810198159501
9.56 65.6471684138955
9.57 38.6477820872839
9.58 63.1538455228809
9.59 43.5226741686827
9.6 56.0266330005584
9.61 55.0884097100243
9.62 57.8322242137043
9.63 73.5844868079669
9.64 72.4648946215097
9.65 64.7015664097172
9.66 64.2914556164834
9.67 59.2754293501858
9.68 21.1009979648569
9.69 67.3670449410767
9.7 61.7685411612916
9.71 53.9667889676369
9.72 50.3211374194901
9.73 59.4379954863461
9.74 44.6730675973435
9.75 61.3217230005696
9.76 60.0788641369945
9.77 54.1317018019708
9.78 40.7389755172694
9.79 65.2595425708382
9.8 57.3474772906907
9.81 43.2857756161937
9.82 63.9213935720671
9.83 50.3280896403509
9.84 52.6485904349757
9.85 67.1364427220925
9.86 52.6051704693166
9.87 52.1033215084227
9.88 52.7994121545624
9.89 49.6012263650675
9.9 53.3660689459842
9.91 66.0747090813955
9.92 50.2257110775417
9.93 51.3103602036726
9.94 56.1181350568991
9.95 59.0912077634514
9.96 52.8314965532021
9.97 44.8838662412175
9.98 48.9462397609529
9.99 57.0794267575919
10 56.0044391411148
