0.01 -9.4172120647659
0.02 8.75913274847312
0.03 16.012403501664
0.04 -18.7826966582874
0.05 4.88474142592623
0.06 21.1479240739459
0.07 13.6787939546764
0.08 16.5004037916245
0.09 14.6416981952857
0.1 -5.73969063830132
0.11 12.5092233854091
0.12 -2.86853028728018
0.13 -8.82202874399974
0.14 -3.26260006636445
0.15 2.88629886714125
0.16 -7.4918181061182
0.17 5.89632221965346
0.18 3.49887756684617
0.19 12.8899633289709
0.2 -4.35083060558563
0.21 2.72951186876048
0.22 18.1872114373769
0.23 3.09006730437089
0.24 -15.3973369364999
0.25 0.136824935068935
0.26 -15.2132985608423
0.27 -3.55764691640062
0.28 -9.41096608237861
0.29 14.3963990105753
0.3 1.61674764236705
0.31 16.1333644285032
0.32 -2.36897808032329
0.33 15.9386472927053
0.34 -0.894968940604552
0.35 3.03020016343551
0.36 10.8832444039873
0.37 19.9136678481512
0.38 -7.20260699480414
0.39 15.9588115989222
0.4 12.4866680102503
0.41 1.00357123522443
0.42 19.2676321292549
0.43 -14.7656410663693
0.44 19.0712211452777
0.45 11.7743420294692
0.46 11.8354214731694
0.47 -17.8712126315821
0.48 10.0838552237649
0.49 27.0827902062791
0.5 28.6497151900198
0.51 12.8004112639848
0.52 -4.73326884741249
0.53 4.87729907314066
0.54 15.1521883242338
0.55 13.130085546622
0.56 -6.67584213797351
0.57 18.7851696771318
0.58 13.3116058746505
0.59 -0.400575411793881
0.6 23.4402278289063
0.61 -0.190159619566524
0.62 4.76817406546558
0.63 11.3585385638416
0.64 12.2631061093065
0.65 -14.1062289325085
0.66 13.8629533921796
0.67 22.1070856777865
0.68 10.3434829085586
0.69 26.4829557687128
0.7 20.9369490072212
0.71 0.980896240160599
0.72 14.6180350858572
0.73 -22.4605014742879
0.74 -0.895537438583602
0.75 3.50616574211722
0.76 6.14348283875469
0.77 15.9273352887243
0.78 11.7232218595179
0.79 8.6689624166013
0.8 9.12311863147007
0.81 -15.7297538825582
0.82 0.905271525388689
0.83 -25.0891566830739
0.84 19.6061688743594
0.85 18.4378220443731
0.86 3.39425549978316
0.87 12.3160197116061
0.88 20.2611967666563
0.89 12.9297157320073
0.9 19.4165330007674
0.91 22.0485412431485
0.92 10.1131552920573
0.93 -4.73014888447916
0.94 24.7000170307867
0.95 6.87686701713952
0.96 13.1008048759919
0.97 25.0407629989488
0.98 13.2678996933868
0.99 18.5211742781221
1 11.1500245252645
1.01 -9.00341759577628
1.02 15.5800684914017
1.03 -6.45291271016927
1.04 17.3411701661502
1.05 17.9160633085632
1.06 1.46791825333895
1.07 20.28108035835
1.08 11.4616394443847
1.09 16.2026704635083
1.1 23.0304537916215
1.11 27.843885029441
1.12 21.1123256350727
1.13 15.0290685341013
1.14 18.6855142690674
1.15 11.8110895241651
1.16 20.7093993936737
1.17 12.7349852401416
1.18 19.4249388707242
1.19 -11.296177799781
1.2 11.1990130503642
1.21 24.9939215067747
1.22 20.889748584409
1.23 22.9131561821998
1.24 2.66262558032157
1.25 6.34382218905228
1.26 6.956448068634
1.27 19.8749043644935
1.28 10.5021219297684
1.29 23.9557146238079
1.3 20.0729903524469
1.31 5.19466470761782
1.32 12.1736621315943
1.33 27.7603036630432
1.34 19.6332347929407
1.35 3.57245965192543
1.36 9.50854825856185
1.37 8.24335826743289
1.38 17.8704314541484
1.39 16.5231460306851
1.4 22.8207279120648
1.41 9.90469728835616
1.42 2.14618310978797
1.43 4.35584394189113
1.44 22.5898965913311
1.45 36.4817041193855
1.46 -6.8867772627324
1.47 0.576682164042985
1.48 9.09945183018061
1.49 11.4551775431342
1.5 22.0238535736576
1.51 18.0344625326019
1.52 23.1866020723117
1.53 27.220014932405
1.54 1.73547874168139
1.55 18.9761129723976
1.56 9.74006829585089
1.57 -0.317123617503855
1.58 15.3391577163319
1.59 6.516969964854
1.6 25.7491379949264
1.61 18.6379425758971
1.62 14.0404350806072
1.63 4.72848904190869
1.64 2.68184922148928
1.65 14.9038027905891
1.66 8.05775892477862
1.67 27.1116168944879
1.68 4.15248627104668
1.69 0.761604012136693
1.7 4.28480962997505
1.71 18.4798375509296
1.72 8.36276544215777
1.73 7.66721778418402
1.74 9.33621846146829
1.75 -2.37957933932288
1.76 10.0402123554524
1.77 22.1129809941042
1.78 7.88394698514628
1.79 24.6595550876282
1.8 11.1186498355823
1.81 13.0556855727121
1.82 8.14656508804311
1.83 36.6686679317109
1.84 21.6389075621535
1.85 0.628580404543037
1.86 21.6967229745826
1.87 9.31071294360635
1.88 28.8425174059416
1.89 2.29514969094099
1.9 11.2145398951575
1.91 1.84943635149587
1.92 32.8203318536138
1.93 -1.62068874193085
1.94 1.62952090982653
1.95 -0.00801774201623395
1.96 8.66703438526201
1.97 3.84278430298215
1.98 20.2272128711409
1.99 26.9659009433696
2 16.7203062905693
2.01 25.8446076532494
2.02 12.1933351860703
2.03 -1.22698054050665
2.04 37.2210447395356
2.05 13.651472824773
2.06 5.61783117051206
2.07 12.6296909359505
2.08 26.1675250002865
2.09 16.7258205434948
2.1 11.0528265021313
2.11 26.4998269410305
2.12 17.9002257704766
2.13 -4.18101141455236
2.14 17.7198490219986
2.15 16.799095637139
2.16 10.7980820309497
2.17 -2.0802756165199
2.18 -9.02742291311604
2.19 24.9111594950842
2.2 2.90520968137296
2.21 12.2811294325252
2.22 12.7463213051254
2.23 5.08681840654923
2.24 17.5169278545588
2.25 20.9989120258925
2.26 18.0786412412626
2.27 15.3159016502482
2.28 28.0968805366634
2.29 18.6464277666096
2.3 2.15585707967742
2.31 38.0244846752768
2.32 34.02102045265
2.33 -11.2180921580422
2.34 19.9041849929669
2.35 11.9295995869243
2.36 -2.56006869524598
2.37 23.6637458393251
2.38 24.60821711819
2.39 13.7832359917795
2.4 -2.51467725752597
2.41 2.00997937501397
2.42 24.6141376333426
2.43 39.0693576443114
2.44 12.498200198183
2.45 23.7038136536251
2.46 16.7783202738794
2.47 28.0234755401108
2.48 32.1836338003778
2.49 17.6335864048437
2.5 -6.71414566640104
2.51 18.1461148801461
2.52 21.0448295671275
2.53 6.39376513500753
2.54 19.7593017620109
2.55 18.6634195241989
2.56 31.954122722677
2.57 33.0772358870208
2.58 15.2470437716086
2.59 12.8500113014648
2.6 10.9700484248072
2.61 8.21243989910477
2.62 -9.07083621914325
2.63 18.85683287883
2.64 11.6634659066821
2.65 31.0919525394965
2.66 22.6250349947509
2.67 29.3737542732917
2.68 8.63303705553236
2.69 -2.78447031396422
2.7 19.6186959861588
2.71 11.549250641263
2.72 36.3798008427732
2.73 40.5086678392039
2.74 36.6120202519674
2.75 23.7253255722719
2.76 15.887237319642
2.77 27.142403414822
2.78 16.371008522841
2.79 33.1348813727228
2.8 31.4893084802257
2.81 30.2509049104788
2.82 27.2762367517188
2.83 17.8407414804521
2.84 24.7726339563253
2.85 -2.68145358232656
2.86 15.5707171778412
2.87 35.0482305889361
2.88 35.6750827576098
2.89 21.9759943779316
2.9 27.7072865106867
2.91 2.34217793145386
2.92 31.0326659254856
2.93 20.7614190712989
2.94 14.879674388938
2.95 20.6198428255966
2.96 22.3190542154061
2.97 16.6984915271104
2.98 15.169492829255
2.99 17.6007670808297
3 12.0867790000443
3.01 8.5312829273351
3.02 18.3897242071224
3.03 26.2846215836695
3.04 10.6675598137655
3.05 18.385431480997
3.06 27.1081974515725
3.07 23.758423017603
3.08 16.3795178240763
3.09 15.167861183209
3.1 28.419141483018
3.11 6.57538602778815
3.12 13.6771406915151
3.13 23.3273528003898
3.14 21.5004209527147
3.15 15.4311637947688
3.16 27.9832833037759
3.17 3.84698138473929
3.18 21.4507738048006
3.19 29.4385009021289
3.2 30.2679127991413
3.21 25.0084495181667
3.22 24.6927410687413
3.23 19.6923200717011
3.24 24.1666561561505
3.25 29.0194827407524
3.26 13.4637478494824
3.27 14.4361749016493
3.28 27.1251964340136
3.29 7.45725355310785
3.3 22.1346274952533
3.31 22.1432376974876
3.32 24.0666853504385
3.33 14.8456774112748
3.34 16.3021216576703
3.35 12.3759645233053
3.36 34.3982424935002
3.37 19.5096261623524
3.38 27.0515674977758
3.39 35.9958856398836
3.4 20.5767746920355
3.41 16.9883578951267
3.42 17.2925664948432
3.43 3.59202186601101
3.44 29.4347983229201
3.45 10.9421724294039
3.46 18.776043407502
3.47 40.9108266645012
3.48 33.3507401895236
3.49 13.3114298781059
3.5 21.7337512221622
3.51 26.4236205076975
3.52 41.3364965940525
3.53 14.7309769963254
3.54 15.8273462042753
3.55 15.5338852342782
3.56 30.6154286874742
3.57 22.9989451562029
3.58 24.2745785209308
3.59 13.0724423786096
3.6 40.5981111909464
3.61 42.7151555070834
3.62 30.9152944765656
3.63 15.6299002427223
3.64 41.2286672969704
3.65 18.8098863301406
3.66 0.0612218762562655
3.67 25.4082755905833
3.68 37.7134633651515
3.69 17.6371482919695
3.7 39.5077869968068
3.71 19.7140264951454
3.72 18.0314259766595
3.73 34.459772950826
3.74 7.04385870942938
3.75 25.8258017199386
3.76 18.5105201242721
3.77 11.2810646873998
3.78 15.4572891855339
3.79 25.9629835565447
3.8 24.0618349951939
3.81 24.0015847096447
3.82 37.2914591217564
3.83 20.3466926941767
3.84 23.0728588167006
3.85 32.2509907689037
3.86 16.6774916536135
3.87 9.75450168037281
3.88 37.2604299216916
3.89 26.9448502705765
3.9 36.6652716078337
3.91 21.6309927277466
3.92 9.79114187894714
3.93 25.5024489708231
3.94 38.5939859030307
3.95 29.0326166525244
3.96 9.68943542523327
3.97 15.8704867069702
3.98 33.9025435567386
3.99 37.9194122851665
4 16.2635980136893
4.01 10.7422201365838
4.02 15.9124650351089
4.03 31.0015519489904
4.04 38.7991973757503
4.05 32.4386147342167
4.06 48.2553902872938
4.07 31.7418788496892
4.08 26.9619955813763
4.09 31.2874037839422
4.1 33.4445191245538
4.11 27.6421866931454
4.12 12.1382651815283
4.13 1.91446571320849
4.14 31.4428808931019
4.15 28.4019934451346
4.16 40.3275922258121
4.17 34.4385695329405
4.18 39.6025198285493
4.19 45.2983138901886
4.2 37.429186804518
4.21 22.3439234397939
4.22 16.9513641801603
4.23 33.9601104311159
4.24 34.8802170429744
4.25 29.588086234374
4.26 37.1136884182085
4.27 13.492124923675
4.28 8.41136185828788
4.29 49.1653173008805
4.3 13.0982086587796
4.31 26.3171953478052
4.32 32.7758501662026
4.33 11.8870459760696
4.34 37.366573697505
4.35 25.2949574871563
4.36 32.7393568451174
4.37 9.61197612845188
4.38 22.6901044459624
4.39 22.2568797950276
4.4 19.9773316374881
4.41 33.3720113085217
4.42 29.6391699977538
4.43 35.2059392627809
4.44 28.9664224682514
4.45 34.5244718476658
4.46 29.3768293351596
4.47 30.9064887306516
4.48 27.4352006786399
4.49 38.3708557707776
4.5 19.6779352726641
4.51 13.3612678896215
4.52 11.3490489293824
4.53 26.8215712981467
4.54 24.4242768024761
4.55 32.8165191105012
4.56 27.1471949238954
4.57 38.5415951471283
4.58 5.39155273606008
4.59 22.7756510005071
4.6 21.5801582703792
4.61 46.6858770248326
4.62 21.8428251959899
4.63 12.9258159002844
4.64 33.1315075655008
4.65 36.6605277767151
4.66 30.9074318329105
4.67 17.7221740873976
4.68 44.0814200271913
4.69 26.6392158738632
4.7 18.3947797727047
4.71 34.4194989693877
4.72 29.9338236154007
4.73 14.6742011557096
4.74 11.2668686463702
4.75 31.6309675805674
4.76 26.9185302061384
4.77 12.6215678887856
4.78 25.1669046678259
4.79 10.4710495791409
4.8 24.7294415834907
4.81 17.3899880719394
4.82 43.2177867176553
4.83 18.3387532780002
4.84 18.9381763869506
4.85 37.1317823561507
4.86 33.2562664544827
4.87 38.738589370864
4.88 22.0818292184699
4.89 43.2461012878485
4.9 28.7544282035688
4.91 22.8193530106411
4.92 17.7472960252825
4.93 15.1086122822329
4.94 29.4558235893199
4.95 38.929222844726
4.96 24.7243713051626
4.97 14.0864906567418
4.98 22.363780333517
4.99 39.0768715013671
5 32.0202877450481
5.01 33.2936567616181
5.02 30.5538101812056
5.03 32.7912472810019
5.04 15.0069280566592
5.05 24.5822941176836
5.06 13.8200325646058
5.07 34.6964115724739
5.08 18.3883230788292
5.09 31.6780425325532
5.1 31.7568423512465
5.11 35.7880201162203
5.12 31.0171586373066
5.13 27.0264740780322
5.14 34.8783558629528
5.15 47.8880048455543
5.16 46.6676926834746
5.17 21.2753241063308
5.18 30.7803478103635
5.19 27.1526309129854
5.2 47.8260855318411
5.21 19.6252197561368
5.22 23.3108393707347
5.23 16.7026777104778
5.24 31.6584142186693
5.25 35.5759581587856
5.26 28.1323266011496
5.27 16.156465595228
5.28 41.1800289824901
5.29 39.1696608540111
5.3 53.6215388205695
5.31 18.57612563654
5.32 21.2240266258133
5.33 24.2711290257949
5.34 32.0546998534528
5.35 22.4643456959794
5.36 44.6066748765912
5.37 23.3819888248927
5.38 14.4400524453157
5.39 39.259317181183
5.4 25.0182233323782
5.41 20.8662927967328
5.42 27.0644990809119
5.43 30.2867150601175
5.44 28.2379992609926
5.45 36.8444872931074
5.46 14.6171641567971
5.47 23.1003894083033
5.48 24.0041295749491
5.49 20.1939979158972
5.5 41.2192119711302
5.51 23.310853154272
5.52 41.1145122096661
5.53 13.7517115736277
5.54 13.7824576812705
5.55 33.3188208828103
5.56 55.4755450722185
5.57 25.0194695656553
5.58 15.9987349945085
5.59 27.1797858513146
5.6 27.4790518740184
5.61 34.4748650872822
5.62 22.94925106587
5.63 35.9743075627198
5.64 40.7947089624564
5.65 30.4095472761383
5.66 34.5109704623034
5.67 24.0478628889716
5.68 40.9901439745014
5.69 40.0680455994904
5.7 29.8761210637768
5.71 15.339804744222
5.72 28.7685159346586
5.73 41.2278914858797
5.74 34.8441603319412
5.75 34.0960886460771
5.76 42.99585684033
5.77 35.9694174490352
5.78 70.155413939356
5.79 20.5690227967557
5.8 14.7323325059642
5.81 46.4903612478085
5.82 35.5708894671185
5.83 48.5477097934384
5.84 20.6759059784037
5.85 34.6341966304237
5.86 50.3415197896474
5.87 32.1023432041857
5.88 25.0267647585579
5.89 36.3037522571035
5.9 31.5009206925768
5.91 42.9865529260476
5.92 36.8166820504296
5.93 46.2703000669154
5.94 6.89351229956143
5.95 35.0760426629888
5.96 16.0439986546931
5.97 24.4815017149848
5.98 32.4512993509275
5.99 35.5924735127324
6 29.0564703671408
6.01 7.92795331975022
6.02 12.4392023739404
6.03 35.538122573858
6.04 14.6219806070326
6.05 39.0408994630845
6.06 21.7269853149677
6.07 30.6868599691969
6.08 41.1020290357068
6.09 18.9770781937638
6.1 29.8175381697652
6.11 26.598344086522
6.12 44.9509493472857
6.13 32.3962079454665
6.14 27.2298949605875
6.15 35.7244419133428
6.16 32.9316331418709
6.17 11.4342596683209
6.18 38.9550290995961
6.19 43.1248687136968
6.2 37.5196453093103
6.21 30.7729269626177
6.22 55.9751843814594
6.23 33.4539849266588
6.24 27.5923455910557
6.25 36.2631480278683
6.26 56.3440652742488
6.27 19.2182421529904
6.28 32.7022375927821
6.29 36.764806985465
6.3 40.5769870168865
6.31 44.1376026297644
6.32 43.9061427805508
6.33 42.3400595566191
6.34 33.5215785193692
6.35 34.545360267276
6.36 34.4422506300616
6.37 41.9680911657499
6.38 51.8312828529406
6.39 37.8309399500096
6.4 32.1542885918847
6.41 39.7135165954339
6.42 44.652951615475
6.43 24.034700315526
6.44 42.8996474221091
6.45 28.4091168202086
6.46 37.5329149042317
6.47 44.632558152018
6.48 10.9233396439072
6.49 39.1285457643412
6.5 46.4256954664193
6.51 56.8300609285103
6.52 31.8784849179805
6.53 45.2722776301242
6.54 18.2205692829377
6.55 47.1178181433218
6.56 18.8930264242349
6.57 45.3014330736977
6.58 30.4932289244439
6.59 38.9625023167819
6.6 56.5680419728068
6.61 30.7105461440714
6.62 53.9679369547147
6.63 31.4453846813527
6.64 26.7910597029888
6.65 42.7373132565266
6.66 26.1887245095406
6.67 45.7691081332903
6.68 43.1107416768113
6.69 31.2268835771792
6.7 68.5856379149323
6.71 25.1861591768661
6.72 46.8343173332217
6.73 35.0337600722893
6.74 35.6721038944679
6.75 33.5848890025824
6.76 35.9122300537258
6.77 47.7327034571306
6.78 35.0350275450209
6.79 40.383807193346
6.8 39.5621887040268
6.81 46.495471755986
6.82 31.9241911300536
6.83 23.6348985502403
6.84 29.2786776601017
6.85 55.2351618281842
6.86 33.0313856340302
6.87 46.5212215630352
6.88 18.5244451437255
6.89 34.1435897567315
6.9 38.0185506998508
6.91 44.5300227690222
6.92 32.7972244465364
6.93 41.3452136990616
6.94 37.6549809273891
6.95 38.282949790788
6.96 25.7635447342304
6.97 29.4499982267413
6.98 35.5969092924964
6.99 43.7064853759453
7 34.929249137952
7.01 22.933946443387
7.02 51.7411826024936
7.03 41.3027703066666
7.04 46.8984246936037
7.05 32.1702027165307
7.06 19.1876079071649
7.07 47.2294377534316
7.08 36.4575629239704
7.09 38.0280329523999
7.1 52.597377333221
7.11 32.7787783082358
7.12 56.6543145921213
7.13 34.3910870553177
7.14 49.1721745973853
7.15 30.0164722224888
7.16 33.2585273715486
7.17 36.59994447045
7.18 62.5289285851687
7.19 40.5422435874211
7.2 51.6176699115962
7.21 38.583493989255
7.22 28.2263179959476
7.23 35.2731291558342
7.24 49.2334539604193
7.25 28.7236370758854
7.26 20.6637499289718
7.27 57.1477557137593
7.28 49.0925303064519
7.29 45.3733978278694
7.3 55.74057258656
7.31 39.0902097925825
7.32 28.8293673566923
7.33 30.5796246402934
7.34 37.8693592656491
7.35 38.7667250005677
7.36 26.5576715865222
7.37 44.2489264233941
7.38 47.2055075566577
7.39 43.1144860022329
7.4 63.3522943803309
7.41 35.827009132237
7.42 37.7941275190184
7.43 49.07611498816
7.44 48.8500820571948
7.45 45.730982474265
7.46 35.888130328542
7.47 38.0826324765527
7.48 42.4313231598822
7.49 35.2255660337259
7.5 61.2318921754405
7.51 49.4616920868444
7.52 46.0031953430902
7.53 27.2600435110166
7.54 61.4925428054681
7.55 36.9531949015268
7.56 26.8701176118265
7.57 42.6537531253375
7.58 45.298192615577
7.59 53.8502134343793
7.6 63.393828368003
7.61 36.6519598769155
7.62 52.1048319581653
7.63 27.1870295709949
7.64 40.9937707286427
7.65 53.2808128053377
7.66 37.1858721684857
7.67 39.164404029023
7.68 47.5241341064176
7.69 44.0907735687032
7.7 40.9350116656744
7.71 41.7644464162785
7.72 45.6883372572902
7.73 39.9014638696388
7.74 40.6159162140329
7.75 50.3170762610226
7.76 55.9548237982497
7.77 45.0460253660683
7.78 71.7729379235149
7.79 28.6953626442763
7.8 52.1763597306084
7.81 33.9282019133077
7.82 33.8813675596253
7.83 53.0008584304081
7.84 52.9052522920372
7.85 49.8377057492037
7.86 36.6885956916329
7.87 58.1101799608228
7.88 53.9912679195137
7.89 34.1525778747849
7.9 43.1952847379413
7.91 51.018910783351
7.92 47.5366930691424
7.93 38.0188362427687
7.94 48.0370130224061
7.95 44.4667189338484
7.96 46.6241604063345
7.97 47.0739870558433
7.98 21.7174308374068
7.99 71.4808790545516
8 39.4272258980153
8.01 32.54655647787
8.02 48.1869799721393
8.03 49.0639879762509
8.04 37.5532807482743
8.05 57.6458779440253
8.06 49.1948473430626
8.07 46.4881601396819
8.08 48.8181470379563
8.09 50.644333283267
8.1 38.5875434656461
8.11 29.1620617072015
8.12 47.2432094768347
8.13 37.2451362155705
8.14 45.7784790734825
8.15 64.1697431170768
8.16 48.8417111024627
8.17 51.0026707730974
8.18 48.6569085255573
8.19 37.7509533430072
8.2 41.4512089617247
8.21 51.5502646424316
8.22 42.8864888215188
8.23 46.636414076769
8.24 46.9690057753844
8.25 29.0887453480439
8.26 59.4472735214355
8.27 53.5648344906558
8.28 56.0123685079317
8.29 31.5378710740092
8.3 39.0408316792792
8.31 54.8418014581737
8.32 51.5203319600289
8.33 37.5931343386604
8.34 59.490799845325
8.35 44.8241470054448
8.36 56.582735510156
8.37 65.2457027594852
8.38 59.6990954382261
8.39 45.6978067926033
8.4 34.0405296225516
8.41 45.8851247656522
8.42 46.6814036686317
8.43 52.7751739440584
8.44 46.6286890300524
8.45 61.3698536014286
8.46 52.5113791639042
8.47 46.6354284159094
8.48 66.2651214519915
8.49 39.277713413684
8.5 38.7931067575304
8.51 49.1845483465021
8.52 38.5376148077042
8.53 47.7208091070688
8.54 42.4649167970408
8.55 48.4347848348074
8.56 50.4299614665722
8.57 45.0544407880631
8.58 47.2128193097503
8.59 46.3634644915645
8.6 47.3842773589935
8.61 35.1928116151351
8.62 43.7732177852997
8.63 44.5383449726349
8.64 47.2183107424511
8.65 47.0099645540185
8.66 40.0017145758846
8.67 61.1895936735083
8.68 53.0647713460924
8.69 49.4247182644283
8.7 35.6562669954602
8.71 55.262279703977
8.72 55.0063415147669
8.73 53.7918960579058
8.74 60.0124325527738
8.75 45.8404930676919
8.76 43.2852359260174
8.77 51.0733006986496
8.78 59.4667001727486
8.79 46.792470539934
8.8 48.4260990872284
8.81 41.5319941090321
8.82 49.6921252068902
8.83 32.9865339184488
8.84 34.5014770746552
8.85 53.460920642998
8.86 54.7172244993745
8.87 61.4866128723419
8.88 41.2506370475326
8.89 51.8745385064315
8.9 51.8512797038814
8.91 48.3242267684271
8.92 44.4331914503731
8.93 38.9529110777486
8.94 45.236804058599
8.95 43.6654149335444
8.96 54.2231752208071
8.97 53.8749983903036
8.98 46.0339218850179
8.99 59.2092530696589
9 54.146279556087
9.01 54.1904162153005
9.02 41.1444713794014
9.03 61.7114978410932
9.04 50.8847858962722
9.05 38.5871534019158
9.06 52.2831919148148
9.07 46.2438533436805
9.08 26.6000745263557
9.09 38.3888003530905
9.1 55.7841917205994
9.11 57.3480706853973
9.12 63.652888252712
9.13 26.2762833201572
9.14 58.2615752568611
9.15 33.637151378789
9.16 57.9660555853112
9.17 52.6236674310834
9.18 44.8952901562909
9.19 52.3020452878409
9.2 31.6097266937647
9.21 43.3614503283631
9.22 49.2288916527016
9.23 52.1301822969305
9.24 49.748362577536
9.25 40.6368973013116
9.26 60.7896634588585
9.27 50.9329140144251
9.28 61.0434414700651
9.29 37.9631560548127
9.3 50.143005336009
9.31 58.2143597201744
9.32 65.969932506785
9.33 74.6428951682955
9.34 73.8268982414997
9.35 69.5076759234659
9.36 64.7393454114305
9.37 38.8102508453092
9.38 54.5760179170694
9.39 55.612980189736
9.4 56.4244876305619
9.41 68.5216880553639
9.42 48.753119918863
9.43 59.6352545687125
9.44 45.696352840819
9.45 37.9307294738105
9.46 43.998376172018
9.47 32.7896223508736
9.48 44.5470907070433
9.49 39.7897204481164
9.5 73.0023412855282
9.51 54.5377127076433
9.52 46.5627829969215
9.53 65.7552094440118
9.54 38.3180092527986
9.55 43.8832778509172
9.56 51.4494820760467
9.57 29.0843092657428
9.58 51.0090045197915
9.59 73.5936481996934
9.6 52.2282380739958
9.61 70.9786408074924
9.62 63.3101306513732
9.63 50.2408996490747
9.64 39.2835355974754
9.65 50.2034706612122
9.66 63.8836536839396
9.67 45.1015230861147
9.68 61.5837607765426
9.69 50.9197875026969
9.7 70.4067932255976
9.71 66.7408141387998
9.72 49.2875578117192
9.73 42.876923747761
9.74 60.2088897048143
9.75 53.6521437982
9.76 55.2945432660689
9.77 32.8755316049956
9.78 57.5730201952709
9.79 66.64608710231
9.8 63.8116570966577
9.81 71.4532707818458
9.82 56.0273661799506
9.83 60.7114238778732
9.84 53.1663408713655
9.85 65.1726211662601
9.86 36.8998204375688
9.87 44.3418207106268
9.88 54.1974335518973
9.89 44.7946792465802
9.9 52.6638939506459
9.91 53.1230841967002
9.92 40.366256782866
9.93 68.7604082558171
9.94 51.2380275523965
9.95 56.1578538215284
9.96 47.2717588657641
9.97 52.972067948845
9.98 49.7416659775785
9.99 57.8356153820393
10 54.0348690041917
