0.01 6.82694274816962
0.02 11.640543015429
0.03 11.5292689749932
0.04 28.0539379605226
0.05 -7.68607826180239
0.06 1.33986994736125
0.07 -5.79351050999756
0.08 32.2665518803221
0.09 10.2233785930651
0.1 -9.59815521139446
0.11 13.2639846087801
0.12 13.136225551807
0.13 23.7597264005357
0.14 8.67238836786658
0.15 -8.05699942193135
0.16 11.8466359998522
0.17 4.88464453504152
0.18 -0.117798156282753
0.19 19.0944849476353
0.2 8.17345188585733
0.21 -1.34015247730472
0.22 8.82530273407728
0.23 23.0295203134114
0.24 -8.48558473121755
0.25 5.93661219557351
0.26 -16.7542546317819
0.27 15.0215845609886
0.28 16.1945924098929
0.29 -16.3280268797938
0.3 19.5322052310817
0.31 11.7816594328406
0.32 6.86457511176676
0.33 9.39214098191276
0.34 1.08498019042678
0.35 3.62332601641586
0.36 26.4724743791164
0.37 9.53849179254848
0.38 -10.0315505279384
0.39 -1.05423740160018
0.4 21.340811703785
0.41 -16.579128750853
0.42 -0.0794660504373645
0.43 4.39007837409609
0.44 17.1645486570566
0.45 4.4054583359396
0.46 4.85521240442775
0.47 -6.0981591264616
0.48 8.6536637146449
0.49 -9.65250001037979
0.5 16.2347058461093
0.51 -5.65462310739396
0.52 1.71189918132677
0.53 19.8938488220124
0.54 9.46648228956642
0.55 -1.56705988467272
0.56 14.5987768230455
0.57 -3.93409073075711
0.58 -1.05582196538864
0.59 1.77315472337488
0.6 -5.64905375141234
0.61 -16.0352535538624
0.62 0.0213220564273602
0.63 19.6689583164881
0.64 -9.27655599331898
0.65 12.5454809407812
0.66 6.74285440778285
0.67 6.65029010626871
0.68 3.65026138918205
0.69 10.5111392625336
0.7 17.416034710839
0.71 17.7243693440722
0.72 11.960192147789
0.73 -7.85088086865488
0.74 2.59162771170774
0.75 8.06707431249389
0.76 6.14065829274635
0.77 5.20658517075114
0.78 14.1644558122731
0.79 14.4304810061927
0.8 6.37837613282252
0.81 -6.21745463742569
0.82 9.77526881189974
0.83 16.87633045167
0.84 11.8869022131822
0.85 11.4038208676463
0.86 10.3682103938836
0.87 14.2309130229649
0.88 5.396964347795
0.89 18.0210623314727
0.9 -8.09390668598399
0.91 -1.92798101462991
0.92 16.816372935242
0.93 10.3192432008428
0.94 -0.16957803313025
0.95 7.41178183520765
0.96 4.1623508442675
0.97 -8.42404674645851
0.98 11.6399026603606
0.99 1.48551658641959
1 13.6525150641005
1.01 10.7857435672692
1.02 24.7949159166392
1.03 0.362343397434287
1.04 -2.77340341037125
1.05 3.51952982719837
1.06 19.0822046804495
1.07 19.0516984145089
1.08 13.2107147495565
1.09 32.6947878118356
1.1 0.0318468415051338
1.11 1.57787594745284
1.12 1.09418295453855
1.13 28.3344709064595
1.14 1.87075388027677
1.15 4.55317377704551
1.16 -2.27797185206402
1.17 0.738921347742719
1.18 13.5876843675339
1.19 6.73175636842094
1.2 9.73356418915812
1.21 9.46975101487332
1.22 16.3096929903406
1.23 17.4199261510188
1.24 13.1597934966413
1.25 17.3412971380087
1.26 28.3957792830995
1.27 16.9795511443689
1.28 18.1013215804516
1.29 44.0476074507817
1.3 36.8432231685416
1.31 -5.00432904971742
1.32 17.0018212493736
1.33 11.7323443939882
1.34 5.22239570331376
1.35 23.7090116915716
1.36 21.4379011066564
1.37 3.64912599669767
1.38 -3.67418246229905
1.39 2.90237499065411
1.4 5.47639076716564
1.41 13.1589868591999
1.42 20.760994590554
1.43 2.35715975722579
1.44 13.9745834589887
1.45 11.8020381315333
1.46 16.9007661786675
1.47 1.32031283680308
1.48 -0.909912062515238
1.49 12.6561510133514
1.5 24.5590351432534
1.51 14.4403983022997
1.52 26.4755607225165
1.53 18.7215455381604
1.54 10.5567349352226
1.55 18.0127130889966
1.56 -10.4821445824962
1.57 11.529239844228
1.58 2.82397907830337
1.59 8.43422346000177
1.6 -1.43710201201337
1.61 4.63132080348781
1.62 21.5543903357566
1.63 13.5786694371359
1.64 11.0914265643217
1.65 22.9060399766272
1.66 20.2445929883839
1.67 25.4426829210835
1.68 31.2458451623354
1.69 7.17473094325825
1.7 9.48055575018554
1.71 6.65145540438956
1.72 9.2760585155427
1.73 15.9833825480969
1.74 12.9714583634231
1.75 19.7596709733623
1.76 14.3517742538449
1.77 11.291235777329
1.78 -4.30110689517242
1.79 13.826135438481
1.8 16.6928465117798
1.81 23.4482442258351
1.82 15.5868573278018
1.83 16.5247420266036
1.84 14.3125941618239
1.85 28.0095183407859
1.86 2.01649023099747
1.87 13.5161692027549
1.88 26.0119668405071
1.89 20.6887746823317
1.9 11.063710317545
1.91 18.1817618103186
1.92 17.6421721068462
1.93 22.6178783957254
1.94 5.88147972174445
1.95 14.5287307288434
1.96 12.0072127949726
1.97 13.111715197188
1.98 -9.73238291247245
1.99 12.2397142767988
2 22.923873960188
2.01 12.8001005714964
2.02 7.17788916794282
2.03 18.6807804835991
2.04 7.81905271442587
2.05 17.0314636322885
2.06 16.0053447023484
2.07 13.5665307986465
2.08 23.350950495323
2.09 17.650964876442
2.1 23.9515722753102
2.11 0.741155264760339
2.12 15.9180037871991
2.13 7.24274165630031
2.14 11.2055011533205
2.15 3.15426029084516
2.16 23.8626257142933
2.17 -1.79559075171338
2.18 6.96778854375366
2.19 8.65502950842969
2.2 12.7062092186107
2.21 7.85720356230515
2.22 9.51473925592285
2.23 5.84420003429106
2.24 13.8993032578212
2.25 7.11949385842102
2.26 20.5331893575958
2.27 18.7990706447214
2.28 19.5893872654377
2.29 8.63670879493468
2.3 5.90558897471774
2.31 7.50891858711355
2.32 0.695521500090649
2.33 28.883732415167
2.34 15.2242839953927
2.35 10.8770727772401
2.36 8.06392354647537
2.37 17.0343264430317
2.38 22.5172833695529
2.39 20.8212102160665
2.4 8.11084552854866
2.41 11.8721191790116
2.42 18.9582074616928
2.43 5.40221101469091
2.44 37.3987892796464
2.45 10.6406926378619
2.46 20.2298634441096
2.47 16.797730092367
2.48 19.3606942212412
2.49 21.6713948164893
2.5 27.5782763419669
2.51 8.80389756923239
2.52 8.38702270070546
2.53 24.4894623824973
2.54 10.2419119673657
2.55 23.3069559073593
2.56 29.3777626816791
2.57 31.3799584899767
2.58 10.3797391012675
2.59 22.1474934310246
2.6 28.4952869754138
2.61 29.2264015462681
2.62 17.0951546456193
2.63 -2.04403551510662
2.64 -1.3734185259138
2.65 9.10981974052032
2.66 17.2676962161864
2.67 17.7520317988274
2.68 16.0359597761803
2.69 26.1725880260855
2.7 18.2865779643725
2.71 13.4537792606586
2.72 10.55521261994
2.73 13.844616213677
2.74 4.37117272053123
2.75 21.0504971057559
2.76 22.2453531472694
2.77 13.6495286743582
2.78 25.0611440242309
2.79 15.1676941864055
2.8 8.90700040143242
2.81 27.9218044255672
2.82 9.99687944423032
2.83 17.2004994900142
2.84 24.4666298350467
2.85 25.1823199397407
2.86 3.05851834350717
2.87 -0.245134182556573
2.88 15.1991632260437
2.89 14.4361691829073
2.9 21.3671466672092
2.91 32.0930722540318
2.92 31.6743974881856
2.93 -1.16642988746527
2.94 17.5387491795983
2.95 34.056058831263
2.96 22.5674949907767
2.97 13.7255770206078
2.98 37.3899851369687
2.99 8.29217970047931
3 28.8385264946246
3.01 15.0651100582102
3.02 9.92544175102459
3.03 20.1292155794118
3.04 16.256337224103
3.05 16.6498827695417
3.06 9.23452420751406
3.07 27.5864758651161
3.08 28.9403003213413
3.09 35.1336568782394
3.1 14.9799251117732
3.11 25.4776108594403
3.12 4.66710193330068
3.13 32.0645306307416
3.14 19.4263390476469
3.15 18.8091606285909
3.16 28.6712722276764
3.17 17.913632012363
3.18 34.4839345250647
3.19 40.5347697396815
3.2 32.6618599889354
3.21 27.1560035040236
3.22 27.5779650880283
3.23 12.6400490621982
3.24 38.4912813088059
3.25 23.2375990573599
3.26 27.3236413724906
3.27 19.1034004968726
3.28 12.8569231248398
3.29 41.8171670942996
3.3 24.350427341836
3.31 31.1869826484677
3.32 25.1647998530146
3.33 37.4559437160175
3.34 13.1608594379407
3.35 37.6047294944985
3.36 2.44277581875183
3.37 11.4683909286569
3.38 34.9273726833573
3.39 10.0983778022503
3.4 12.3549328116542
3.41 21.7467817873005
3.42 17.1044411680259
3.43 5.34956300641657
3.44 2.44407819097983
3.45 29.9230979604589
3.46 33.293545106388
3.47 32.6703785332998
3.48 8.13523850589574
3.49 24.838861478493
3.5 20.3009803467704
3.51 21.2979204707179
3.52 28.1909348959647
3.53 39.0196987451673
3.54 18.6052945822844
3.55 35.5733822483724
3.56 29.2650213146977
3.57 27.555167036566
3.58 25.6463019468709
3.59 21.3114455864229
3.6 24.9830626776924
3.61 25.6063680433644
3.62 27.3561427063738
3.63 30.1896379500962
3.64 24.3081921230121
3.65 31.5500510053571
3.66 42.9402063980727
3.67 15.4587671391344
3.68 24.5920005851717
3.69 43.1423387767376
3.7 24.997168417902
3.71 24.0557880497639
3.72 28.8157971953921
3.73 12.7101923144543
3.74 10.0914579654011
3.75 19.2604163785414
3.76 44.8954064275254
3.77 36.0981263172325
3.78 33.0364824424463
3.79 20.3695502151519
3.8 7.64479238141363
3.81 35.5228751234663
3.82 5.55800725408772
3.83 23.8137910812931
3.84 34.3954375080748
3.85 17.7799431797216
3.86 41.0165923575259
3.87 11.9075223995013
3.88 23.3057240502156
3.89 35.2565063680445
3.9 35.7659621408735
3.91 34.6775129173756
3.92 18.7081269969461
3.93 24.8286676056585
3.94 28.9084199687007
3.95 16.0715024234777
3.96 58.2556868375728
3.97 21.4539710214347
3.98 23.1669484490016
3.99 34.3200872531932
4 33.1006556328319
4.01 14.4699290749891
4.02 22.4943392643017
4.03 34.8238625573711
4.04 19.0547534214173
4.05 18.6816670112132
4.06 31.1649884836269
4.07 27.5656640373007
4.08 24.3334274914202
4.09 38.0410177699471
4.1 17.2205490655335
4.11 15.9654126848885
4.12 15.2189776210298
4.13 28.823542200881
4.14 17.7402000358105
4.15 19.8487857807146
4.16 17.7968196792586
4.17 23.3580106144072
4.18 3.26280285461662
4.19 28.713421079529
4.2 34.3932238741077
4.21 22.2595362028456
4.22 32.8580421958558
4.23 19.0642229263988
4.24 35.6793476323177
4.25 36.9752404726561
4.26 31.4450656709502
4.27 25.0402844284662
4.28 18.255005076426
4.29 27.4660068718708
4.3 26.4337321500181
4.31 15.0896763373389
4.32 35.7964818563353
4.33 31.3414004830328
4.34 15.7171876686658
4.35 19.8797145762964
4.36 12.8718706228263
4.37 17.8986674986976
4.38 12.095534304555
4.39 36.1034800394471
4.4 -4.11853380712368
4.41 36.0861139765262
4.42 11.7016681744795
4.43 42.7961084602999
4.44 43.5777549682704
4.45 37.5271576010267
4.46 30.3725636708428
4.47 41.0089986603042
4.48 19.1343235646524
4.49 17.91512874781
4.5 11.3529932604845
4.51 36.491507465984
4.52 29.7994715266785
4.53 30.029883212669
4.54 34.3471350698344
4.55 31.8298774570402
4.56 26.3799113756342
4.57 24.5350526716093
4.58 16.0849501871128
4.59 28.2819059840027
4.6 26.5947122394649
4.61 14.5650183017779
4.62 31.9982449239937
4.63 32.4245887734769
4.64 7.20394133438292
4.65 28.3623762741488
4.66 16.9988944978697
4.67 29.2039506753845
4.68 20.5214374352845
4.69 30.8870466166923
4.7 27.853037129251
4.71 42.1018319093628
4.72 19.2284925217471
4.73 24.2082040266306
4.74 37.7039701953268
4.75 29.9372871610201
4.76 17.144991224744
4.77 19.1358925545391
4.78 24.6155727279615
4.79 30.2600387123743
4.8 38.7342199312819
4.81 19.0252622620112
4.82 30.6603142490807
4.83 38.7578160785796
4.84 42.603761151472
4.85 1.94946521337376
4.86 28.6354148560041
4.87 22.997775364005
4.88 24.0645053798951
4.89 34.7593143658456
4.9 27.6185919752115
4.91 28.6148296083673
4.92 36.604224778349
4.93 30.4542388823709
4.94 42.550617313032
4.95 27.958966386522
4.96 40.7860838330495
4.97 31.2242794256198
4.98 50.0786106929565
4.99 14.2760374794694
5 19.2190836727533
5.01 32.0599345539714
5.02 21.4780191803145
5.03 34.460217686393
5.04 33.3465893579357
5.05 36.857641717065
5.06 22.8509046593404
5.07 38.6263424603561
5.08 23.347266269279
5.09 24.0014981012956
5.1 21.3591164873423
5.11 46.2238813173696
5.12 32.7178275457018
5.13 31.2168447081067
5.14 17.439901541432
5.15 30.4839912033799
5.16 21.6366038989963
5.17 20.0955815233735
5.18 37.2544590974902
5.19 18.9135334282744
5.2 11.493063852377
5.21 27.1148630110078
5.22 17.8179490934457
5.23 33.2147075200279
5.24 39.5960174645687
5.25 21.0551011394746
5.26 38.8579341233486
5.27 25.12139681392
5.28 31.5886214038146
5.29 26.7092519651516
5.3 44.0170961237952
5.31 30.853114630337
5.32 41.6824688986876
5.33 26.1453871749402
5.34 22.5605629601668
5.35 26.8735568443348
5.36 13.0606666579574
5.37 49.1295463965152
5.38 43.9300235928364
5.39 38.8358692630863
5.4 22.5439765406029
5.41 33.6299851297874
5.42 30.0750876212369
5.43 12.4455354123747
5.44 32.836612373426
5.45 32.239939414613
5.46 18.6690105676544
5.47 57.8490033332649
5.48 19.1102157153712
5.49 24.323139906734
5.5 37.4585708359934
5.51 43.9129672522005
5.52 40.4764564584431
5.53 51.7459286443934
5.54 28.7040896700734
5.55 20.8033004087863
5.56 26.3421296634044
5.57 34.1345123459256
5.58 30.1606362062848
5.59 23.7169059350478
5.6 49.1639657877286
5.61 46.0629005174077
5.62 25.7296097683115
5.63 53.4194404258211
5.64 38.9489887443371
5.65 49.2156146000924
5.66 11.2211782326006
5.67 37.8658836948844
5.68 30.2468735596424
5.69 32.8059480705569
5.7 28.9427233986345
5.71 42.2012878521177
5.72 31.5450529014659
5.73 54.8536178525398
5.74 26.1293189042494
5.75 21.6160816067917
5.76 26.0221734303861
5.77 52.0785118867098
5.78 18.6976222712076
5.79 28.2595445384572
5.8 38.107092891318
5.81 33.0536329530257
5.82 44.0835605763464
5.83 37.0397711784582
5.84 37.3949567151793
5.85 18.4638119529531
5.86 24.1727441143917
5.87 37.2846995693265
5.88 47.5564613044903
5.89 22.3753202440082
5.9 37.7842425035019
5.91 37.053251965491
5.92 30.2712708531575
5.93 37.9813425035381
5.94 55.4601899771356
5.95 39.0652151876408
5.96 11.2521283585443
5.97 37.9138297507169
5.98 26.6311658122432
5.99 40.0690279452294
6 25.3455264409057
6.01 39.7213148216577
6.02 37.0532282777337
6.03 53.851492862085
6.04 31.272056801885
6.05 36.2263482939139
6.06 34.7909988210396
6.07 19.5802699049553
6.08 26.4323957748369
6.09 44.6085632090888
6.1 40.6767671314456
6.11 28.7075079398098
6.12 42.0631290858102
6.13 18.4491010126949
6.14 49.3585371170859
6.15 13.697917997783
6.16 31.7817670371137
6.17 34.4099385861461
6.18 37.3269489259538
6.19 44.5465626277539
6.2 44.3630503302918
6.21 50.4813721967287
6.22 40.7266376212503
6.23 38.167357815289
6.24 47.4789006686839
6.25 26.7668896756802
6.26 38.6938982238343
6.27 48.9261875797329
6.28 38.5572669825914
6.29 45.8314318365769
6.3 25.0151651208819
6.31 45.0406774735173
6.32 33.6040431204064
6.33 39.8081590369642
6.34 48.8521430542069
6.35 39.8825174569026
6.36 51.276306931653
6.37 45.8237662370879
6.38 49.959807286662
6.39 27.0553635385947
6.4 28.7954754899937
6.41 38.2201167327103
6.42 22.0118848280954
6.43 30.5924679060521
6.44 48.2488388165539
6.45 46.9408221362972
6.46 44.449625789547
6.47 26.7964419947834
6.48 40.8545735233517
6.49 58.5400547983622
6.5 32.9807737114975
6.51 30.3451496500612
6.52 36.6268166022017
6.53 31.5842812418571
6.54 35.8984011903419
6.55 44.161474276859
6.56 48.4721577399051
6.57 29.6850788883784
6.58 49.8430133515902
6.59 48.1638831217826
6.6 41.9104609853818
6.61 59.5853045911808
6.62 18.52489967099
6.63 43.1853619975954
6.64 25.3780749622966
6.65 46.7087670376606
6.66 46.8477621725307
6.67 37.5792690440255
6.68 46.4847705753513
6.69 29.8814907649219
6.7 41.5697595273148
6.71 48.5636024768252
6.72 28.0648166759955
6.73 56.135921727159
6.74 50.0611855236501
6.75 14.0757970794253
6.76 55.2335317519013
6.77 53.8948037339845
6.78 46.8309532948635
6.79 35.3590554807319
6.8 25.2566158910038
6.81 39.4753966144889
6.82 43.5238073522741
6.83 45.7318228458656
6.84 36.570947965278
6.85 45.3384797214807
6.86 54.872442941547
6.87 24.2938401355387
6.88 43.4132729726676
6.89 40.421217657026
6.9 44.8201137987571
6.91 48.1194468318128
6.92 59.450391441143
6.93 20.5362240058719
6.94 25.4934282146533
6.95 33.4298741759074
6.96 41.3701849924078
6.97 34.484965112674
6.98 18.8741992210257
6.99 40.2223040146298
7 31.7282448829993
7.01 44.9181201955579
7.02 59.0451873429104
7.03 29.8697303533401
7.04 39.6803311722687
7.05 46.1072871221559
7.06 42.7381747774394
7.07 54.4489877276023
7.08 34.4270760404032
7.09 36.905703174784
7.1 16.999127587776
7.11 56.3233384777472
7.12 55.9300728525218
7.13 30.5101015191864
7.14 44.0809131030917
7.15 59.247947664884
7.16 38.6498970812153
7.17 33.2640266084459
7.18 12.659749182942
7.19 38.6244780678492
7.2 46.7795436401958
7.21 48.8909314770372
7.22 42.8846545094713
7.23 38.4601947334138
7.24 43.8356625916323
7.25 29.3095914039159
7.26 35.0170508110398
7.27 48.7740134714088
7.28 37.2862817112227
7.29 40.5585186072114
7.3 49.51521972724
7.31 43.763051488306
7.32 36.899269482877
7.33 45.978438194867
7.34 15.5299076053368
7.35 35.7600769742858
7.36 36.4509780421789
7.37 32.5145391411384
7.38 42.4627195098474
7.39 42.5378165167764
7.4 37.7053598646359
7.41 38.0210034158855
7.42 56.498858122525
7.43 43.2622592032381
7.44 52.7836576722492
7.45 73.6834074116913
7.46 44.4728218207411
7.47 55.8809661999903
7.48 59.0822569122409
7.49 28.8728797271003
7.5 31.1283393559955
7.51 39.918433824774
7.52 33.4118027853781
7.53 50.7009187289771
7.54 39.5859251594537
7.55 72.2735180866396
7.56 48.6792998632116
7.57 52.2083626422775
7.58 31.461940965815
7.59 31.5523178153728
7.6 35.9454471280155
7.61 37.4794409922914
7.62 35.9858551733443
7.63 54.3635501428789
7.64 36.2247791995279
7.65 49.8977555392631
7.66 49.1307380170663
7.67 26.9562538906313
7.68 42.4467155400525
7.69 44.8435282182724
7.7 49.1505337197228
7.71 50.6621486616328
7.72 29.2820718857383
7.73 38.8781920811083
7.74 41.2197437230398
7.75 63.0950294179764
7.76 44.4121536014078
7.77 51.4720021853867
7.78 34.4249695708597
7.79 40.3008534610199
7.8 56.2948847423548
7.81 36.9142400743681
7.82 50.8732854613495
7.83 36.2570830742501
7.84 48.5404441164068
7.85 30.996839883148
7.86 61.9198515262412
7.87 49.292491608773
7.88 41.234103440831
7.89 43.3590850396853
7.9 33.2711599954336
7.91 47.0749442431263
7.92 39.0125589873527
7.93 57.8767904526023
7.94 45.5381870136903
7.95 38.8159996127204
7.96 50.9611163511144
7.97 30.5878301157714
7.98 41.097674733526
7.99 38.0892815964343
8 34.6258601183716
8.01 33.1345548838766
8.02 50.9869254972215
8.03 48.7586778124315
8.04 46.5831965249968
8.05 49.5831742808283
8.06 39.8966966902301
8.07 52.5474680920395
8.08 42.2828456951201
8.09 53.8783657304758
8.1 56.5139775837832
8.11 59.6315305606769
8.12 41.6360917936305
8.13 49.1975881958454
8.14 42.9446722312442
8.15 38.5167535975633
8.16 75.4612312714411
8.17 39.806332561567
8.18 23.694075295953
8.19 51.0765231773538
8.2 47.7762499032693
8.21 30.4285551870547
8.22 39.2125565449765
8.23 51.9580733845668
8.24 72.4679394176541
8.25 61.8956819830775
8.26 57.5794548754298
8.27 46.2611760519449
8.28 55.9881255410278
8.29 31.5936333617201
8.3 41.4150231102908
8.31 44.4777627575486
8.32 63.1879354427982
8.33 43.7966153441678
8.34 38.2181467887633
8.35 39.3909290788854
8.36 68.1161844316184
8.37 52.8761249426184
8.38 51.2105607825361
8.39 42.2586124965456
8.4 45.9941417095211
8.41 35.9333265608879
8.42 29.1957723010807
8.43 56.0377303217925
8.44 60.4544130930898
8.45 53.6301139964252
8.46 52.1704848301616
8.47 58.9297345539512
8.48 52.3298949932237
8.49 53.9951607332536
8.5 52.3806505634098
8.51 49.6284548367271
8.52 37.3596146209064
8.53 53.4776861951565
8.54 48.2344972037765
8.55 22.7888075484461
8.56 31.4331260627445
8.57 40.3092529925543
8.58 40.7389283961051
8.59 55.3067082460442
8.6 46.6783670901003
8.61 58.4754105697975
8.62 44.9861670750603
8.63 67.559210098897
8.64 63.420646582234
8.65 41.326165077204
8.66 35.7180725075957
8.67 59.5201103696341
8.68 60.7492743314591
8.69 48.9836122423227
8.7 67.5103183701614
8.71 28.8706385961583
8.72 51.3535513466772
8.73 60.4093982389221
8.74 49.5585471061781
8.75 43.0712229957714
8.76 38.2586926705217
8.77 41.686383434896
8.78 58.5469638754794
8.79 60.0714012583216
8.8 56.3399011056813
8.81 46.2811294525618
8.82 47.0982400190926
8.83 54.9756249524367
8.84 28.9840391225141
8.85 45.5535977547611
8.86 50.8622878551226
8.87 38.7739726784337
8.88 46.9195428563022
8.89 56.1982389821609
8.9 59.3192261278603
8.91 43.99436557934
8.92 48.8822214828622
8.93 45.1404701441672
8.94 50.3533368736778
8.95 40.0607085572613
8.96 48.6033389829548
8.97 40.443962306601
8.98 54.8921359084614
8.99 53.6467985604953
9 63.7031670446173
9.01 52.3803098115846
9.02 73.6479260735803
9.03 35.7748666545108
9.04 61.4633731199869
9.05 45.359879343345
9.06 37.8756292280343
9.07 49.2840494778919
9.08 52.5509543659897
9.09 52.3470532210911
9.1 49.5919702263583
9.11 61.337216378189
9.12 42.0353632706402
9.13 58.7287203991305
9.14 48.5842165772799
9.15 57.4771120769929
9.16 52.1230104003165
9.17 42.6988973994591
9.18 46.2091161262056
9.19 46.0651568677609
9.2 44.8692360116395
9.21 60.6788949146358
9.22 54.6521777255235
9.23 51.9214740132077
9.24 54.6234595518252
9.25 48.8344164873477
9.26 42.3786072385915
9.27 35.4072567786607
9.28 36.836019326636
9.29 67.6935782302546
9.3 38.5519196036331
9.31 52.3821638318434
9.32 48.1782429547968
9.33 39.6362897011008
9.34 45.5261254618504
9.35 39.9782098622636
9.36 51.8565980916364
9.37 66.3754784935336
9.38 47.2935224889486
9.39 54.8460496072585
9.4 56.5790530666429
9.41 41.8507147516035
9.42 53.0556411767188
9.43 48.8056008600206
9.44 63.0956559999852
9.45 53.7794290175312
9.46 39.3086327906526
9.47 40.2482706672707
9.48 64.3478082162718
9.49 47.8230509311676
9.5 44.8341475834484
9.51 44.3179513387597
9.52 49.0382659569356
9.53 57.0216228060412
9.54 64.7439356069799
9.55 53.2126630066805
9.56 38.1795461005153
9.57 49.9561597195037
9.58 64.7925462542514
9.59 42.4090800141606
9.6 45.9883242848698
9.61 68.8260190255318
9.62 45.3104872818291
9.63 69.131222746618
9.64 33.8891574679357
9.65 65.7349998638904
9.66 54.7876639523254
9.67 51.4394367063332
9.68 43.2717876352164
9.69 47.2748054472992
9.7 53.1673209955915
9.71 51.8259568241778
9.72 44.4524391894615
9.73 50.3068610085208
9.74 53.5013666689063
9.75 60.7815503447661
9.76 53.4080034110754
9.77 37.3430259656631
9.78 45.6631630938911
9.79 51.4560822746813
9.8 36.5148733545636
9.81 64.6758972395129
9.82 40.0710986680947
9.83 55.7831519751459
9.84 57.6486687287778
9.85 52.8878720484363
9.86 66.7550018525481
9.87 45.4585454324925
9.88 54.0309992183142
9.89 63.8098152736606
9.9 47.8838355497097
9.91 64.4648117370262
9.92 62.1259748657632
9.93 70.2344046569453
9.94 54.83626698889
9.95 40.3957609337864
9.96 50.635028978122
9.97 66.1154188626714
9.98 65.3677364096109
9.99 51.3216191593634
10 64.7841459981745
