0.01 23.5321184652998
0.02 -7.05341283466562
0.03 -1.2367675073959
0.04 10.3923917219821
0.05 23.1163220931188
0.06 -2.11532327329718
0.07 5.73609480717481
0.08 19.6605384279247
0.09 -19.02333334334
0.1 15.1190615758078
0.11 3.9821059134857
0.12 9.17603926346502
0.13 -4.36703940763223
0.14 29.4336645744364
0.15 -4.33278121386378
0.16 12.5135193107468
0.17 7.16900337358204
0.18 9.53998334169966
0.19 1.64238568409575
0.2 -17.8213181705409
0.21 0.67908655791473
0.22 21.0981866137545
0.23 11.0509928577635
0.24 12.0227661503311
0.25 -2.60763352359755
0.26 -3.18344281895459
0.27 -1.1051227315406
0.28 7.37375892147714
0.29 11.4547634383684
0.3 2.78193042655643
0.31 -18.1946891150013
0.32 -11.3283161749208
0.33 30.8091066407395
0.34 3.88045705481406
0.35 11.9932179457622
0.36 3.10553609149441
0.37 7.73122244197429
0.38 -6.65377649059112
0.39 -0.749602274475833
0.4 0.380259800041321
0.41 0.135365296131484
0.42 10.54779394201
0.43 3.11546130513687
0.44 14.3162480177962
0.45 12.7115966737386
0.46 1.37416429801244
0.47 -10.1564236659077
0.48 2.93894018034662
0.49 1.80079854797564
0.5 8.02948933787745
0.51 -3.9461785759404
0.52 2.96863980663669
0.53 12.819529857716
0.54 -5.72679201680678
0.55 -9.94594385879982
0.56 9.36674910134544
0.57 25.7958312747947
0.58 19.9811049057911
0.59 3.6011196657454
0.6 10.716323232804
0.61 29.7618728479926
0.62 8.88571100832957
0.63 9.18630671345986
0.64 -13.0741368737128
0.65 2.23616255504745
0.66 4.21869764652009
0.67 11.7896679813744
0.68 -4.89303685180229
0.69 16.3067639480862
0.7 34.5038877110256
0.71 9.11647751689618
0.72 7.45482308579691
0.73 11.3878266490787
0.74 13.1045840771728
0.75 4.48312744855061
0.76 13.5674368520084
0.77 20.7383889731696
0.78 6.02849588294784
0.79 9.6836401700298
0.8 10.4178816969752
0.81 12.8002155673824
0.82 10.2166081989748
0.83 4.73586466256209
0.84 11.6353837614933
0.85 12.2099407053382
0.86 16.8069654931934
0.87 -1.13051214450672
0.88 7.78929413003452
0.89 14.7949970034711
0.9 13.0269522814173
0.91 8.52902598748956
0.92 7.48677831468464
0.93 -6.00251644971511
0.94 -0.519436248187096
0.95 15.098142628631
0.96 8.75766871378879
0.97 24.0607692502195
0.98 11.5743820973481
0.99 34.9644094698581
1 -7.45919487232181
1.01 -11.5590781861183
1.02 -6.55220509690175
1.03 28.6507904908759
1.04 15.8881044015246
1.05 15.1882165359511
1.06 -4.38250955822189
1.07 21.5058607962625
1.08 31.7785783418115
1.09 21.4462605076959
1.1 4.58894235511073
1.11 12.4211097362665
1.12 14.6068812309425
1.13 -4.13549073489806
1.14 6.03749849340614
1.15 15.7795310974606
1.16 28.9581199512105
1.17 27.7925645102413
1.18 5.38563953318261
1.19 18.5329052546074
1.2 -17.281082768206
1.21 6.32795082809075
1.22 -4.91392509892467
1.23 10.1887884938358
1.24 -4.01746748107111
1.25 4.10567371363253
1.26 15.998591903633
1.27 5.67103651201399
1.28 7.88101866241554
1.29 18.2704975569329
1.3 -7.44829405424069
1.31 42.1241026704885
1.32 2.31370819092202
1.33 9.84314935934764
1.34 25.8229738584299
1.35 23.0445122865576
1.36 14.3602876228012
1.37 -6.09646706987869
1.38 14.6873388630009
1.39 23.2032693378619
1.4 -2.38886175994267
1.41 22.9957415348363
1.42 9.56552068062552
1.43 8.74599746553155
1.44 4.733125053125
1.45 -3.5875551797462
1.46 -9.03398364885999
1.47 1.74870905795622
1.48 26.1502053953106
1.49 21.5562760371286
1.5 6.72799116931144
1.51 5.70408585169959
1.52 13.0841827550571
1.53 18.4456159502786
1.54 22.4795995196951
1.55 -3.14614209223518
1.56 6.92565305814812
1.57 26.7865880750747
1.58 16.33678291297
1.59 16.5999082561995
1.6 14.7108277482108
1.61 3.78293024591684
1.62 -2.7147920782984
1.63 17.541883160156
1.64 29.7432273899384
1.65 -3.15808416001301
1.66 24.7765097098822
1.67 42.0474978477389
1.68 7.29455638975369
1.69 -8.50355571547588
1.7 16.595444831111
1.71 -11.5913662323113
1.72 -4.58671536018804
1.73 5.56180061554082
1.74 4.5192001213361
1.75 17.2795811807053
1.76 4.01047326506552
1.77 8.71063178448467
1.78 9.33533402136749
1.79 9.22602229048459
1.8 7.28728336146454
1.81 12.7285688546297
1.82 19.6668971258128
1.83 11.7257681163539
1.84 9.02559009199348
1.85 12.2067795500502
1.86 18.6194889671477
1.87 6.72807331944251
1.88 31.6518843796828
1.89 19.2033311923787
1.9 -7.31841962850942
1.91 8.4710980831436
1.92 14.3784065031814
1.93 3.9810279672585
1.94 34.6250464801955
1.95 12.3820109283929
1.96 -2.33349367632852
1.97 5.21847572553501
1.98 29.2136457129288
1.99 40.9368415838424
2 9.75173159066833
2.01 13.4497071265987
2.02 20.0504373014932
2.03 15.4721600309255
2.04 18.8849467673823
2.05 10.0538823282884
2.06 34.5875688378978
2.07 40.2547126124946
2.08 19.5657889084022
2.09 17.4860507139862
2.1 18.3211925337687
2.11 14.878008758708
2.12 31.3124709090857
2.13 21.9454756762478
2.14 28.3299326773204
2.15 26.8908842242044
2.16 21.8048426751201
2.17 32.9408210352979
2.18 10.4884919284002
2.19 17.4677312102879
2.2 13.0812742866527
2.21 10.9412786316511
2.22 33.3733648439085
2.23 25.9523014087675
2.24 11.1460489832327
2.25 40.351146948795
2.26 6.20008913321237
2.27 8.85247025064074
2.28 16.5019049256275
2.29 16.7665494018844
2.3 23.2268913796553
2.31 -2.37037326800025
2.32 30.7385578389904
2.33 10.9810405608291
2.34 18.2774539364534
2.35 14.42949323846
2.36 17.9694550359149
2.37 10.7115479203668
2.38 7.86696685587743
2.39 14.0953710488753
2.4 26.1278231397646
2.41 19.8241095117163
2.42 20.7300471627009
2.43 33.553455868505
2.44 5.92549639701784
2.45 12.3672438811042
2.46 30.5060733608676
2.47 27.5770695228949
2.48 19.0929679055235
2.49 19.26684660168
2.5 48.6915913315223
2.51 17.1845048580762
2.52 25.1361429002891
2.53 24.3398574251544
2.54 -16.7711888585458
2.55 2.79679713260423
2.56 15.0010519684823
2.57 4.52938047677633
2.58 19.4795189738236
2.59 25.7809271922067
2.6 22.7065449044786
2.61 7.73918566473275
2.62 20.9001332523936
2.63 17.648501530141
2.64 23.6145503132251
2.65 19.2205750629042
2.66 11.2721715938791
2.67 5.4528097164813
2.68 25.4520384472697
2.69 17.7242550901207
2.7 2.14400253760385
2.71 24.5556723188171
2.72 32.8890311348386
2.73 23.4954292676923
2.74 14.1581835722642
2.75 21.5717847748209
2.76 2.55474742952309
2.77 30.9914058976344
2.78 8.25610734712343
2.79 8.89114894869383
2.8 33.2134443431728
2.81 26.5961728778823
2.82 -6.41512284670978
2.83 16.9797895549576
2.84 15.2347615242088
2.85 16.9573651542549
2.86 27.4215952378567
2.87 30.1159116843384
2.88 27.7302927402585
2.89 2.60856399524222
2.9 17.4928239079929
2.91 36.8167705081687
2.92 20.179083088718
2.93 34.5426549444844
2.94 23.6778439657549
2.95 20.216515298946
2.96 11.1000970025622
2.97 -0.72719847249008
2.98 21.204751950008
2.99 5.83588726680637
3 15.1214604945961
3.01 23.8844494234274
3.02 34.37999218834
3.03 34.7161280697553
3.04 22.5445162055659
3.05 20.3377660369779
3.06 28.470674109337
3.07 11.6488211402954
3.08 26.6177022009113
3.09 42.4677584583238
3.1 23.6011554338626
3.11 21.5558156891562
3.12 19.9915644142055
3.13 17.396596850223
3.14 2.78136300579441
3.15 14.5106673905636
3.16 19.6969784693402
3.17 24.2078486929255
3.18 24.226303710049
3.19 13.6411706976398
3.2 22.0296503192612
3.21 31.8848928498578
3.22 20.5746128889098
3.23 25.9375311793839
3.24 25.1685574822501
3.25 12.107287359813
3.26 17.5161679123821
3.27 1.99267685332116
3.28 28.3690355055796
3.29 30.9917501228079
3.3 20.5820994020698
3.31 11.9079581662765
3.32 25.2748056031152
3.33 35.5923475043316
3.34 28.2761268649457
3.35 1.83041898830395
3.36 17.4033161434816
3.37 11.5306518678455
3.38 18.0324805336958
3.39 43.0324485509848
3.4 45.0789532161199
3.41 23.4926985048673
3.42 21.704777513942
3.43 20.0297934580651
3.44 16.964552016321
3.45 24.4271908115226
3.46 11.656287512049
3.47 18.8171422958939
3.48 33.9319010455655
3.49 15.3186154769736
3.5 10.66425365076
3.51 13.7944330146954
3.52 14.1236203151786
3.53 27.940621639187
3.54 17.9709963430325
3.55 -1.64824421648376
3.56 40.3059487127089
3.57 26.629260203668
3.58 39.5159713093038
3.59 37.1260574578411
3.6 31.9671671296417
3.61 23.0396064331583
3.62 21.3721792665725
3.63 24.863276934797
3.64 29.0727008875192
3.65 14.0868117267953
3.66 18.7909525704613
3.67 19.946595391939
3.68 27.751881165803
3.69 8.5001134934007
3.7 27.1682688258237
3.71 31.6374969725239
3.72 8.33953799371076
3.73 23.0924848152521
3.74 23.1146260574272
3.75 31.4847824187816
3.76 33.8228287782306
3.77 48.5425464875958
3.78 14.7520849849641
3.79 26.9398296666667
3.8 14.7976322830934
3.81 10.8253742717446
3.82 20.0518424975924
3.83 34.2944427019915
3.84 13.5982887638965
3.85 18.0580783667935
3.86 18.2567494967847
3.87 47.3727091285579
3.88 25.5775093623459
3.89 40.2992896940292
3.9 39.1117189984676
3.91 21.8314499126467
3.92 8.75792217109048
3.93 36.4422373370955
3.94 29.9660169759041
3.95 27.8188689839701
3.96 22.4056538042059
3.97 28.1907608644511
3.98 13.4720017632775
3.99 22.0987219577573
4 31.9371348367484
4.01 24.6854118731891
4.02 35.0210205083246
4.03 21.434672605911
4.04 32.4481504614228
4.05 24.9231393401391
4.06 23.418647084677
4.07 16.5824923510415
4.08 25.1458024463796
4.09 33.8637032478041
4.1 31.0690082754813
4.11 28.2480710643769
4.12 33.3152182382015
4.13 30.6799586559099
4.14 28.2465945430305
4.15 28.4156308723162
4.16 44.3278043281348
4.17 8.65364255921556
4.18 30.2268582107285
4.19 19.3740031374462
4.2 25.8260077662805
4.21 31.1401932948064
4.22 26.6570016947699
4.23 35.4932026209526
4.24 30.7398532640812
4.25 1.9118858976477
4.26 48.2085627798988
4.27 24.6844267406389
4.28 34.7748173412561
4.29 29.0060584580174
4.3 25.8165876993542
4.31 33.5849558277156
4.32 15.4081871204905
4.33 5.6619300542377
4.34 30.6649027377608
4.35 24.981480004415
4.36 43.75139555865
4.37 21.9253169568007
4.38 22.6835671731844
4.39 41.0283809267765
4.4 35.1756533644217
4.41 -1.1952904940862
4.42 33.557009983449
4.43 16.7689507036039
4.44 13.3469321641786
4.45 31.6155622143448
4.46 18.635666887237
4.47 27.1122623020685
4.48 47.4863310041142
4.49 30.0930019310575
4.5 23.9249828242119
4.51 19.3935306115334
4.52 32.8328716532263
4.53 37.665935752283
4.54 40.3059610301609
4.55 15.037982045597
4.56 30.9050947744527
4.57 31.2981749636396
4.58 54.247641763545
4.59 26.1441122950581
4.6 31.8968164610656
4.61 41.7387307881788
4.62 41.1336397005595
4.63 46.2214831606225
4.64 5.73265875686952
4.65 25.5724280773138
4.66 22.4516348074897
4.67 24.2727217694182
4.68 26.6684062529615
4.69 39.9770135055436
4.7 29.1267495286298
4.71 34.6743387640673
4.72 35.0598109604055
4.73 30.8425443080657
4.74 40.6106185181299
4.75 35.1761298228085
4.76 27.4773741193816
4.77 31.7158634579323
4.78 27.6116081527732
4.79 17.7271966076163
4.8 55.9561730874374
4.81 17.0703683194627
4.82 32.0090428181526
4.83 34.7222111742644
4.84 38.5211444151254
4.85 35.3923488209431
4.86 36.4892252556458
4.87 32.8801226950461
4.88 33.4790276700949
4.89 32.9042086201676
4.9 21.9763549976836
4.91 24.4223625247969
4.92 35.5925229881352
4.93 31.1390049331824
4.94 25.0285222897893
4.95 19.6554942333621
4.96 34.7119384739775
4.97 19.9853904514196
4.98 17.4654468283686
4.99 23.6399996544209
5 17.0629390696095
5.01 33.7124644422261
5.02 21.4092546279192
5.03 27.3342771010903
5.04 39.2714369398023
5.05 23.8196021406196
5.06 44.0586797455845
5.07 35.3160479905434
5.08 40.8854211959417
5.09 21.074607277697
5.1 25.3701423060654
5.11 27.1415016142079
5.12 23.5518201631787
5.13 34.307822791996
5.14 49.4796777940346
5.15 33.5564466809325
5.16 35.1277116129285
5.17 38.5129524859764
5.18 28.5655890035861
5.19 53.671801018221
5.2 48.8944132652998
5.21 21.4356592122986
5.22 34.3042061171027
5.23 22.6973901660179
5.24 36.619801818237
5.25 16.5254585273236
5.26 35.4436926532066
5.27 46.6866147475048
5.28 31.8895869730729
5.29 48.4758363274863
5.3 22.9276260121539
5.31 30.5114415304799
5.32 29.8307833866238
5.33 14.9932772369641
5.34 39.5102415241145
5.35 38.178176954186
5.36 37.4345513665308
5.37 40.9437516440425
5.38 20.6138434925057
5.39 47.3786153329775
5.4 43.5841435960665
5.41 26.0226811263797
5.42 49.0674720607097
5.43 38.5040563780181
5.44 19.6587460871747
5.45 55.283835495663
5.46 13.188419811895
5.47 43.5521778153054
5.48 45.4613090416684
5.49 36.8347730367506
5.5 33.0108043296246
5.51 14.4326527898866
5.52 27.6727420382977
5.53 29.1398811179652
5.54 36.3506352263347
5.55 52.3776064282449
5.56 49.850623104547
5.57 29.424196579457
5.58 44.148581434251
5.59 34.5174893752427
5.6 24.5451924285579
5.61 37.5152194770561
5.62 23.7656938493147
5.63 46.1609408552557
5.64 43.8399389804629
5.65 19.873052808986
5.66 33.9998601689482
5.67 37.4593156797375
5.68 23.4527611358055
5.69 30.5337623170724
5.7 36.9272283293194
5.71 36.4085154165214
5.72 40.6462789278547
5.73 54.1289094872735
5.74 23.703881588261
5.75 6.14001351163432
5.76 34.9439255890268
5.77 21.393399231013
5.78 23.5334501646172
5.79 28.4276371596665
5.8 48.7989614519286
5.81 20.8178079428694
5.82 34.1565120793796
5.83 32.3934288061111
5.84 22.6632614351022
5.85 15.8100803352911
5.86 57.6379840111599
5.87 46.1069057429656
5.88 28.2845754327157
5.89 40.1304274762272
5.9 41.005174077658
5.91 42.5140905168651
5.92 14.6111836546945
5.93 32.5877231559389
5.94 11.7985187311705
5.95 32.938492106209
5.96 34.7338845723126
5.97 34.6272520061809
5.98 59.3709086285855
5.99 40.5617098935136
6 32.7478485814636
6.01 51.3864563883029
6.02 25.2043053000293
6.03 27.8689907119639
6.04 30.456814716903
6.05 27.7796192992354
6.06 12.0016332798234
6.07 33.9948315556976
6.08 29.8829850727878
6.09 25.5076785739071
6.1 33.4367960632764
6.11 31.4376656113459
6.12 27.0588694437803
6.13 40.9885606107029
6.14 33.4388172445246
6.15 51.2781616221861
6.16 53.9566402780979
6.17 61.6711349346494
6.18 36.5374776310192
6.19 39.4809159784868
6.2 33.6292242433768
6.21 43.2477694815686
6.22 28.4249455048995
6.23 34.4789883110111
6.24 49.3833079172216
6.25 31.8257651913451
6.26 44.0405212508091
6.27 33.8542696829657
6.28 50.5301501648538
6.29 51.0850712782447
6.3 38.2344985704082
6.31 27.4842404925773
6.32 37.2337274072427
6.33 38.8237450389602
6.34 44.2057361386157
6.35 27.264156839058
6.36 37.7673599262368
6.37 36.7777176317013
6.38 38.8459261605203
6.39 20.9885853545001
6.4 46.4240653981225
6.41 34.8981112111775
6.42 46.0731980260311
6.43 45.6316243456028
6.44 51.4066019523309
6.45 25.2363466821667
6.46 27.2571999984749
6.47 37.6804068102174
6.48 44.1085133980784
6.49 39.2646410066221
6.5 20.3824384013682
6.51 55.5030529768918
6.52 20.1819490322113
6.53 34.6696657578822
6.54 59.0161311762673
6.55 39.9982043592267
6.56 41.9958555468982
6.57 41.2151569412971
6.58 48.3637789890509
6.59 34.3333799163911
6.6 46.4521745942651
6.61 22.2897364074211
6.62 35.3788012297206
6.63 30.3721721324984
6.64 44.6994852932824
6.65 15.8316245009076
6.66 43.1020672001652
6.67 36.8134478758442
6.68 46.6980060320334
6.69 45.2343204340408
6.7 39.8245048706472
6.71 36.3582550710423
6.72 31.6689252740396
6.73 51.4835359896607
6.74 28.2990896988917
6.75 43.6993626826278
6.76 30.2068430817498
6.77 39.8655885751693
6.78 39.4152338722658
6.79 30.864454016314
6.8 43.3626447873248
6.81 37.6429766933549
6.82 27.979382150322
6.83 16.0867832151073
6.84 29.2199022549294
6.85 27.6622289809026
6.86 41.5687127915511
6.87 29.0540290394166
6.88 24.7365924113141
6.89 35.6779063421236
6.9 34.8100770127001
6.91 25.5103583059243
6.92 53.6414727869002
6.93 35.725108075877
6.94 42.2269765307715
6.95 39.3315464786029
6.96 47.0359528138632
6.97 33.0796199146147
6.98 20.0145784374659
6.99 40.5694436909248
7 35.8670491055269
7.01 31.1926271141703
7.02 26.8896214712422
7.03 65.514774305651
7.04 54.2370107238239
7.05 41.9288248882257
7.06 41.7318068597547
7.07 37.2883274417392
7.08 47.6307318893687
7.09 45.6456715785092
7.1 28.7125368648784
7.11 54.5210105626957
7.12 38.4784928117024
7.13 41.886052569207
7.14 50.3306427001415
7.15 36.6665737284961
7.16 63.0120162065446
7.17 35.6651431817154
7.18 40.0665214955052
7.19 47.5065039725413
7.2 43.9956007548079
7.21 57.10931760218
7.22 36.7248995654643
7.23 49.597111931132
7.24 31.4428367342811
7.25 33.8831802545985
7.26 31.817474553308
7.27 35.0051557909923
7.28 35.3748342550912
7.29 52.4441693884234
7.3 41.0343410923505
7.31 32.4153607672915
7.32 19.25394961844
7.33 42.3215278330944
7.34 50.8158486989522
7.35 28.6737408218093
7.36 32.1288131109189
7.37 44.2286100610281
7.38 47.2300599794608
7.39 50.8420975030871
7.4 35.4209453276451
7.41 48.3875699452832
7.42 51.621613424212
7.43 44.8576724081805
7.44 43.9515993803347
7.45 21.9398583046617
7.46 40.1647681284827
7.47 40.8801271144887
7.48 44.575891564211
7.49 48.6195828679074
7.5 38.3981502246042
7.51 39.5515744817479
7.52 47.3737246667804
7.53 65.8605826130162
7.54 54.606195663106
7.55 35.9770295924254
7.56 39.7869683446742
7.57 42.4749509406665
7.58 54.3854845689937
7.59 61.1977362910947
7.6 36.8281409772814
7.61 19.8366951613609
7.62 25.8963969911691
7.63 42.8326180851111
7.64 40.3110557505003
7.65 44.7138221714598
7.66 45.23275248506
7.67 54.6907569142911
7.68 38.6675764849354
7.69 38.0409256223597
7.7 43.4290056963681
7.71 53.2206455305502
7.72 41.3013060349198
7.73 41.0860164715708
7.74 57.2332591951875
7.75 53.5532766026806
7.76 48.850888649269
7.77 29.0232786074572
7.78 34.9150272202723
7.79 46.5502202202272
7.8 48.0604372349087
7.81 43.2615211563592
7.82 60.7663215525935
7.83 42.1737257754464
7.84 36.2113603230869
7.85 27.4139547961523
7.86 40.2727957666998
7.87 49.787177982604
7.88 45.1454758486831
7.89 37.8192074248034
7.9 26.1036925481515
7.91 31.9348316318212
7.92 49.9171758856874
7.93 50.0114814539433
7.94 50.3650539328516
7.95 50.9285264812701
7.96 28.3735975976755
7.97 42.4186146628399
7.98 27.0078973803581
7.99 37.0433204051414
8 45.7697570180161
8.01 50.9886160712841
8.02 36.4690747031083
8.03 65.3122370935741
8.04 42.8964571647481
8.05 35.3886875456351
8.06 43.8027413011601
8.07 35.5089651361098
8.08 37.8335876437454
8.09 51.7346323267117
8.1 52.0081971487434
8.11 37.2804754146767
8.12 26.1764648825201
8.13 51.7166927752381
8.14 54.7877444299475
8.15 51.9455253514386
8.16 47.4803186007344
8.17 49.388606967596
8.18 62.9421874198831
8.19 50.3395859583833
8.2 48.7553197954297
8.21 64.5770824487401
8.22 51.1594060646249
8.23 36.6922854995354
8.24 49.6534928287797
8.25 54.1579916445004
8.26 20.1485148586679
8.27 57.3072360114589
8.28 55.580565644838
8.29 53.5983899282977
8.3 36.5936636762365
8.31 40.9514613125216
8.32 45.2030819004092
8.33 38.1669245138889
8.34 14.2608041173153
8.35 47.8188174426497
8.36 37.8502495398641
8.37 42.0037504387782
8.38 46.8640652578216
8.39 48.4592723803625
8.4 51.3818795977578
8.41 47.5828730097892
8.42 43.1762303336025
8.43 35.1990600143456
8.44 46.9355652526226
8.45 34.7298554300659
8.46 54.6091642975975
8.47 32.162658219488
8.48 72.0548812767912
8.49 42.0311729932845
8.5 41.1273492082509
8.51 55.9866280608038
8.52 61.8762140932674
8.53 38.2412961054154
8.54 53.452082775666
8.55 47.7040678426265
8.56 36.8038887609611
8.57 50.6211659137005
8.58 42.7906500653139
8.59 44.3954618140583
8.6 33.580804317853
8.61 46.7251270748916
8.62 67.9577252684349
8.63 49.0038993192737
8.64 47.3844114642166
8.65 51.3317011959311
8.66 37.9886951303079
8.67 45.898538473584
8.68 54.4385015916565
8.69 46.8502373019723
8.7 47.0400712964761
8.71 58.0049146731376
8.72 53.6286992776431
8.73 55.4187505558103
8.74 57.0012635432148
8.75 36.4636670016892
8.76 33.2181213482088
8.77 46.4971236031629
8.78 28.127111749616
8.79 25.2295349447117
8.8 45.8588867117748
8.81 45.4554841095251
8.82 67.9486406226167
8.83 39.4580450995231
8.84 58.5091808030412
8.85 37.9984653348194
8.86 48.6128840269485
8.87 49.7079475799762
8.88 61.932691136915
8.89 66.793271952129
8.9 18.3369081679997
8.91 38.3131787838003
8.92 49.5896234929134
8.93 62.4161276159433
8.94 56.2499240176349
8.95 52.7457313791882
8.96 35.9581040018273
8.97 50.6876370077601
8.98 50.2511487658136
8.99 51.2299771597003
9 45.6683192922769
9.01 49.4941234133534
9.02 57.5282149198675
9.03 37.8887403809603
9.04 46.9740503608107
9.05 54.7586862750653
9.06 46.7479448624007
9.07 55.2573026645128
9.08 51.7878381090281
9.09 43.0096994284296
9.1 53.2001904187095
9.11 39.3015224548786
9.12 57.6563720286207
9.13 56.0664989751089
9.14 42.3232071605854
9.15 50.3105334973644
9.16 53.7840926313451
9.17 47.4049931732564
9.18 38.4344560028499
9.19 49.7487127538383
9.2 56.1031480564136
9.21 60.1186542158135
9.22 42.7355251339583
9.23 56.8745371783017
9.24 45.9643625415851
9.25 58.8355391744904
9.26 28.9241374278467
9.27 75.4574411052096
9.28 54.7825874410021
9.29 48.6549751218619
9.3 51.5469254432432
9.31 47.8895174356885
9.32 50.7076106086073
9.33 50.8589694765741
9.34 68.8819173396894
9.35 74.9306043896345
9.36 50.7415050654785
9.37 52.0033230291645
9.38 29.0712900592295
9.39 42.2366318667914
9.4 48.3184716486404
9.41 50.1591007689415
9.42 43.9293250341853
9.43 39.5537007466775
9.44 55.9241163056502
9.45 45.1778028775715
9.46 45.4033261354145
9.47 77.6957210680497
9.48 66.7080419656368
9.49 60.579208055286
9.5 62.7791918021787
9.51 56.9463887692239
9.52 62.938599463983
9.53 50.0800908373144
9.54 70.9795607156157
9.55 56.8263368843766
9.56 47.8704331310211
9.57 56.0135971250443
9.58 49.685318077132
9.59 41.7541380830899
9.6 72.4159098320218
9.61 66.7709143227375
9.62 54.3597549785057
9.63 48.859314628118
9.64 41.3035298442027
9.65 64.2422268308592
9.66 56.7289864215028
9.67 29.8597598359473
9.68 61.8916746515994
9.69 47.8395025591994
9.7 79.4771893778583
9.71 54.7718901608593
9.72 45.5516670598674
9.73 46.5386019709714
9.74 66.747591414791
9.75 66.7857193036193
9.76 26.7948662913875
9.77 58.5905472704852
9.78 56.6505364410036
9.79 39.6362049977765
9.8 62.6876057047351
9.81 54.102457610659
9.82 50.0886633215381
9.83 69.4130907783595
9.84 55.0367969020276
9.85 59.0246182252625
9.86 49.1643410496227
9.87 42.7992564221662
9.88 53.8233091180959
9.89 49.3726512704687
9.9 56.206026901163
9.91 38.7844294021808
9.92 56.5422726556089
9.93 44.7484679164943
9.94 57.3939874980156
9.95 64.1465691261681
9.96 35.840367498437
9.97 58.9238034579322
9.98 61.2008288842843
9.99 56.2216323126272
10 38.9643516477317
