0.01 13.6417541244843
0.02 12.7609141284668
0.03 2.50946276274775
0.04 -6.75018236631368
0.05 -8.34435550137428
0.06 14.4048194300478
0.07 4.01909071225641
0.08 13.3929124721507
0.09 -5.26471870602878
0.1 -8.36418078788499
0.11 -7.02042887338035
0.12 -20.378245160805
0.13 -5.84322625393216
0.14 11.0258739584614
0.15 -2.62236645026025
0.16 2.49138813243076
0.17 13.8430654980146
0.18 21.5510021453836
0.19 2.99740633795189
0.2 -4.24320301390655
0.21 16.6593221727613
0.22 0.00834141264672827
0.23 6.04080486987107
0.24 35.5276695689388
0.25 16.863897488859
0.26 20.101338474231
0.27 16.1037514949731
0.28 5.23045544229781
0.29 3.64919715748647
0.3 23.9453046456737
0.31 14.0069742226919
0.32 11.8458511500406
0.33 10.1746866832673
0.34 15.358546227307
0.35 24.1052188222373
0.36 -4.25330322249837
0.37 -12.766237818623
0.38 10.8830539409682
0.39 6.84673625541088
0.4 14.5369477682974
0.41 12.1239568557435
0.42 -1.65475207377125
0.43 22.9919516460005
0.44 25.6777002730229
0.45 -14.9585621991868
0.46 15.5593776073861
0.47 16.3051747050745
0.48 -3.98730993901126
0.49 34.5277236332053
0.5 10.8685863378399
0.51 6.96474714979634
0.52 14.9906803048984
0.53 8.29866142025613
0.54 2.38264310804464
0.55 7.80816745471767
0.56 11.7997161559898
0.57 3.61347314976109
0.58 14.3421168656316
0.59 -12.7075365915104
0.6 16.3028523796752
0.61 -2.51292786516497
0.62 14.5999256125302
0.63 20.8755576880469
0.64 7.39192417786239
0.65 8.45250880602281
0.66 17.6523308867969
0.67 -14.578494342283
0.68 26.7944007718951
0.69 21.8947773246596
0.7 23.9643176278491
0.71 9.33644835094273
0.72 6.40627633163975
0.73 -9.47836983136791
0.74 3.40965390458712
0.75 20.572856312455
0.76 7.71768107331991
0.77 1.83767192653868
0.78 19.4288404829078
0.79 11.8068686767977
0.8 20.4950020153903
0.81 8.64397836651592
0.82 7.34418997407709
0.83 29.2106355893664
0.84 6.12217549336291
0.85 21.2554472760806
0.86 3.56362307038254
0.87 14.2828619052903
0.88 21.8381130701799
0.89 10.6773975004576
0.9 20.935353813244
0.91 5.55009764589877
0.92 16.5699793527715
0.93 23.1286684549262
0.94 -3.02364068774451
0.95 5.93289545186709
0.96 7.82837677665175
0.97 25.1164266235949
0.98 6.72167834368134
0.99 22.1668001035769
1 6.356555437981
1.01 16.764322494129
1.02 -20.3143238082598
1.03 -3.89569774782433
1.04 7.40853466601193
1.05 39.3801072390536
1.06 21.5115412095823
1.07 13.1593496537985
1.08 -9.66890910978697
1.09 -2.92595931335355
1.1 22.4864605101237
1.11 7.04093008457206
1.12 15.8589011462188
1.13 -1.71826751967986
1.14 18.2890556311542
1.15 8.15422082104964
1.16 8.6274124393465
1.17 19.3566899962613
1.18 6.15477433821673
1.19 19.8028850074745
1.2 12.122661553155
1.21 14.1378111333125
1.22 -1.52883620363147
1.23 15.1315158585208
1.24 16.2154361412571
1.25 29.5570113538685
1.26 -2.57102811318541
1.27 38.3954919029087
1.28 25.1482673640717
1.29 13.1007110912676
1.3 6.57813050566144
1.31 5.8063022034873
1.32 8.25676920220201
1.33 22.8086779114063
1.34 6.67268246848997
1.35 27.0875926860799
1.36 15.7871529861412
1.37 5.02281211546411
1.38 3.09843737975655
1.39 27.3959908035178
1.4 19.6207255907765
1.41 21.7242739411292
1.42 8.32345342314774
1.43 17.7930366056531
1.44 5.67801394925282
1.45 -5.86314747665127
1.46 -3.14444039226653
1.47 14.2322910312424
1.48 7.98914292086612
1.49 16.0064017891221
1.5 36.6830517728908
1.51 6.49490141572515
1.52 7.82358742626815
1.53 13.8753224122231
1.54 12.4196107843393
1.55 -15.5240077229797
1.56 26.0081021925048
1.57 22.6725080360325
1.58 23.663325086093
1.59 30.3787587812544
1.6 -6.22296507476124
1.61 7.94877612717112
1.62 14.7782357693571
1.63 9.83705152849947
1.64 13.6063328924746
1.65 13.8512020646028
1.66 22.789759313136
1.67 8.42984552971002
1.68 -0.447040470519878
1.69 26.2792589743484
1.7 2.96827635701429
1.71 16.6820655722094
1.72 -3.28047147835664
1.73 25.1131757844443
1.74 21.9712502043901
1.75 9.58300513372741
1.76 7.45705484697864
1.77 24.1024851074904
1.78 12.4450606532409
1.79 18.7748656717729
1.8 17.9181535779833
1.81 1.83810454781877
1.82 9.50015045083457
1.83 10.8804752066206
1.84 23.8945528875312
1.85 10.8305915846402
1.86 19.2722286904931
1.87 4.52797703128876
1.88 22.1841631849108
1.89 16.9874476359224
1.9 12.178040486951
1.91 23.9944713347649
1.92 4.52499666172271
1.93 14.4992295134296
1.94 29.6282357054877
1.95 20.6453144959815
1.96 18.0683333566055
1.97 12.1663605297946
1.98 19.1972219440138
1.99 -7.11654748229939
2 8.43357627039771
2.01 31.8369218601094
2.02 16.9278486728052
2.03 1.78244832406381
2.04 35.397062085832
2.05 17.0152379376733
2.06 17.8679449806843
2.07 22.6739938985654
2.08 26.2105292028234
2.09 11.4408909332502
2.1 0.185244257602029
2.11 21.3865405182092
2.12 15.7308925981619
2.13 14.8633514791408
2.14 13.0181286612432
2.15 14.495776402822
2.16 2.16270140847086
2.17 3.97397979855272
2.18 28.68262067688
2.19 5.19019940819846
2.2 20.8934092545616
2.21 13.9652757389262
2.22 29.506126703839
2.23 17.4337874343949
2.24 5.77554366838721
2.25 27.3903153078306
2.26 24.8154810088335
2.27 -3.31733674673014
2.28 28.0440168946317
2.29 13.5541506731532
2.3 10.5273376460919
2.31 11.1512700324222
2.32 9.02072408999699
2.33 21.4181761545951
2.34 36.8793194273353
2.35 5.12219026128793
2.36 25.181560665962
2.37 22.6729633646455
2.38 22.7076424215034
2.39 26.4125816006438
2.4 0.759563613406229
2.41 12.6207786692531
2.42 22.6812686681088
2.43 29.3102509544621
2.44 19.5886534564326
2.45 20.4221409515859
2.46 1.49362867792459
2.47 23.0572099840569
2.48 22.4068419098295
2.49 6.52199652137605
2.5 6.29859973981182
2.51 14.2369819522092
2.52 12.0724430605738
2.53 17.7710645950416
2.54 25.130784751886
2.55 20.9775676552712
2.56 33.2413244820916
2.57 24.7139418925639
2.58 24.468795470839
2.59 18.3038231664762
2.6 -10.2746614893783
2.61 8.23816502922625
2.62 -0.207810761049725
2.63 4.24033257462597
2.64 17.0558685655584
2.65 13.7314999882233
2.66 11.17727923354
2.67 37.6284232842922
2.68 3.01901532876661
2.69 15.1347954406395
2.7 30.2631581105007
2.71 25.9981024480437
2.72 31.1888322823831
2.73 -5.29200760316208
2.74 16.1938988064676
2.75 22.2060273686532
2.76 23.1388405566585
2.77 35.9369714010546
2.78 23.2448473591258
2.79 17.9045676371302
2.8 26.3782109333742
2.81 8.43937029725261
2.82 35.5896656582525
2.83 17.3311285027232
2.84 26.7596518625612
2.85 8.94744659722991
2.86 21.7223055331689
2.87 12.809169815319
2.88 5.44513914928882
2.89 13.0226546216894
2.9 -0.0369295153332914
2.91 3.1261038961259
2.92 27.5843105492842
2.93 -0.23176786045811
2.94 29.5883815950589
2.95 27.8853582349711
2.96 8.42528042484253
2.97 23.0441306004398
2.98 37.8626052968455
2.99 42.1502847404473
3 30.0498560881664
3.01 22.5174731210886
3.02 33.0892208580746
3.03 14.8434309263523
3.04 7.08349555756503
3.05 2.32419558766561
3.06 20.7961889352516
3.07 29.4073668472299
3.08 25.9932859960427
3.09 15.7103210490919
3.1 3.11916640083886
3.11 15.4404408320896
3.12 22.1768610360361
3.13 20.161774363445
3.14 24.7286958710547
3.15 24.7762948626147
3.16 28.8679070312578
3.17 20.398415755491
3.18 27.9310153208296
3.19 28.6379894701146
3.2 48.2037732241784
3.21 13.2511499433174
3.22 19.8927483356558
3.23 12.0126902148236
3.24 5.44340773068461
3.25 3.84599082454491
3.26 15.8947584871267
3.27 11.8614164896473
3.28 32.7406376478124
3.29 7.54462860326509
3.3 32.1729874044634
3.31 13.450948368694
3.32 10.9048928444702
3.33 8.3315028926046
3.34 14.1011734886958
3.35 29.9483111712852
3.36 25.3598188439927
3.37 4.36819904259513
3.38 20.2357687048319
3.39 12.7719874924799
3.4 14.7894777382597
3.41 18.6453001952685
3.42 14.6453999265996
3.43 32.8536056355991
3.44 34.9896000142388
3.45 8.50631242703212
3.46 2.11276829732675
3.47 28.3924391395948
3.48 17.847302390863
3.49 18.5102973751323
3.5 26.1288858979305
3.51 23.7037897014963
3.52 10.2451981978997
3.53 12.1013572981912
3.54 20.7821231937232
3.55 29.2756323485548
3.56 21.2925058538472
3.57 25.6329206731752
3.58 16.9018707747537
3.59 30.5306962205069
3.6 22.6046551147006
3.61 37.4841015468871
3.62 34.9385387562068
3.63 25.4076137635017
3.64 24.5779842626014
3.65 40.9576083731238
3.66 34.0164985340838
3.67 33.4367360780363
3.68 21.7130505561578
3.69 39.1064085833655
3.7 34.0902724968498
3.71 44.7714676874411
3.72 30.0626243578185
3.73 38.1992992857902
3.74 26.1260025449934
3.75 36.3787887685486
3.76 34.5617028369195
3.77 8.06960046804305
3.78 29.5922643097504
3.79 4.97728144044359
3.8 14.3784233258643
3.81 29.2916158818979
3.82 42.2363947103812
3.83 6.72526150483175
3.84 17.1349316550574
3.85 29.1943676913926
3.86 19.5630345415165
3.87 24.2759101638187
3.88 22.023031876529
3.89 10.4556240266133
3.9 24.6253412860321
3.91 32.2306727180338
3.92 30.0961849411931
3.93 14.9232233074757
3.94 17.615962318274
3.95 22.3244316293974
3.96 4.07806302727001
3.97 28.7479555516734
3.98 0.281106522228438
3.99 15.5953940515155
4 12.7174938908359
4.01 22.2876356487152
4.02 16.1588936286365
4.03 17.1503113113461
4.04 19.4511362691755
4.05 28.3980159926271
4.06 55.8412303483736
4.07 36.4137723155131
4.08 18.3705070601405
4.09 0.082198697714901
4.1 21.9817212394162
4.11 37.9503743396953
4.12 9.25647888002135
4.13 12.8040517522509
4.14 36.2028903545327
4.15 21.2518177057104
4.16 13.1097205332699
4.17 41.0690825990697
4.18 4.2585253154304
4.19 26.0863035348983
4.2 27.5791841649079
4.21 25.0710367837975
4.22 35.6526966892758
4.23 16.8664546470108
4.24 25.8656037058884
4.25 30.2983204441928
4.26 9.96369985474892
4.27 7.55196180220733
4.28 36.7161094526974
4.29 31.8947079470279
4.3 20.9318883691459
4.31 30.4019384965226
4.32 26.926642396343
4.33 45.6319561729482
4.34 24.1667128197053
4.35 24.044817311281
4.36 37.5692524287338
4.37 26.497896845962
4.38 15.418122687639
4.39 25.5948207564005
4.4 32.1983376650262
4.41 19.241886322681
4.42 4.07885644259825
4.43 27.3740954302372
4.44 45.5452997802158
4.45 24.6841202462881
4.46 26.9778685703341
4.47 27.7908647363784
4.48 37.8686649558862
4.49 8.50066763079822
4.5 36.592876770948
4.51 20.963000246436
4.52 24.1174415368752
4.53 47.207812734163
4.54 22.7553650760316
4.55 25.2043141057938
4.56 32.4732572323538
4.57 -4.87977711710701
4.58 33.8318997537982
4.59 39.7444787783537
4.6 20.2764995024949
4.61 43.3547259267112
4.62 39.1514467672137
4.63 37.8726400667591
4.64 15.6561901726413
4.65 38.5217534015407
4.66 27.1623746498545
4.67 22.6449453971145
4.68 0.321363528175073
4.69 14.4882087193325
4.7 39.9299594387526
4.71 17.2710780323943
4.72 40.011989168141
4.73 10.7008543408427
4.74 41.9998043290876
4.75 45.1217076712115
4.76 32.1528076863912
4.77 34.6078716568934
4.78 47.4792801266954
4.79 38.39286971367
4.8 38.6031453641724
4.81 24.2182779806763
4.82 37.6091728077474
4.83 28.9624433008306
4.84 1.09250447267642
4.85 34.8607232996134
4.86 30.1519775523989
4.87 41.6237450413924
4.88 28.0543562320529
4.89 39.2805451775945
4.9 34.3232732424484
4.91 39.8945844117021
4.92 18.6060841367214
4.93 30.852518943622
4.94 29.7761268794702
4.95 18.2421164504416
4.96 29.8199441491597
4.97 22.5693217136048
4.98 23.5170948710323
4.99 41.987029378647
5 42.8229387699889
5.01 12.6823149373451
5.02 39.2153249147986
5.03 14.7196839951279
5.04 46.9691384745887
5.05 30.8349678488613
5.06 27.8469744950254
5.07 13.2516865274456
5.08 14.4649400897251
5.09 43.9479674414777
5.1 15.6011099404869
5.11 30.8498330724078
5.12 15.5302751806573
5.13 19.6331057773462
5.14 31.2740737684648
5.15 33.2853498407793
5.16 37.9375169701182
5.17 21.6796184429581
5.18 34.1456048181663
5.19 37.7101577836153
5.2 29.1027138314262
5.21 30.0991902593613
5.22 44.1664107885531
5.23 26.9572641782341
5.24 27.4161326493852
5.25 30.5581310623397
5.26 28.5097060641134
5.27 36.7783254256752
5.28 46.7707104923353
5.29 28.3546666223449
5.3 39.5020627104007
5.31 45.8553228526951
5.32 45.5806330002266
5.33 39.1302363276165
5.34 27.7017424950358
5.35 29.0872271690996
5.36 15.1334803549611
5.37 23.7095606324633
5.38 27.7521474557865
5.39 46.4063491913584
5.4 35.9600165311921
5.41 30.2911762171623
5.42 38.8172117458295
5.43 29.4091597861305
5.44 28.4770489716169
5.45 16.2127253210556
5.46 26.4522223931793
5.47 50.9612496993039
5.48 30.7864753361956
5.49 48.8255584356892
5.5 25.6104884206613
5.51 23.9142816615692
5.52 34.2846453240515
5.53 38.5019064978236
5.54 7.21071812874214
5.55 32.7657625799174
5.56 19.0462928709227
5.57 5.39207426586578
5.58 40.1646050925523
5.59 19.1925248719839
5.6 27.422243754361
5.61 29.8940803069279
5.62 34.55617255899
5.63 38.1976993885417
5.64 32.8469641492997
5.65 38.5418169047656
5.66 26.0556823920878
5.67 43.2141175328314
5.68 19.5670572438969
5.69 29.8268576079928
5.7 33.1704291704797
5.71 32.8604982936408
5.72 32.0095696274672
5.73 25.0564595047289
5.74 45.5455577139099
5.75 26.7283740937502
5.76 41.6659464430869
5.77 25.406748689419
5.78 38.7408801647648
5.79 44.5306110804726
5.8 43.2416377517007
5.81 34.8556094533182
5.82 40.0391454241833
5.83 18.3837381436199
5.84 17.0231777729907
5.85 34.4261788555785
5.86 39.2647226982583
5.87 28.2059275970108
5.88 46.0444259940252
5.89 13.4944000306041
5.9 12.0421655788845
5.91 52.0986783387535
5.92 26.4980333716948
5.93 27.7668727031598
5.94 32.367718159089
5.95 41.1198581787819
5.96 37.0087949714077
5.97 49.0577931603472
5.98 36.1477099974383
5.99 16.3521812416133
6 51.9256426848013
6.01 24.3182754016766
6.02 28.7057627962103
6.03 36.296659131329
6.04 32.4427405082788
6.05 48.699544926435
6.06 50.6404807624628
6.07 23.1514329356984
6.08 31.033125991163
6.09 27.2823226878519
6.1 47.7662786774343
6.11 42.503595164577
6.12 41.4944723777308
6.13 24.6677437205247
6.14 35.1037622399167
6.15 34.4210090526924
6.16 43.4544099042311
6.17 37.3074839282906
6.18 26.7656260096301
6.19 24.309838397544
6.2 34.6073823988603
6.21 29.0412456902179
6.22 40.268857386111
6.23 22.2010764867475
6.24 45.5548782685851
6.25 52.2529042808433
6.26 40.7063787364783
6.27 25.6630034778294
6.28 22.847723972265
6.29 29.0806280987848
6.3 49.4696714062027
6.31 47.7916943305863
6.32 25.8853636329413
6.33 55.9357861218576
6.34 42.2701367056614
6.35 34.4952800067387
6.36 45.5288076463755
6.37 54.8266386230799
6.38 25.0422744350999
6.39 46.0158108030888
6.4 25.7924711877562
6.41 35.6358486078014
6.42 35.134171306737
6.43 22.4986124457713
6.44 53.567825719066
6.45 35.4667953203651
6.46 45.6940019285436
6.47 31.7519177171913
6.48 19.009367011322
6.49 38.7425355162997
6.5 24.4795364541601
6.51 51.6945761486908
6.52 43.3294146748176
6.53 44.7340666079474
6.54 61.232297594257
6.55 41.5961472481412
6.56 49.5685018826219
6.57 58.2710506330796
6.58 41.2260521312848
6.59 53.2779114729876
6.6 16.4337061359813
6.61 39.0459860609809
6.62 42.7554745944727
6.63 50.6752401663828
6.64 40.4770034208307
6.65 43.0913263910516
6.66 36.0275833526377
6.67 33.4664145092724
6.68 34.3346598809844
6.69 27.9127830473652
6.7 10.936644362051
6.71 28.2648392082919
6.72 45.8249626556246
6.73 27.2351601218444
6.74 22.6016861270492
6.75 52.2969870565572
6.76 28.1452335275206
6.77 34.0926598467215
6.78 36.8811441139596
6.79 42.2287445088753
6.8 34.3324048135542
6.81 32.0977615845755
6.82 27.9667370819037
6.83 37.3829649950548
6.84 54.1959065198922
6.85 38.2127314753167
6.86 33.3052510783761
6.87 48.619457833238
6.88 25.8501567420022
6.89 33.5816822576259
6.9 29.3875211391019
6.91 37.8569675766615
6.92 34.0919860119602
6.93 35.5457538275996
6.94 36.651786893346
6.95 38.3461026924722
6.96 37.197970897051
6.97 27.930731686032
6.98 37.2189663527937
6.99 28.2239523907462
7 49.4375382603264
7.01 33.8296935482309
7.02 51.9391665650762
7.03 41.7014112872677
7.04 21.1389536605677
7.05 45.0547420740238
7.06 38.248795301336
7.07 28.960181267727
7.08 45.2284830922738
7.09 32.8836064367877
7.1 57.5743202833786
7.11 31.9780782950727
7.12 26.6581201930832
7.13 23.5675428632854
7.14 57.5952196871116
7.15 38.18684714797
7.16 39.3065939731399
7.17 35.297369030466
7.18 51.2544566235416
7.19 29.2759617054431
7.2 34.828917282056
7.21 37.9934950084766
7.22 60.4236498427113
7.23 36.4143633862476
7.24 38.9888863581444
7.25 42.2867904445912
7.26 61.4620732066646
7.27 50.2071245526855
7.28 50.656865513679
7.29 41.1941919602249
7.3 42.103515979077
7.31 32.3532868420846
7.32 34.208767509267
7.33 28.5339370706808
7.34 31.9698424060309
7.35 27.4130623140934
7.36 21.9758665825086
7.37 40.6940732183633
7.38 51.5069033409241
7.39 47.7211501722616
7.4 31.5669034872757
7.41 58.3953549396586
7.42 31.2917566562512
7.43 57.9321490321183
7.44 23.6868801915095
7.45 42.3089561739912
7.46 42.7807056721881
7.47 40.8314502965044
7.48 57.5783042650001
7.49 59.2561857320847
7.5 45.0549558413752
7.51 40.7446404245176
7.52 56.5130198196192
7.53 37.0349169097412
7.54 43.1870322657331
7.55 35.5318721367237
7.56 51.2693693810783
7.57 44.1111378448287
7.58 37.6636305450719
7.59 43.9320771680165
7.6 49.8703589333113
7.61 52.6887703233752
7.62 49.402001529721
7.63 51.0105561308928
7.64 47.9481239592709
7.65 56.1479164119099
7.66 40.140714647947
7.67 48.6530196252916
7.68 53.07328218846
7.69 57.4947138014588
7.7 33.9444012454501
7.71 46.9463274479161
7.72 41.1069967208358
7.73 56.0583067646726
7.74 44.3638596966684
7.75 45.4814907952299
7.76 49.9626101613681
7.77 46.8844060032833
7.78 69.4421040323564
7.79 50.9038443572355
7.8 31.6535442062566
7.81 50.9870727967904
7.82 46.5678070705764
7.83 45.3681903749948
7.84 41.8604088556324
7.85 45.4983058871381
7.86 47.8326320459887
7.87 42.160207333238
7.88 40.4346350814445
7.89 46.3465817024242
7.9 42.9782983745184
7.91 48.8468976368684
7.92 55.6946033210817
7.93 33.7427164553632
7.94 45.0157036865603
7.95 34.4093545306307
7.96 61.4601144687725
7.97 52.2951147149483
7.98 44.1729428554153
7.99 54.1973479047927
8 48.0954771275658
8.01 55.9361975088075
8.02 43.0721946167449
8.03 30.9860270780295
8.04 39.6472138170858
8.05 51.2726675378607
8.06 46.8816064075347
8.07 60.7022728053476
8.08 47.4125753020391
8.09 57.0565728511757
8.1 45.9887187712627
8.11 48.0886426348687
8.12 59.0785844962382
8.13 42.8604611727636
8.14 73.6555485709805
8.15 49.8780594471963
8.16 53.9292459757469
8.17 38.1643059432119
8.18 49.8673483697691
8.19 21.6383652572423
8.2 53.1414067800268
8.21 57.6024262313947
8.22 27.6169252256989
8.23 28.9408322479879
8.24 52.4273649249939
8.25 43.7693120057909
8.26 55.6620187351871
8.27 46.6566701553233
8.28 34.23127767551
8.29 38.0848416018376
8.3 41.3009317591525
8.31 31.4589751280177
8.32 47.9742787548195
8.33 54.7843775932587
8.34 43.377580003556
8.35 59.5271674388593
8.36 62.0033743329674
8.37 63.5466133523605
8.38 47.0177917824602
8.39 63.3833276461662
8.4 41.0862489104156
8.41 36.6629222790773
8.42 27.6730253854172
8.43 33.787621633922
8.44 45.1382794417802
8.45 36.1533152506006
8.46 43.2842926387889
8.47 61.595295451188
8.48 49.4956210310068
8.49 30.9985755947124
8.5 54.0435329454479
8.51 26.6889302596832
8.52 34.639331180658
8.53 42.8211087301529
8.54 59.9905551017154
8.55 36.2199419295408
8.56 33.9516742486579
8.57 24.9885011950766
8.58 49.4716076348982
8.59 61.6357558667449
8.6 53.566502721618
8.61 32.8097313563998
8.62 42.4807347420081
8.63 49.7013644954102
8.64 24.5004476708648
8.65 45.1050521486741
8.66 43.4727911981304
8.67 43.5580350787327
8.68 61.4715236609912
8.69 63.783617124202
8.7 36.6893074783399
8.71 63.2137386309597
8.72 47.2594401168295
8.73 34.549070396914
8.74 49.4382951806416
8.75 30.6413841117309
8.76 38.826999061933
8.77 64.5540505147856
8.78 44.4954928561363
8.79 51.5368918057654
8.8 48.6929465293699
8.81 33.6782050839833
8.82 54.8983166716052
8.83 44.460343200908
8.84 59.2118899041641
8.85 35.7131949967615
8.86 41.2441671864608
8.87 52.2008170323828
8.88 58.6146087944337
8.89 66.5846871737175
8.9 54.9561946464834
8.91 44.9893720991808
8.92 49.3830719560355
8.93 50.4417430938374
8.94 48.0579778017842
8.95 64.9451864930209
8.96 42.5058692957105
8.97 41.3909839141392
8.98 49.701333594123
8.99 74.364352408384
9 56.0391996313652
9.01 46.5527831965728
9.02 56.5690334640665
9.03 65.5471636951713
9.04 49.1860365631508
9.05 53.783748862211
9.06 56.6818715956695
9.07 63.8069531733989
9.08 79.9006507806912
9.09 62.3130114264473
9.1 50.4767862413836
9.11 43.7355079782468
9.12 57.5592415250327
9.13 33.7724625504689
9.14 46.5797824413112
9.15 60.7619303226215
9.16 42.1258000860989
9.17 64.0812219350025
9.18 57.9803979827287
9.19 48.1502712177458
9.2 46.7801411026431
9.21 42.6979893809516
9.22 44.751341263825
9.23 43.7921197269281
9.24 43.3332771424756
9.25 43.0284532873618
9.26 45.001788177371
9.27 54.8488674913821
9.28 45.5205647960572
9.29 64.2533363852964
9.3 37.0751047572806
9.31 36.7013010381521
9.32 57.7793957015039
9.33 68.3784428984359
9.34 60.8354919400241
9.35 55.9665069711914
9.36 49.8726251791563
9.37 43.6024223127363
9.38 34.9104762949836
9.39 65.2164152318377
9.4 32.2729706112844
9.41 34.7494902238547
9.42 65.3984033082316
9.43 45.4524773889259
9.44 36.969058292298
9.45 58.0823656719548
9.46 68.4044338254819
9.47 52.9286294284402
9.48 50.8159781948027
9.49 48.1967794866698
9.5 55.3416173722165
9.51 55.6932450449409
9.52 55.243669511376
9.53 71.6674760439695
9.54 38.3340346212813
9.55 48.0056355269017
9.56 54.0083276834915
9.57 57.5897373620782
9.58 51.5216464946615
9.59 59.2912481265983
9.6 46.8868792322081
9.61 68.6804469933536
9.62 32.5362998122976
9.63 51.2098768356932
9.64 37.2615083024752
9.65 57.5991587306926
9.66 66.6077527853569
9.67 45.0795425821144
9.68 50.3639390733294
9.69 56.4578337752507
9.7 50.7414250452584
9.71 48.0032080156059
9.72 41.8277336565256
9.73 49.7831740646841
9.74 33.7972710852017
9.75 59.1161244575917
9.76 54.2802830683276
9.77 74.7603172489391
9.78 53.1656014314125
9.79 47.3524858773826
9.8 49.0438867388981
9.81 39.6597046208462
9.82 49.4010931554624
9.83 68.064931857859
9.84 38.6210064917615
9.85 61.9081100891958
9.86 64.9227058007687
9.87 61.5337121775868
9.88 50.7004802940068
9.89 69.0867031729185
9.9 50.9377290530158
9.91 61.9013632793817
9.92 41.3131264320335
9.93 62.6914010234551
9.94 62.69153588797
9.95 57.4479194658213
9.96 56.9895162048577
9.97 46.8564486333178
9.98 35.2815499516223
9.99 59.118861037864
10 55.1083381794909
