0.01 5.04829301311049
0.02 18.585107330321
0.03 4.04672838041509
0.04 24.7323358833649
0.05 30.3556163297584
0.06 4.52297339381622
0.07 4.71995633399376
0.08 -7.22176413881638
0.09 5.30171548327966
0.1 -9.75166921885376
0.11 2.57145372693665
0.12 11.2813895165358
0.13 -12.0085114867365
0.14 0.635270360392125
0.15 5.50177877322927
0.16 7.78040222509288
0.17 2.05343409319437
0.18 16.269459635739
0.19 -3.76729867859978
0.2 19.2032981298102
0.21 -4.31942549614182
0.22 10.9843719035118
0.23 14.8145361358558
0.24 -4.0797944918649
0.25 -2.32420680803718
0.26 -18.3108795277072
0.27 6.89858252857949
0.28 -7.20977138436809
0.29 28.3165539044873
0.3 1.87586453854593
0.31 15.4282153837065
0.32 15.5256111093915
0.33 14.2105603020695
0.34 11.4502369061183
0.35 19.1625695043232
0.36 6.65190374242606
0.37 -4.41363566680085
0.38 13.6771688806691
0.39 -0.848987838213556
0.4 11.6395228648453
0.41 11.9593275288222
0.42 13.7989572648744
0.43 7.17869309673438
0.44 -0.108771958704029
0.45 3.28360203420323
0.46 12.8020209300935
0.47 18.5189619062919
0.48 -4.9367684672351
0.49 -2.4803574244294
0.5 -6.55047497086061
0.51 -3.28053926889918
0.52 -10.1905003467098
0.53 0.958327563321966
0.54 10.8794633083324
0.55 23.5143455861832
0.56 -7.5257108309996
0.57 10.7079766074297
0.58 5.4044557523502
0.59 2.09922629041839
0.6 6.3006011450125
0.61 -14.2217372382039
0.62 -3.6629895206533
0.63 -5.17820264205938
0.64 13.8977922527785
0.65 1.7693052973446
0.66 5.44012631583408
0.67 -18.3197357937376
0.68 12.1487983862254
0.69 7.41599364502302
0.7 11.9118977802178
0.71 31.2577646668971
0.72 9.97449257600982
0.73 -2.46426667133892
0.74 6.2961185190005
0.75 -1.81419376570126
0.76 -1.52661267952844
0.77 14.7022190808382
0.78 22.5022752271756
0.79 12.2539717673594
0.8 24.9021115786461
0.81 9.38430469343006
0.82 -7.39716992438826
0.83 -11.1768182013073
0.84 -2.30348648418921
0.85 6.86678912415958
0.86 17.2976762153017
0.87 12.2731760632843
0.88 8.77582002570971
0.89 5.26769373179656
0.9 3.6165110918593
0.91 5.49949745425644
0.92 5.36442367892135
0.93 16.4637021839881
0.94 16.800056782322
0.95 7.45690338243715
0.96 15.6265585907004
0.97 15.5495789607422
0.98 6.47722937865217
0.99 13.6143816326501
1 12.4101632188387
1.01 20.2875221067584
1.02 9.60113376288506
1.03 18.4871246302474
1.04 0.70907199338831
1.05 -4.11106005050869
1.06 6.55084120886187
1.07 17.5734775005725
1.08 22.9634490831099
1.09 11.3465274800136
1.1 1.14667807297142
1.11 -18.2447728571254
1.12 18.3037023449719
1.13 9.71473089805988
1.14 3.42666614710939
1.15 16.0637716129866
1.16 17.2858036675606
1.17 1.13229948566313
1.18 17.6240990704763
1.19 -0.899250397238921
1.2 -0.557736988562443
1.21 2.60680195313644
1.22 16.1046071559687
1.23 15.9096241748354
1.24 -9.80484599173669
1.25 21.4040762719446
1.26 6.71582108389407
1.27 8.96389106357172
1.28 0.642260656442632
1.29 19.4005925502592
1.3 7.01714503530734
1.31 18.6967128800446
1.32 5.2850064057334
1.33 8.05858839909926
1.34 22.658505452569
1.35 -2.5033806349698
1.36 8.58955089431962
1.37 -0.172783847985841
1.38 8.40158134726381
1.39 20.7212273306901
1.4 17.4709911414691
1.41 31.6238985186656
1.42 21.2018240102043
1.43 19.5682612358065
1.44 15.9723242388612
1.45 17.6381319459273
1.46 20.1531656227413
1.47 -0.143239270963743
1.48 9.2652516466864
1.49 23.8654861905288
1.5 -0.456213285016995
1.51 13.4366515150851
1.52 8.93197583815497
1.53 0.184279496881006
1.54 -3.87017564359118
1.55 22.9256460825501
1.56 -3.53985346167673
1.57 24.0323313937246
1.58 7.8178964788891
1.59 11.5220679826884
1.6 18.7997620549596
1.61 12.3812101530077
1.62 14.0770919476433
1.63 24.141854328893
1.64 11.8517048311065
1.65 28.0345573458652
1.66 2.95411364342258
1.67 26.7084311601906
1.68 6.46377165921775
1.69 15.0967160892878
1.7 12.5284717196256
1.71 6.89518607186833
1.72 -3.0511522670726
1.73 27.3155670509056
1.74 26.2118930677827
1.75 3.02895651849312
1.76 8.32744861403349
1.77 8.90633730675534
1.78 19.7495881752437
1.79 16.4363351398174
1.8 16.2047412347642
1.81 1.40453237182616
1.82 15.7766618428265
1.83 20.4375044967899
1.84 20.4024476497906
1.85 18.7192810966908
1.86 -1.38832592159704
1.87 11.8946781605349
1.88 31.1352709105343
1.89 17.2150267463043
1.9 7.84897082684469
1.91 -0.346042016589315
1.92 6.07354697973972
1.93 19.7340031382966
1.94 26.6156205912492
1.95 22.3789314541423
1.96 7.32110138150545
1.97 5.24722017790048
1.98 6.19814530177383
1.99 1.16233915134469
2 29.2041119603649
2.01 25.196173952246
2.02 30.7472131430932
2.03 22.8695444042574
2.04 16.7832667186185
2.05 -3.1276539224494
2.06 23.3398640716574
2.07 14.0838225645899
2.08 18.3388977400083
2.09 32.3335933132712
2.1 14.3315023378961
2.11 27.2205717474996
2.12 19.8844002697427
2.13 19.0515130364473
2.14 19.5513605627869
2.15 11.6337180955762
2.16 21.4802025179039
2.17 39.1474686385529
2.18 15.7936290148806
2.19 16.0106335813632
2.2 29.9765979623322
2.21 12.6550284726969
2.22 10.0276688244937
2.23 16.1803839481766
2.24 18.0589044082872
2.25 25.4609187506846
2.26 -1.18149775756262
2.27 11.0584494369275
2.28 9.39578943944528
2.29 26.0881904181758
2.3 12.9153672867735
2.31 3.54208084148264
2.32 26.5737999215362
2.33 13.8494826958294
2.34 23.3343127280118
2.35 8.29809227362641
2.36 41.3984526579518
2.37 9.67644835681025
2.38 18.7410613440946
2.39 20.9436549939226
2.4 19.2106541782905
2.41 28.1964767143194
2.42 31.5264314592815
2.43 24.1148429487752
2.44 23.8889534687365
2.45 16.3539397516709
2.46 11.0495406789984
2.47 5.26428359290262
2.48 3.38773951135896
2.49 6.10089071254335
2.5 25.6734315592634
2.51 17.9722563983593
2.52 21.6949080143163
2.53 -0.261771651142702
2.54 18.4882884403409
2.55 16.6017282671562
2.56 17.1975196704938
2.57 12.2634681544921
2.58 8.11560291322866
2.59 16.9406903825806
2.6 21.2017261424473
2.61 29.0200918927686
2.62 35.6010474502955
2.63 19.9012133132148
2.64 29.8929770142923
2.65 21.0976317320266
2.66 26.0889149613854
2.67 20.4680530473419
2.68 12.3598021460005
2.69 3.33545978264054
2.7 6.27204564295755
2.71 14.1558268332444
2.72 16.216915078284
2.73 21.0944641426162
2.74 19.3838357796834
2.75 51.2101651979818
2.76 21.2811780255224
2.77 11.6979677850823
2.78 14.1762673019342
2.79 26.6564077909931
2.8 12.4021097475199
2.81 11.715917244486
2.82 20.0249245409348
2.83 22.0390660059537
2.84 11.5225442353923
2.85 19.4815128078832
2.86 11.659959394464
2.87 19.4877778942233
2.88 24.239300317374
2.89 30.3417109615025
2.9 26.7750556111688
2.91 14.6885339710414
2.92 35.1093844841239
2.93 12.1859734090377
2.94 8.27707481125125
2.95 17.2987794211127
2.96 23.0834385254844
2.97 36.5141619733125
2.98 17.448059561679
2.99 16.98721424782
3 31.9762520514159
3.01 21.7835172250573
3.02 10.2851431423245
3.03 26.3224957611683
3.04 13.080446660344
3.05 6.48956219826736
3.06 20.3679889268574
3.07 30.8890656469886
3.08 4.87011108559299
3.09 7.41368996938131
3.1 35.6290558283161
3.11 22.4543606231146
3.12 41.2288881413903
3.13 28.1665126362375
3.14 18.0909696825794
3.15 25.0463868059649
3.16 11.0888732963146
3.17 23.4676144609275
3.18 41.3236972376558
3.19 19.8900456040969
3.2 30.1214381433022
3.21 22.8011042540778
3.22 5.0792235194068
3.23 -16.2260995809826
3.24 26.6214825306477
3.25 24.7134179717243
3.26 15.1639965919641
3.27 24.0683260280903
3.28 23.6213207966682
3.29 14.2583452042804
3.3 28.3289140132203
3.31 13.8606462197497
3.32 34.496725434407
3.33 21.4958102776254
3.34 32.1428636343093
3.35 25.0062279483837
3.36 25.4566259464492
3.37 14.3927071904356
3.38 2.88697404790926
3.39 33.8134635142725
3.4 32.5615309912571
3.41 17.6695880297141
3.42 16.8539801442643
3.43 20.6827844504096
3.44 25.911340549122
3.45 26.2637868115055
3.46 19.3868857451898
3.47 24.5852508321457
3.48 22.4229965335711
3.49 24.8742613807697
3.5 28.244628358389
3.51 13.4206797182907
3.52 30.7848965391958
3.53 23.1313185281631
3.54 9.32579272992724
3.55 1.71867932823535
3.56 12.60538992165
3.57 10.8469504832275
3.58 17.3675183703112
3.59 9.1143295295411
3.6 25.7396259829101
3.61 43.6062381869311
3.62 26.3434724215939
3.63 29.5543319089539
3.64 28.8949819217453
3.65 24.0622530011355
3.66 31.7346817303566
3.67 36.7296218367722
3.68 30.5548376073335
3.69 14.1583658090221
3.7 15.6326288090913
3.71 11.5095822818244
3.72 12.1179650416825
3.73 28.6117855538537
3.74 30.1373072371908
3.75 12.5937380533537
3.76 20.8770518099297
3.77 28.9650531726227
3.78 17.4132568224893
3.79 35.793346159356
3.8 26.589192290595
3.81 3.95396163276601
3.82 25.5195909056778
3.83 37.4753186052774
3.84 16.7469238967806
3.85 28.2427261898077
3.86 23.3647460193891
3.87 40.4795862739201
3.88 18.9548037587206
3.89 24.3851896469386
3.9 18.4388600887193
3.91 23.7321824544321
3.92 29.2301702124507
3.93 9.89397762114721
3.94 21.3982278778416
3.95 28.4544985245083
3.96 12.6642150004501
3.97 34.9189062751468
3.98 18.4579731726137
3.99 28.785708723094
4 25.9464183003607
4.01 11.6605021414219
4.02 37.001543420983
4.03 7.27764322414144
4.04 30.3290068775351
4.05 25.3983898258401
4.06 32.9206159802008
4.07 8.13543456652216
4.08 33.3358965893032
4.09 40.4136797444165
4.1 35.6181777359413
4.11 9.09270559869929
4.12 24.3840913290068
4.13 30.5880793773609
4.14 24.5380519421283
4.15 10.7528528615924
4.16 10.4055606699138
4.17 23.5318069644997
4.18 13.0664160070607
4.19 21.9437374176706
4.2 23.2623537405867
4.21 22.5279261679701
4.22 22.8079439541974
4.23 19.9671770695207
4.24 36.8666467051254
4.25 11.7965977032811
4.26 18.5907087836237
4.27 33.1133630944988
4.28 23.2725132540564
4.29 40.3463338872444
4.3 36.8571228628279
4.31 42.7384670029715
4.32 27.6372358197864
4.33 19.6284311826702
4.34 23.795288741794
4.35 26.2460036354293
4.36 36.4817353688628
4.37 46.6114767102985
4.38 32.9537189621825
4.39 31.320782588973
4.4 31.4199304951731
4.41 34.5372415126604
4.42 33.4150595848528
4.43 17.017056374084
4.44 37.7887003386178
4.45 17.6328199386953
4.46 15.1988792866763
4.47 30.2355501266934
4.48 22.148004609891
4.49 25.0489712864686
4.5 16.4941838750785
4.51 40.4465684575498
4.52 20.6430516366845
4.53 22.7469420595098
4.54 24.4554602513
4.55 30.0828427061157
4.56 38.890217829188
4.57 32.5042785720104
4.58 23.2293360179902
4.59 46.1457997344465
4.6 32.4583616247605
4.61 29.2714673922918
4.62 15.1015958247779
4.63 20.7506650690898
4.64 21.7447575695471
4.65 32.9238491844551
4.66 47.0671082767572
4.67 41.7824169591917
4.68 25.5640000886265
4.69 27.0319854178574
4.7 19.9820784421868
4.71 25.6198488402595
4.72 21.7573410104182
4.73 21.9517523331982
4.74 38.2618008852918
4.75 33.9505339070215
4.76 43.9778848017324
4.77 12.0542986333793
4.78 29.1747261846246
4.79 30.1463748419721
4.8 38.5898915187889
4.81 23.974998204705
4.82 39.2616724295141
4.83 29.9295395655959
4.84 30.2354063662144
4.85 30.5156307398826
4.86 40.908052167255
4.87 34.2712909761784
4.88 33.8045020910798
4.89 23.8674414259251
4.9 38.0070815779399
4.91 2.27996587295525
4.92 30.1456688957846
4.93 45.5511870221441
4.94 35.5290792598774
4.95 28.3962709509476
4.96 27.8064310249512
4.97 26.3316571306708
4.98 18.9715634370594
4.99 21.4825180899856
5 33.9665473516919
5.01 24.5831117492102
5.02 43.2690050383066
5.03 52.0757819373956
5.04 20.0506915183088
5.05 21.6497010403101
5.06 38.3323706577528
5.07 50.4490298003863
5.08 23.4485231221858
5.09 31.0611809152151
5.1 34.1332478650172
5.11 44.6420792857725
5.12 32.3535597075317
5.13 42.6584875107221
5.14 37.5673939449066
5.15 8.69682502194798
5.16 28.3274669958177
5.17 39.940047970203
5.18 44.7135756007706
5.19 41.1946368283341
5.2 34.408492051978
5.21 25.4006345181649
5.22 43.3556144155765
5.23 30.7921647720738
5.24 38.8248830799445
5.25 35.1573586958349
5.26 25.8164026018712
5.27 40.8084098601861
5.28 39.8870047348067
5.29 17.3886189628693
5.3 37.7386870416567
5.31 25.6790249269116
5.32 32.6455205357856
5.33 28.7162476045147
5.34 40.1980716245709
5.35 29.7125126723602
5.36 12.1222243562595
5.37 12.9184331217249
5.38 34.2453871414375
5.39 33.1752585206205
5.4 36.5258697389111
5.41 34.6137868030551
5.42 49.2854619569499
5.43 35.5419066998044
5.44 30.2086237966116
5.45 28.5175029711883
5.46 30.3715116534289
5.47 33.5856141615712
5.48 30.8947528476578
5.49 31.7620962096063
5.5 56.4875662283222
5.51 36.6463733470972
5.52 30.8515514845788
5.53 33.5243073594175
5.54 24.83151411998
5.55 27.5247365402044
5.56 10.9730911662278
5.57 44.4385612670742
5.58 34.8446808970745
5.59 24.1822397905663
5.6 29.7963083552789
5.61 31.3634330464815
5.62 31.1589160197724
5.63 27.2890228551946
5.64 47.0320274707244
5.65 35.8330980599306
5.66 33.163629813797
5.67 17.8597925694706
5.68 40.6170526191089
5.69 49.8301149251327
5.7 19.3773837051612
5.71 25.1124394160129
5.72 36.6543221489635
5.73 39.4554912787446
5.74 29.6306875192743
5.75 41.2116283875901
5.76 27.6777351342465
5.77 31.3629944806418
5.78 27.9769309874557
5.79 40.1215333060758
5.8 29.9400374917644
5.81 47.3985823642897
5.82 45.6733950727663
5.83 51.6429604522755
5.84 26.1003875090237
5.85 28.4161060849457
5.86 38.2013215434406
5.87 24.9650352630367
5.88 39.4540473312959
5.89 36.9294164260057
5.9 21.4226085226679
5.91 39.6859628852137
5.92 31.7179386570676
5.93 14.8827710595434
5.94 47.6940859400341
5.95 48.266656816768
5.96 28.8238642427438
5.97 36.7023201563063
5.98 34.4313477934919
5.99 35.3217626839023
6 38.9389171409137
6.01 35.8094721397337
6.02 46.6639967599003
6.03 40.9170618979677
6.04 39.9808457214781
6.05 20.5436970644477
6.06 40.6798785727964
6.07 45.2989161286405
6.08 26.5645413642102
6.09 17.4213348934662
6.1 15.1746796594971
6.11 31.736831086874
6.12 38.2708264261023
6.13 34.4512839358588
6.14 39.6142803963301
6.15 21.3049320462542
6.16 41.7238531427429
6.17 31.9218643844118
6.18 26.3900990155465
6.19 54.2550413223456
6.2 34.2215396139866
6.21 38.3251623639041
6.22 46.2807711832071
6.23 51.5750204517027
6.24 43.4303895511674
6.25 40.4137779522985
6.26 21.3704911559107
6.27 24.8936624446055
6.28 45.3648902285725
6.29 37.1452184766092
6.3 25.7159255508629
6.31 35.1118908880312
6.32 46.1901775344526
6.33 43.5780344338595
6.34 53.8108922973965
6.35 52.8113666685583
6.36 38.0755487064353
6.37 54.6364364686465
6.38 49.1458822521604
6.39 9.8721074799183
6.4 57.0304537965591
6.41 43.5811546789151
6.42 35.8460886750525
6.43 22.3942714688514
6.44 60.36073575128
6.45 33.3286794147846
6.46 47.0562989272578
6.47 50.8581522951258
6.48 27.5048663944659
6.49 46.8955763639246
6.5 37.4828039741581
6.51 35.5162775522072
6.52 44.5257096947748
6.53 10.5969370043273
6.54 49.1407794852708
6.55 24.1918921399331
6.56 42.6459348965177
6.57 27.2461459758829
6.58 23.2226505387506
6.59 14.2473520476867
6.6 57.0236684738563
6.61 38.7591559289557
6.62 39.2645206129547
6.63 24.3459696121103
6.64 33.1543985813059
6.65 37.7564387771784
6.66 34.3435800815257
6.67 34.9097614238217
6.68 47.1921048742512
6.69 43.5993573336823
6.7 31.5072123292217
6.71 55.2710032602872
6.72 48.8887985976136
6.73 34.9453664560384
6.74 40.7258161355165
6.75 16.8368330366226
6.76 29.3185797511882
6.77 31.6456962354371
6.78 39.7862151441963
6.79 52.0202752954263
6.8 46.4186988710176
6.81 23.3409762650688
6.82 37.1497902148228
6.83 19.5407104479168
6.84 34.0273274026563
6.85 45.2818486006704
6.86 53.0127109279503
6.87 51.3568311510963
6.88 32.3378134555099
6.89 45.2863277419543
6.9 41.0489301227187
6.91 52.3015219645596
6.92 49.9980374464415
6.93 47.9559078677168
6.94 46.5436860870879
6.95 47.0997366573715
6.96 43.2072522184928
6.97 30.4588462140881
6.98 33.6766313533179
6.99 33.4288957086005
7 52.892256388813
7.01 29.4172555006667
7.02 27.8366359024766
7.03 41.1272302307531
7.04 40.3447011420897
7.05 34.8887778700817
7.06 37.760821524749
7.07 30.751039123561
7.08 42.631398587405
7.09 34.395733532138
7.1 58.4670233629542
7.11 56.2168952723028
7.12 43.9672071875164
7.13 38.6774978612719
7.14 36.9922947642446
7.15 36.7290515076511
7.16 43.1004256173183
7.17 50.8241616488408
7.18 46.6923251115941
7.19 19.9430208868376
7.2 39.6217560046481
7.21 41.9683680502512
7.22 47.2739855719322
7.23 33.9379686285656
7.24 46.409532493973
7.25 40.8847004474446
7.26 36.0623674973532
7.27 50.2148595063276
7.28 37.5451082211464
7.29 38.6922396847973
7.3 53.2302419451599
7.31 29.9028561798864
7.32 29.0101092023688
7.33 55.6619646890856
7.34 28.7029049837875
7.35 27.2177710711843
7.36 36.8078397589482
7.37 39.7548347418371
7.38 21.7711683819579
7.39 34.4985239375736
7.4 41.7758511538743
7.41 24.5592643732021
7.42 43.2193974105875
7.43 25.0696222243552
7.44 47.1336130695923
7.45 38.0198081384385
7.46 37.4674204194602
7.47 34.1087920473005
7.48 46.3516921148362
7.49 56.3944019435006
7.5 40.8042432015485
7.51 40.7687906008777
7.52 18.9384967336916
7.53 36.1508525608431
7.54 46.5864063470991
7.55 32.2153135348667
7.56 33.0642551925344
7.57 52.3688503696501
7.58 34.9215966752237
7.59 33.7174550052607
7.6 40.810702325087
7.61 35.261982297333
7.62 45.8310692312887
7.63 44.2069393198685
7.64 58.2974519885925
7.65 49.657351137838
7.66 36.3475937294357
7.67 47.6446306612161
7.68 69.0355657462861
7.69 42.7489338609628
7.7 39.138712327678
7.71 40.9320625606923
7.72 37.2727724253828
7.73 35.0055162507908
7.74 24.0768974061093
7.75 43.9866352430838
7.76 43.347581566031
7.77 51.036134485517
7.78 62.3837070359777
7.79 48.7824266356914
7.8 33.25275723177
7.81 39.10653147693
7.82 52.732096067179
7.83 28.8808936162821
7.84 69.3606852596429
7.85 65.6113499288548
7.86 60.178948293439
7.87 56.0095693729635
7.88 53.9291974432019
7.89 43.5620859472059
7.9 51.6129001656701
7.91 50.3695942790489
7.92 25.9911891834623
7.93 48.0185226854599
7.94 51.4703863157914
7.95 29.0820546510188
7.96 39.3645569767338
7.97 50.5227829511366
7.98 41.3589314653194
7.99 56.8995603931252
8 41.5012089300951
8.01 52.2436225308261
8.02 43.6202286214611
8.03 39.4941014100773
8.04 40.8052436165022
8.05 60.4501012020591
8.06 46.1251512255145
8.07 48.2925123160634
8.08 45.2824713756856
8.09 55.4622918050577
8.1 54.1250355645062
8.11 55.6283402005306
8.12 64.5428466225874
8.13 45.410357346622
8.14 50.1427612972918
8.15 55.0208748635391
8.16 43.1250496330628
8.17 57.7822994675796
8.18 55.8092672017301
8.19 59.9576761950607
8.2 18.1040495851358
8.21 49.2295442985681
8.22 74.5854562638893
8.23 48.4724137927349
8.24 40.8323238179515
8.25 51.1294361027016
8.26 61.7868364965679
8.27 40.5455238574065
8.28 36.6903696254311
8.29 32.7782257993426
8.3 42.4167792332697
8.31 43.8237091041277
8.32 50.4214384497914
8.33 40.213614206718
8.34 37.2245317384452
8.35 44.4616163065219
8.36 56.5703745588106
8.37 42.8854168490289
8.38 43.4425533230592
8.39 47.9696756976109
8.4 48.2329548277518
8.41 32.3908449262551
8.42 26.9142566231516
8.43 35.3658277497785
8.44 44.9104776432204
8.45 55.412054735381
8.46 42.2460015188616
8.47 46.0265729530236
8.48 36.4356893575584
8.49 57.058840471436
8.5 58.1668428900496
8.51 65.234692283122
8.52 40.3832548361547
8.53 54.112248708211
8.54 45.1134935163858
8.55 51.1132473942595
8.56 31.7732199172038
8.57 43.9244983963927
8.58 26.1173914578825
8.59 36.3481257603629
8.6 47.7821384860491
8.61 61.7803426839005
8.62 43.9419762793773
8.63 44.2438732996373
8.64 58.2117065447293
8.65 36.8975121834977
8.66 47.6091116754464
8.67 55.6660680152612
8.68 49.7076807824834
8.69 48.4687936182675
8.7 44.3924101572046
8.71 45.2561004599371
8.72 58.1947995879704
8.73 56.1237904491048
8.74 50.1129858986118
8.75 47.6699246368257
8.76 52.3074352952132
8.77 52.124685033474
8.78 64.5342210267565
8.79 37.5184066596523
8.8 58.1980690617417
8.81 37.1822901409835
8.82 60.9297178875513
8.83 50.9886381242971
8.84 45.8889626871268
8.85 49.5811289084425
8.86 49.6768897514455
8.87 43.3842822713667
8.88 54.6011363786696
8.89 44.5357229872433
8.9 62.8697458118841
8.91 38.2765114160268
8.92 45.4780451512076
8.93 48.6485749655177
8.94 43.676862308964
8.95 46.4775936481131
8.96 49.1578844985243
8.97 33.7847832659703
8.98 59.2915806439688
8.99 57.4314317959373
9 63.8815380623775
9.01 48.9654392090903
9.02 27.4001104065975
9.03 35.6738091154442
9.04 34.2969133790237
9.05 39.7791615634063
9.06 47.3487224082579
9.07 50.8847857927315
9.08 49.3513344882418
9.09 48.9561182584941
9.1 40.6254787969216
9.11 39.6821119205997
9.12 70.9091884100711
9.13 29.7158768015359
9.14 59.7508967291011
9.15 51.5459937812642
9.16 49.6365808029548
9.17 50.8430322716332
9.18 60.1421348452154
9.19 63.3469381122357
9.2 38.529003427464
9.21 65.9512446770585
9.22 72.1621850432805
9.23 44.4185727330626
9.24 50.7912617452283
9.25 55.0100240260672
9.26 38.8657358123062
9.27 49.0293162043836
9.28 54.6831793413457
9.29 58.8994044964709
9.3 34.8389107318179
9.31 50.1353258001742
9.32 64.5330540746431
9.33 49.7426866210543
9.34 58.2314676658817
9.35 57.3211129305213
9.36 68.7411875843164
9.37 40.865351397287
9.38 40.7811679331263
9.39 45.2757176352051
9.4 41.3055490702219
9.41 70.1553756620511
9.42 42.1764958412196
9.43 53.7132632262409
9.44 64.891737714288
9.45 48.2292541550564
9.46 46.4597426050541
9.47 50.7820687227212
9.48 57.9876283911844
9.49 62.0845303616542
9.5 45.7227751081911
9.51 47.1532881980144
9.52 62.1721742889699
9.53 76.207063325952
9.54 44.5797182845584
9.55 69.5822007168185
9.56 53.2949045554299
9.57 40.6863109945913
9.58 48.775544941903
9.59 63.8258603992049
9.6 49.348869021631
9.61 29.1409439670226
9.62 43.1750730614742
9.63 60.5223250962696
9.64 53.8453717473767
9.65 68.4033048015078
9.66 66.3306085871937
9.67 70.4967599619658
9.68 64.1032854073648
9.69 52.2245141674458
9.7 49.2002346042627
9.71 54.7970722914781
9.72 58.6935071149864
9.73 56.8915261133595
9.74 69.8370090540673
9.75 47.6638862818698
9.76 54.7183310304881
9.77 50.9466399315263
9.78 45.4258500348266
9.79 53.0383081737633
9.8 22.5799375355295
9.81 51.536346341651
9.82 41.4880003263244
9.83 63.3766140042747
9.84 39.1525823900563
9.85 45.8179094455151
9.86 66.6698685833903
9.87 55.0421548640967
9.88 53.5195314549636
9.89 69.9918086411871
9.9 53.4987582394169
9.91 49.0016775499814
9.92 41.2078932150497
9.93 42.5410437212157
9.94 50.0314109840205
9.95 48.739392603374
9.96 61.6842104314339
9.97 56.2825281773286
9.98 63.3240596666907
9.99 65.2028621717156
10 54.2398777572988
