0.01 -10.4263586703971
0.02 -0.168408933791484
0.03 5.13361439716216
0.04 3.30679401501812
0.05 5.57595346930776
0.06 -5.13212966508084
0.07 6.59253246199105
0.08 9.55011623361365
0.09 1.17838604548763
0.1 3.36683958785372
0.11 -16.7388752482441
0.12 14.8379193181763
0.13 12.7751501112999
0.14 11.5939331833001
0.15 2.45955969247686
0.16 -14.1111433311132
0.17 21.2567131425451
0.18 -0.541151274482878
0.19 5.14008210070226
0.2 16.3920021176691
0.21 -4.67158490346915
0.22 -6.72237595735698
0.23 0.319098669525649
0.24 4.87424011317403
0.25 -0.693651670929869
0.26 22.2230979958158
0.27 10.1718055148861
0.28 4.87072675852986
0.29 0.359987751277712
0.3 2.21842730842468
0.31 3.41553132753308
0.32 14.6383981590224
0.33 -1.25361238218546
0.34 -9.06965075305669
0.35 17.168116771597
0.36 1.34828032859326
0.37 13.5386398808126
0.38 7.84795875253778
0.39 19.8749054844583
0.4 28.2474447281724
0.41 10.1549608886855
0.42 -2.78280292571669
0.43 -6.56283877173612
0.44 26.63089448835
0.45 4.27576190648937
0.46 29.8315966433464
0.47 8.43914577663734
0.48 -5.31888500957053
0.49 -0.332922642705875
0.5 11.2961439593063
0.51 0.982200948791682
0.52 14.2878968324257
0.53 26.874326872027
0.54 10.6797042452272
0.55 34.9619037002263
0.56 5.27483870503481
0.57 11.6447587104165
0.58 22.8600157418379
0.59 2.95544870002055
0.6 17.1364399344214
0.61 22.6784128104654
0.62 20.8917538797184
0.63 22.9083700520951
0.64 19.5835679989162
0.65 12.1522798227936
0.66 6.57632997166683
0.67 11.4081844012193
0.68 14.6738526521553
0.69 -1.83987503913231
0.7 22.2007295122557
0.71 6.6546420682538
0.72 10.8105552160067
0.73 3.47356478666117
0.74 13.5960928591012
0.75 10.9485730864846
0.76 15.1724307259794
0.77 16.5286337034577
0.78 18.78418096771
0.79 4.30559295114579
0.8 -0.27391765517668
0.81 -1.25487135415661
0.82 -12.5695926507814
0.83 15.6783572938934
0.84 0.373206048796206
0.85 18.8257357440429
0.86 10.8322724409736
0.87 11.861837710774
0.88 -8.69427930152122
0.89 -2.48090428185992
0.9 0.411479379473863
0.91 2.50525931659641
0.92 12.3037305561338
0.93 15.4143369606629
0.94 24.7120402238561
0.95 18.6576718097188
0.96 12.0729273802851
0.97 4.94681691849497
0.98 20.4231405672147
0.99 -9.7367129471667
1 20.3357546266632
1.01 15.9871745895963
1.02 22.1764374154277
1.03 3.0911654125668
1.04 9.20287266136242
1.05 -8.74076908975539
1.06 14.3040575045457
1.07 17.6708450703725
1.08 -1.39228352921882
1.09 18.0058986995205
1.1 21.7526764264831
1.11 13.8914127731841
1.12 12.1459099465
1.13 22.0789739864627
1.14 8.06829274120807
1.15 3.04440837417724
1.16 8.5590706212803
1.17 8.78609077001521
1.18 0.137359630956915
1.19 12.8390335333048
1.2 40.3537030308329
1.21 11.9457304716917
1.22 26.7439533623654
1.23 25.3494430355017
1.24 12.0160498042137
1.25 9.17781093529158
1.26 -0.413725946463551
1.27 0.234701592050454
1.28 15.6946585544134
1.29 13.4332192536321
1.3 12.6883839314071
1.31 7.13536602892719
1.32 16.2024218896479
1.33 -4.13350643902127
1.34 6.91579273819401
1.35 16.7163470672429
1.36 15.4338720651559
1.37 22.9182226148025
1.38 17.945559923718
1.39 2.24486486915742
1.4 9.6103675914305
1.41 10.0442081018434
1.42 38.0965125948885
1.43 -9.77858896429814
1.44 -2.57683669611094
1.45 14.0812792513098
1.46 5.51360674663259
1.47 15.4230748203985
1.48 12.9716553458063
1.49 19.4268957652485
1.5 15.5344681491396
1.51 -9.77492154576343
1.52 20.4860195961068
1.53 14.3733796229023
1.54 24.9404045597889
1.55 -1.91300961151248
1.56 14.4777437486232
1.57 -2.90464462726536
1.58 3.50167258367743
1.59 -2.03308062498781
1.6 14.9011877262859
1.61 34.1356823323959
1.62 -0.753873160854955
1.63 8.94693381999158
1.64 6.42302457087824
1.65 12.8196067415639
1.66 17.5721295337664
1.67 30.6726219389285
1.68 -8.19323773051544
1.69 12.8234077794524
1.7 15.7491525194034
1.71 -3.73676987625052
1.72 10.8031798612085
1.73 10.5060902846787
1.74 11.4611788189732
1.75 14.2810475391715
1.76 37.3751077274832
1.77 3.54199469229205
1.78 8.38032724627204
1.79 16.934967907109
1.8 -6.58858432355081
1.81 25.2921901344849
1.82 15.2389794602345
1.83 10.1966252358275
1.84 9.52159600922704
1.85 22.9681427875832
1.86 16.4078104839909
1.87 6.90998712055352
1.88 11.6997251855392
1.89 12.5039928458028
1.9 11.5584561402548
1.91 11.6166347470534
1.92 6.49004310554701
1.93 11.3738030738243
1.94 21.0371921043092
1.95 1.1762093425927
1.96 10.0526923945957
1.97 16.4886916542603
1.98 -15.3850969843361
1.99 17.4969541522591
2 13.9795074996476
2.01 8.01377079223939
2.02 17.8811719383482
2.03 9.23809536220537
2.04 -0.903031386509689
2.05 18.1627145830592
2.06 31.6410428416911
2.07 11.2208759844799
2.08 23.4164603522761
2.09 4.46978383016045
2.1 12.9303246215161
2.11 22.9467572946644
2.12 4.98184500213475
2.13 -0.796697275512066
2.14 6.00310018020326
2.15 17.9414796408432
2.16 5.03415764758831
2.17 31.4546422918658
2.18 33.7254572996079
2.19 6.03349224553446
2.2 13.8403325369159
2.21 15.0937404220865
2.22 12.8034087924734
2.23 13.0929533819605
2.24 24.2345192140417
2.25 14.9097624058347
2.26 14.0106388618094
2.27 26.1779974339192
2.28 16.365047235289
2.29 23.9072866036035
2.3 40.8560997625819
2.31 28.9823524163696
2.32 11.8433375309832
2.33 11.6646549642688
2.34 25.9127310406949
2.35 23.6487529837193
2.36 14.2511477239467
2.37 8.02396401973948
2.38 24.9172056625205
2.39 0.927555937361438
2.4 15.9404730484496
2.41 8.69227086650187
2.42 20.5660523460921
2.43 10.0532084928382
2.44 30.8547371972762
2.45 22.5220583608489
2.46 21.3969123870685
2.47 11.9635230085717
2.48 38.0443623326679
2.49 17.1701259576552
2.5 28.4172284344193
2.51 17.3197851189516
2.52 16.2001419131144
2.53 20.4098844600647
2.54 11.2374201580231
2.55 27.6571600611062
2.56 16.0141809300164
2.57 9.4522784136976
2.58 23.7300726034797
2.59 33.2082835397019
2.6 16.4080426315002
2.61 25.2971805339192
2.62 15.0870335693471
2.63 20.6447313303578
2.64 17.5303216595931
2.65 30.2407408400892
2.66 24.7429478320423
2.67 12.7844902284811
2.68 25.1676371818768
2.69 16.3198083545108
2.7 4.05451216204336
2.71 4.7032219165084
2.72 21.1632875972257
2.73 30.9458367868637
2.74 5.90068986099387
2.75 12.6349359486542
2.76 32.1301849669381
2.77 5.30952746707309
2.78 11.8830125745726
2.79 16.4950477603704
2.8 30.0647027734098
2.81 41.1940370848383
2.82 7.41960534602227
2.83 19.15715418691
2.84 15.6767044660671
2.85 22.0651972500229
2.86 26.0762350500703
2.87 30.3329132724633
2.88 13.9020514389533
2.89 32.3290932246362
2.9 5.97802564344476
2.91 10.1843744544105
2.92 11.724171457214
2.93 8.28992038885536
2.94 32.257350743247
2.95 21.244393792367
2.96 21.7883098110713
2.97 33.8789703827774
2.98 12.2001390111725
2.99 16.8559077904657
3 9.97206952668597
3.01 26.3434736117435
3.02 1.68020120705136
3.03 -0.142386956807357
3.04 12.7064884810471
3.05 13.8656823422207
3.06 38.1956229923247
3.07 19.968000602737
3.08 19.7432224854832
3.09 11.2987843095299
3.1 23.9841896505921
3.11 27.0574136273879
3.12 10.5481093998768
3.13 34.9705597112253
3.14 19.3135519125547
3.15 39.9140874002129
3.16 14.4638721071043
3.17 23.8291579528623
3.18 -1.79864719031015
3.19 16.4069136813787
3.2 0.0771957074461724
3.21 22.592573523625
3.22 25.1850961892129
3.23 52.1057997926923
3.24 34.0966217691951
3.25 21.6572699641257
3.26 17.6637730387584
3.27 19.152493487954
3.28 7.65372085829799
3.29 40.8584611948169
3.3 29.250986139341
3.31 16.9878834779024
3.32 32.2054771123039
3.33 25.8318261791962
3.34 16.0224967265089
3.35 25.4398053978597
3.36 0.782552312344418
3.37 38.2237684238693
3.38 21.6823259995239
3.39 33.1587001961388
3.4 26.7125188735284
3.41 12.3426770387733
3.42 31.8008851454708
3.43 24.4970094844296
3.44 15.1502755430196
3.45 14.5997461934059
3.46 29.7297666449341
3.47 31.6391069226176
3.48 37.5816687996818
3.49 6.34379382808247
3.5 22.3883448732611
3.51 33.523627128633
3.52 31.6037079419576
3.53 16.4631693909143
3.54 36.0968696099088
3.55 29.3093993268171
3.56 25.4769634481189
3.57 25.6769182655956
3.58 25.0050837945323
3.59 32.9356164915531
3.6 24.2337505440552
3.61 16.682394314054
3.62 29.3825619149907
3.63 26.0001730980013
3.64 7.27251257009999
3.65 12.9859971092552
3.66 37.5946185498279
3.67 18.4489724686395
3.68 34.6741432787999
3.69 46.462025548222
3.7 -4.54391244964513
3.71 24.0545620906135
3.72 24.0945758377876
3.73 22.8296394876558
3.74 27.3356960210258
3.75 51.9783971170479
3.76 38.3123940504758
3.77 13.300027641273
3.78 31.8739923309018
3.79 15.2718329549999
3.8 41.3911140772428
3.81 29.9725916906705
3.82 13.9529221250896
3.83 32.4145712675222
3.84 23.1099388794418
3.85 16.4009757951025
3.86 32.098016356068
3.87 19.0362587441953
3.88 28.5693588127536
3.89 23.3834342519352
3.9 26.9339818631205
3.91 19.9148254549754
3.92 42.9072235375903
3.93 35.6286974790208
3.94 17.676236849825
3.95 46.8624785695826
3.96 5.03989360450646
3.97 12.7066310609851
3.98 37.888683847026
3.99 26.8320483440516
4 35.4594103337704
4.01 35.3263378867835
4.02 15.2439294886484
4.03 22.9152280769247
4.04 27.5920407614453
4.05 33.8094067542446
4.06 15.185210810014
4.07 9.47621959032871
4.08 23.5693390510894
4.09 38.3805763238095
4.1 28.4970092387202
4.11 3.69809453129314
4.12 35.3041103380767
4.13 33.1649751798857
4.14 25.2402011273179
4.15 11.8805593121298
4.16 2.93632324570361
4.17 12.7622849562751
4.18 10.0436312343078
4.19 23.3982658034943
4.2 22.4922632612783
4.21 15.1278638644096
4.22 26.8312509023957
4.23 24.5847809779267
4.24 42.9925967258989
4.25 10.940536673218
4.26 21.4030267399682
4.27 18.4367261956875
4.28 14.23937989623
4.29 22.5645789928876
4.3 25.7832102230774
4.31 38.5798908856017
4.32 21.1133565594125
4.33 26.6311207783766
4.34 10.7581916506064
4.35 10.5062590311196
4.36 33.2387060442617
4.37 21.0836764025922
4.38 33.3966497962455
4.39 6.55316485429563
4.4 40.9201789341267
4.41 11.5580606853251
4.42 36.8937211017499
4.43 29.5117826386153
4.44 31.08466607902
4.45 28.4272723535688
4.46 15.154370056841
4.47 28.0416227056082
4.48 28.5781138117274
4.49 21.3547557326121
4.5 14.494965641301
4.51 17.6850324350934
4.52 46.118655179745
4.53 29.4614745655781
4.54 38.990363781568
4.55 37.0275169396282
4.56 30.8856263361671
4.57 13.5916620216081
4.58 19.587713988553
4.59 35.3315108381093
4.6 27.7470848567992
4.61 27.4575677755441
4.62 20.4900740123136
4.63 23.489874388839
4.64 33.3146961774209
4.65 17.7407534405782
4.66 26.0941962961386
4.67 25.6864925820554
4.68 16.2787121744429
4.69 39.1199972111582
4.7 40.660638271282
4.71 29.1390321106822
4.72 20.366037389544
4.73 20.0707120126335
4.74 18.2809575425918
4.75 21.4742538558789
4.76 8.12073551849576
4.77 47.7570268718298
4.78 30.1252583718085
4.79 15.5736978513599
4.8 36.3971640826769
4.81 38.0511634218324
4.82 26.2642934044165
4.83 45.6601381920279
4.84 24.1374130886822
4.85 20.2586968836928
4.86 20.2706268256626
4.87 16.7558270176483
4.88 26.367207799421
4.89 30.5897444389735
4.9 43.8315448795934
4.91 29.6492632354769
4.92 49.3458296939256
4.93 37.6003623641655
4.94 43.4014996643707
4.95 25.6559656540448
4.96 39.6877175998188
4.97 19.1908650310107
4.98 41.3094860391496
4.99 41.0890290010517
5 16.6410216892831
5.01 26.353519141044
5.02 33.3308528744944
5.03 34.5162331317879
5.04 24.5465983778415
5.05 27.8368406294151
5.06 28.9365807275226
5.07 26.4599589473656
5.08 31.8877053153025
5.09 30.3120070200712
5.1 23.9347640890106
5.11 32.6412435302183
5.12 36.896871148955
5.13 40.1278017509232
5.14 16.7507253116944
5.15 40.0770013428827
5.16 24.3482142758376
5.17 44.891260463747
5.18 41.1311380822471
5.19 29.8051597302674
5.2 16.7973589344858
5.21 47.8559184657486
5.22 36.3292047576294
5.23 43.7900685435063
5.24 22.1533875058243
5.25 43.7822831153401
5.26 30.4411610900787
5.27 51.0563922652988
5.28 8.41435722036682
5.29 35.6083474751291
5.3 35.1770431498729
5.31 23.7838394794964
5.32 28.7127174633896
5.33 42.2831255487446
5.34 36.876801980549
5.35 25.1031658041867
5.36 29.7995306008856
5.37 8.16991571024422
5.38 14.5269260209059
5.39 32.6824828498094
5.4 38.8496972192541
5.41 47.2167584118412
5.42 42.918166585134
5.43 35.7450765323565
5.44 32.9097810929217
5.45 36.1601408450038
5.46 30.5808260782203
5.47 38.3237837333848
5.48 38.7785020555763
5.49 35.0878640877636
5.5 28.0439051385202
5.51 28.9860998000836
5.52 22.460751580671
5.53 49.6988349456974
5.54 30.166637336587
5.55 35.4474947463914
5.56 46.9128687130469
5.57 4.63344672575186
5.58 28.1253922291412
5.59 24.3342927807707
5.6 40.3664616688548
5.61 22.2442467459318
5.62 30.4975490035008
5.63 32.747735620879
5.64 41.260149306402
5.65 32.8643306029024
5.66 45.6227107477129
5.67 24.2483908558443
5.68 38.9061083168362
5.69 8.48799628739685
5.7 35.6261267537228
5.71 44.8506025395804
5.72 37.1455490359737
5.73 39.3480912596661
5.74 33.8179108981046
5.75 45.0816898649512
5.76 25.9764596753316
5.77 31.0949456501909
5.78 9.38055061841386
5.79 41.7221053056128
5.8 25.7953444344505
5.81 35.2697901210334
5.82 31.031599948833
5.83 29.9602264675739
5.84 34.3655051583399
5.85 28.4396969400058
5.86 51.2455390740722
5.87 26.6397521689193
5.88 36.0419673498385
5.89 27.4186120609076
5.9 33.0339516498361
5.91 35.0229276908738
5.92 53.2572527752934
5.93 36.2539903045914
5.94 18.0116137525246
5.95 18.982944086411
5.96 46.8984302210574
5.97 27.4461905637746
5.98 39.987775730303
5.99 41.4250402995952
6 34.9887796685361
6.01 -5.39574606755859
6.02 37.0655005106083
6.03 40.8060870891405
6.04 37.1812533194026
6.05 33.0692920440447
6.06 38.6964107541117
6.07 44.5958003758432
6.08 27.3911798268757
6.09 37.5016848581801
6.1 39.2280215161489
6.11 34.5344962288044
6.12 44.506648924549
6.13 50.7454728331809
6.14 48.0374669038565
6.15 24.6615080306456
6.16 26.4166049629218
6.17 17.9282799689812
6.18 31.6024154268883
6.19 33.2874388031089
6.2 50.6077697151557
6.21 28.5444173011108
6.22 30.3865271515186
6.23 54.804123140636
6.24 24.5749931295643
6.25 24.8142049767526
6.26 41.1120687132361
6.27 51.0253952212604
6.28 47.3267549024393
6.29 40.7484146760927
6.3 58.2521756607248
6.31 48.3170073020592
6.32 49.7140781054207
6.33 30.5347115884443
6.34 15.884307751925
6.35 39.645706325353
6.36 46.9130540251917
6.37 40.8116540343514
6.38 38.1209598740375
6.39 33.7076969454533
6.4 42.5668143899691
6.41 18.5249371565716
6.42 35.8794658998393
6.43 33.9675166572106
6.44 22.6991948924231
6.45 33.0716146648844
6.46 43.7418483034119
6.47 37.6666731568754
6.48 46.7500702981183
6.49 32.8695403530784
6.5 29.4081683819018
6.51 52.3641311027869
6.52 44.5889816509044
6.53 30.6128394125213
6.54 51.7943755726627
6.55 33.608566236613
6.56 25.1012247038638
6.57 30.4047698777717
6.58 30.9586930666043
6.59 23.7828175232606
6.6 39.6114082995367
6.61 55.6991833489857
6.62 35.3754174201844
6.63 32.1772114147379
6.64 31.8892006220406
6.65 30.1465671789116
6.66 32.2521693093697
6.67 43.4261565079884
6.68 31.2562488379396
6.69 39.3729152944462
6.7 53.9057178865844
6.71 53.8357220421466
6.72 51.1153964648964
6.73 34.2174962137727
6.74 36.9850782312719
6.75 34.904698332323
6.76 43.2988947198223
6.77 46.0898975371172
6.78 36.9364016429092
6.79 38.3553783613304
6.8 47.1403521471593
6.81 41.5439501483743
6.82 39.0029183953226
6.83 41.1586583413052
6.84 46.6192016170428
6.85 13.4227438108793
6.86 47.8365792844081
6.87 33.4491486631876
6.88 48.3145175344801
6.89 34.5916606157782
6.9 47.8177124247949
6.91 32.3059811719988
6.92 17.0960419991682
6.93 37.9281495000049
6.94 36.1556102268022
6.95 43.0672398194047
6.96 25.6765206409931
6.97 40.2122485739689
6.98 39.930530153186
6.99 43.6517070505565
7 30.9228166620515
7.01 55.6170779333523
7.02 37.5898425826071
7.03 52.2276614858409
7.04 24.2770572704806
7.05 21.9850661003997
7.06 41.0101640178665
7.07 73.7235497711672
7.08 43.3858613063007
7.09 46.6297681141366
7.1 40.1592290851092
7.11 33.2753755453492
7.12 48.0784237581733
7.13 34.3882088145848
7.14 41.3633461193445
7.15 46.2524151459478
7.16 21.3754314823662
7.17 30.8126593867436
7.18 37.5074370371401
7.19 38.8057115185712
7.2 37.6947393695065
7.21 58.2923588330746
7.22 24.3753429163037
7.23 31.4646207491834
7.24 55.7497900812055
7.25 29.7936147978696
7.26 35.3841049364093
7.27 27.5471587975286
7.28 51.1513460868214
7.29 37.7276979093914
7.3 35.4069721374995
7.31 29.4750265782695
7.32 60.1667761078229
7.33 43.7335130421398
7.34 45.6819995565337
7.35 50.2170957851857
7.36 49.4479075410891
7.37 58.4451267632784
7.38 43.6945140377134
7.39 64.1026389539108
7.4 38.8416191192957
7.41 38.9775274654867
7.42 61.2098377958042
7.43 28.8534302291612
7.44 41.5256819844954
7.45 33.0989198444065
7.46 44.9914343095309
7.47 45.2320634870564
7.48 53.9754661693724
7.49 37.1804166079958
7.5 35.2848911710156
7.51 45.19554408827
7.52 34.9754385826404
7.53 37.658662613398
7.54 33.3628981015223
7.55 37.3847148331232
7.56 40.8100030828065
7.57 53.4701531193135
7.58 66.5799562494727
7.59 49.0343442935341
7.6 35.7484246548346
7.61 30.436571130584
7.62 39.7080744599795
7.63 46.7235775694704
7.64 19.3238782165491
7.65 53.6628375250454
7.66 36.5456118529684
7.67 50.1977802544497
7.68 51.3043849564695
7.69 50.3094490382197
7.7 44.5178953041487
7.71 48.024520192446
7.72 47.8254229293917
7.73 57.1736190835551
7.74 48.9663613879257
7.75 52.3312399403842
7.76 60.1947536006808
7.77 43.2053518776354
7.78 38.9655100524769
7.79 51.3827558872731
7.8 37.1850952740757
7.81 53.10793531834
7.82 46.9924636475974
7.83 46.2065114349534
7.84 49.7660119151261
7.85 62.2155754431109
7.86 42.794571391649
7.87 56.1269961351027
7.88 43.0643545199532
7.89 35.9864909459854
7.9 60.0388997615886
7.91 38.0983249700841
7.92 34.5324645720601
7.93 34.7630899543226
7.94 52.2239897608431
7.95 36.720303292365
7.96 37.4593608755559
7.97 39.5401644461166
7.98 41.8988305675669
7.99 45.7589621064122
8 57.1551479914693
8.01 34.8125142349672
8.02 63.2054052706809
8.03 49.9263256202719
8.04 68.0080769374925
8.05 60.6255574838807
8.06 44.8308706704986
8.07 34.2505545588122
8.08 58.2408413932374
8.09 53.0759736446439
8.1 50.8549193162497
8.11 37.2586889140984
8.12 44.354126441901
8.13 43.9568204658617
8.14 36.5908700796689
8.15 51.7260626325107
8.16 43.6462505528929
8.17 43.6077180882251
8.18 44.6608465097217
8.19 35.7564754238899
8.2 41.9876341308783
8.21 47.7612968565475
8.22 52.1800339360702
8.23 38.8038966353382
8.24 44.9462692117993
8.25 42.0667917495854
8.26 67.2559282497302
8.27 57.1924659499322
8.28 48.805787340446
8.29 36.8578221781792
8.3 54.9980204082505
8.31 31.0825232237185
8.32 48.3575115422472
8.33 45.9966239996832
8.34 51.5157655593135
8.35 34.8891425420219
8.36 37.8082158929021
8.37 28.9838101730057
8.38 51.8686723141737
8.39 31.4613578213804
8.4 51.3874969340981
8.41 48.9465098625487
8.42 64.8630559949751
8.43 55.2115772986088
8.44 49.3545469983671
8.45 53.8527032999494
8.46 63.4794390141309
8.47 31.6754810673233
8.48 52.6184596182992
8.49 51.4637006954581
8.5 62.6371409962728
8.51 54.3356031772908
8.52 51.9637427820642
8.53 69.4715302393188
8.54 38.609699790404
8.55 53.9519083888129
8.56 21.464863610774
8.57 39.9324840345511
8.58 41.6705013603903
8.59 38.2912222268361
8.6 60.4191241847144
8.61 43.880551699161
8.62 45.315383349451
8.63 51.1828886307429
8.64 43.7575190483691
8.65 29.8399193045635
8.66 43.1032935881045
8.67 44.1992033291693
8.68 60.7783774113489
8.69 31.6838247366013
8.7 53.0957264026739
8.71 49.4927192020151
8.72 68.7745495220889
8.73 43.6351174431429
8.74 49.8656661812154
8.75 34.9253624864815
8.76 59.3023258075331
8.77 68.900268384335
8.78 74.8521003873227
8.79 37.1600637282938
8.8 40.2548935152323
8.81 25.3491748793041
8.82 54.7648019553493
8.83 55.5205877599003
8.84 48.9121875335291
8.85 50.6370269350439
8.86 47.0033037968195
8.87 48.2121209916868
8.88 52.3269082282218
8.89 55.4352972392628
8.9 31.9765135316037
8.91 57.6233095578104
8.92 29.2399087655871
8.93 55.0408705096291
8.94 47.6831596531864
8.95 44.3874855181203
8.96 41.3021789934771
8.97 38.9042509043779
8.98 54.5588548204372
8.99 64.7336886996976
9 47.606646393416
9.01 54.6048767660103
9.02 65.865915741058
9.03 65.2055866655276
9.04 44.8140799549504
9.05 60.0282711261423
9.06 43.2058339243874
9.07 24.7412898263467
9.08 60.8868575128665
9.09 80.1225131331629
9.1 43.2459492550661
9.11 50.3471647622207
9.12 26.830041301732
9.13 45.0551477234555
9.14 57.7223862991135
9.15 57.0725234388585
9.16 65.7679419124918
9.17 64.876030759552
9.18 56.2440270154506
9.19 60.9966179673512
9.2 47.6906808912014
9.21 66.5942526897301
9.22 39.1624078901397
9.23 41.4053563007305
9.24 46.1257696842634
9.25 82.6698027569986
9.26 44.5424635520932
9.27 67.7166560090787
9.28 41.7090793809612
9.29 43.7836248035959
9.3 31.5434700016728
9.31 59.7400589144654
9.32 57.7185562792034
9.33 47.5110133200195
9.34 44.4560281410164
9.35 49.2605790737289
9.36 34.5158811210964
9.37 52.8904924978396
9.38 60.5432919041247
9.39 54.9430465917518
9.4 43.5925701083847
9.41 48.0785928358028
9.42 50.2967612727415
9.43 64.3217108219745
9.44 63.6128326428928
9.45 69.9335038764763
9.46 46.3257288346934
9.47 61.9691010944139
9.48 53.4688559812948
9.49 57.9416969130132
9.5 37.4402345137622
9.51 47.6877903690117
9.52 59.5916433110192
9.53 47.87127008314
9.54 39.1850884750214
9.55 57.8968274610312
9.56 56.8880459391684
9.57 51.2141791277036
9.58 50.265940495113
9.59 70.935022932889
9.6 49.8592763504385
9.61 61.9810245645933
9.62 65.791294360572
9.63 55.7011932126567
9.64 65.0093861226846
9.65 44.7635320050782
9.66 43.0853196550007
9.67 64.9797610442548
9.68 65.6732160666706
9.69 43.2113126539605
9.7 55.6081008313017
9.71 54.0112755075818
9.72 65.8556706016392
9.73 59.4213433638598
9.74 66.7221168630374
9.75 57.6784527383758
9.76 50.509226471634
9.77 45.6814849554208
9.78 52.3437861515885
9.79 48.3789062293978
9.8 52.507886094396
9.81 60.8704507025691
9.82 60.2651004687979
9.83 61.1049486955711
9.84 30.8515801842666
9.85 70.6276491033936
9.86 61.2947755580879
9.87 35.3171970403501
9.88 43.1340412972634
9.89 51.9451433747235
9.9 27.6475047106537
9.91 73.1271483987286
9.92 57.2291464324633
9.93 47.5878797105087
9.94 50.6020529059014
9.95 63.2731800324584
9.96 81.3893933451978
9.97 53.5577579449245
9.98 62.5302291642056
9.99 51.2743434449641
10 66.9410473404956
