0.01 7.08854191194469
0.02 -8.73428529124952
0.03 14.2312461871181
0.04 1.80897646110365
0.05 7.98205295268667
0.06 -9.66844070274334
0.07 23.4990216006789
0.08 10.078027220783
0.09 4.55806150044402
0.1 8.91475209847399
0.11 -8.95618707086435
0.12 -1.13225755198845
0.13 8.27391374492143
0.14 1.26882536192781
0.15 -4.41024800193272
0.16 4.9505989984836
0.17 -12.0541338085347
0.18 12.0675580757235
0.19 1.92270483145062
0.2 5.95641824931713
0.21 17.0168908632954
0.22 -2.82892650390913
0.23 -5.90981761094687
0.24 16.4668366070425
0.25 -3.79964320987349
0.26 -15.544495907315
0.27 -1.30396503638012
0.28 -2.65289226368021
0.29 -0.0286518950138599
0.3 22.9975679201377
0.31 17.5149817254503
0.32 -1.44325638531055
0.33 5.46409260333911
0.34 11.9822636138291
0.35 12.5526637229745
0.36 -10.7381089658354
0.37 15.3023712532385
0.38 -0.0519876234881558
0.39 4.09618184255156
0.4 29.2855712053621
0.41 -3.96271782015493
0.42 -12.8251056130144
0.43 -2.44615211557802
0.44 15.614145032493
0.45 -1.22484304314285
0.46 8.93717987214327
0.47 -14.0232964508925
0.48 1.28022713950286
0.49 -4.99696803437141
0.5 17.9756767449334
0.51 -4.20565912050332
0.52 4.93931604649982
0.53 15.6794640522081
0.54 2.12681378539297
0.55 6.5241314165706
0.56 17.1242127590521
0.57 29.0359335624998
0.58 3.08239408172071
0.59 9.46927519555651
0.6 17.366430153066
0.61 6.09561203660976
0.62 1.78057879107151
0.63 32.0564316244932
0.64 6.73628255660259
0.65 7.62749334912983
0.66 12.1050333045748
0.67 -7.15757970173447
0.68 12.1738351984047
0.69 -7.10010776506871
0.7 4.92632597003103
0.71 21.2741777153887
0.72 12.2179471401731
0.73 -2.73193836617582
0.74 19.8895303594097
0.75 47.0747242368436
0.76 2.72096581985621
0.77 24.2512766214226
0.78 22.2067072622733
0.79 3.58364636629512
0.8 -9.93151953903709
0.81 3.74016888886007
0.82 -1.37969569063353
0.83 9.91185554593586
0.84 18.8496305717515
0.85 10.9852747333845
0.86 -14.9223812472424
0.87 32.4076656586146
0.88 3.5517650636323
0.89 33.9915562082596
0.9 6.31997722685565
0.91 6.533273782164
0.92 15.2785650355919
0.93 22.9735296366521
0.94 15.6820825668475
0.95 17.4431271498254
0.96 15.7031548426677
0.97 -0.824989018343629
0.98 13.9815993455535
0.99 24.9062598817292
1 17.1428359963402
1.01 -0.572433034579397
1.02 17.3859344662635
1.03 21.3095969194353
1.04 0.137690842517284
1.05 -7.66797932126446
1.06 -3.97355505163848
1.07 17.2256765707456
1.08 9.67812870754026
1.09 12.2130050551999
1.1 -8.81528297800832
1.11 9.15427662122181
1.12 9.8260861465269
1.13 6.45348414806621
1.14 9.00841460146692
1.15 12.2719669720363
1.16 14.5196931495873
1.17 11.6596273898138
1.18 -2.87360531487556
1.19 16.3093597420879
1.2 11.4478194248765
1.21 15.537366343944
1.22 0.48222737520699
1.23 21.1571289345252
1.24 21.0771936338887
1.25 23.875799342681
1.26 0.629753695495884
1.27 14.0315343125503
1.28 -1.64161841319039
1.29 10.0184252627114
1.3 15.9034178988901
1.31 17.8144935930565
1.32 -11.2363545961578
1.33 17.9154384569247
1.34 0.494907304250694
1.35 21.5586394445151
1.36 11.8305848720528
1.37 23.6337222429074
1.38 14.4430082681663
1.39 15.8869727799601
1.4 10.9485715925119
1.41 -1.56243140589783
1.42 10.4632406946098
1.43 21.5214151059386
1.44 18.7157202162598
1.45 10.6225080932298
1.46 20.9168881631757
1.47 14.2457690650398
1.48 20.8030763997369
1.49 -5.70469854484464
1.5 26.6881409290385
1.51 -2.23140831911956
1.52 17.7945754594442
1.53 17.9921666110423
1.54 2.04203960907851
1.55 14.4218049441284
1.56 11.6954301456047
1.57 6.46623926769916
1.58 23.2419651845064
1.59 8.08852345240749
1.6 -4.76619091292592
1.61 11.7311998551869
1.62 15.5875385445371
1.63 23.6429274373683
1.64 22.2328010098811
1.65 16.9983223352739
1.66 12.6829530170891
1.67 3.03961310540859
1.68 17.3525426396274
1.69 6.35380277148313
1.7 16.2648358064182
1.71 39.0340053098706
1.72 19.0431864059317
1.73 12.5201076422842
1.74 21.6863078511969
1.75 24.4377662127041
1.76 0.283223032420935
1.77 -1.05352749362415
1.78 12.2457993161041
1.79 0.751777008549162
1.8 30.2551574558505
1.81 9.39885448319401
1.82 21.6201819261785
1.83 8.65046800130702
1.84 8.06417270670931
1.85 15.237072964252
1.86 5.60819523910402
1.87 -4.14178375250042
1.88 22.0229406016575
1.89 14.4135065633827
1.9 27.4628884316584
1.91 19.1667402964945
1.92 3.85480803953903
1.93 -3.99114451041073
1.94 14.2236298044427
1.95 7.06253996420622
1.96 8.51619301350034
1.97 9.92319661741002
1.98 17.6131563867652
1.99 24.4814066819228
2 9.2885718160542
2.01 7.13479394171895
2.02 20.4477777302824
2.03 39.5326468320943
2.04 26.0618247603431
2.05 -6.16308408517304
2.06 17.7301219160014
2.07 13.2865760010851
2.08 15.5947850760506
2.09 17.4632102682318
2.1 18.5403884053123
2.11 13.2009090892989
2.12 8.52813723889453
2.13 10.5192973825491
2.14 3.9328749904805
2.15 13.2659131081154
2.16 25.9177751126011
2.17 16.1393316447946
2.18 5.8404918578297
2.19 17.4356909028257
2.2 25.5704474395732
2.21 25.2529184224048
2.22 5.3254671556619
2.23 19.3290211674346
2.24 23.0673468455299
2.25 1.71102138640362
2.26 11.8208745702126
2.27 0.903390670930461
2.28 0.43452596108725
2.29 9.06331551026675
2.3 23.2018183485233
2.31 9.02965999262187
2.32 15.7149805953723
2.33 23.9867157829941
2.34 16.7783396164321
2.35 32.7698275929943
2.36 13.4374235935991
2.37 14.5952252737118
2.38 -4.63687753696627
2.39 34.1099109224315
2.4 34.9015808901002
2.41 29.7040725397461
2.42 26.89669313945
2.43 -5.73080075561758
2.44 44.249086039415
2.45 15.7278937822771
2.46 25.0144226599719
2.47 8.43138868073716
2.48 17.8631203141552
2.49 14.348205364396
2.5 11.2377793627995
2.51 25.3183124078771
2.52 22.9709818915648
2.53 11.5772623526687
2.54 1.00917807168143
2.55 7.70570681540229
2.56 23.4797623871296
2.57 13.5960363035638
2.58 23.481458544163
2.59 22.0031696125534
2.6 24.1885574829452
2.61 39.5204419711925
2.62 18.9533457336504
2.63 15.4300273245505
2.64 14.7520567573871
2.65 27.9274319842088
2.66 14.2470510818459
2.67 25.197049928218
2.68 22.4324905054292
2.69 41.5176838105179
2.7 -0.751720901522891
2.71 34.1875352745451
2.72 25.88838100216
2.73 11.9558412429589
2.74 36.5849427355355
2.75 30.0405241939033
2.76 31.5211509113759
2.77 35.575811394248
2.78 34.4896777715427
2.79 23.2510445205243
2.8 17.1523002001286
2.81 21.1564036298667
2.82 21.5219844210435
2.83 28.0100084992107
2.84 19.8552925277918
2.85 28.853683177609
2.86 23.7204679799464
2.87 8.61305110174265
2.88 14.90336192056
2.89 13.7211489864842
2.9 34.8205669926369
2.91 25.4750089353161
2.92 19.3280427223102
2.93 36.5788317480488
2.94 3.35602027149385
2.95 6.52727105575192
2.96 25.4711868612149
2.97 15.1819580780046
2.98 16.3233651644234
2.99 5.58280719161513
3 9.82243111435908
3.01 11.4614656028894
3.02 20.9235983970032
3.03 31.3043848153856
3.04 22.5590917477949
3.05 11.8435042323904
3.06 33.9407461322991
3.07 25.2177889618355
3.08 8.2624776770252
3.09 10.8103591947128
3.1 22.8538073668714
3.11 20.5155892995686
3.12 20.7775183777164
3.13 27.4462894955067
3.14 12.0267463455731
3.15 9.39014711473031
3.16 36.2414200977989
3.17 28.616961392081
3.18 -8.84965437656578
3.19 16.9566716799632
3.2 31.0374677588916
3.21 24.2308480144274
3.22 28.2426853490439
3.23 25.9976028966668
3.24 36.6160108485181
3.25 -5.83298079599571
3.26 24.4527921914816
3.27 14.0326875489258
3.28 12.3795519988099
3.29 28.2997669549082
3.3 24.9451627156882
3.31 25.927995434267
3.32 8.84694980714456
3.33 12.9534006171053
3.34 22.7044324033345
3.35 8.89430042512648
3.36 33.7037181213786
3.37 35.0010575188136
3.38 39.5611144133184
3.39 19.4655358798769
3.4 15.0466160198034
3.41 16.5961924283997
3.42 12.2205753662215
3.43 14.3625044313113
3.44 32.6834101085765
3.45 23.6122619287791
3.46 17.3591142752925
3.47 19.9311684871135
3.48 27.2468605930798
3.49 24.3789329969931
3.5 20.5937327139308
3.51 36.634729938363
3.52 36.860032634569
3.53 29.3757281680023
3.54 30.7614119583416
3.55 23.8520673954026
3.56 31.9746487607455
3.57 13.6764589186814
3.58 16.8878568289646
3.59 15.4918260861088
3.6 24.1429241320746
3.61 6.70453346416794
3.62 24.245473474511
3.63 24.0040963873648
3.64 5.79185526376646
3.65 26.292239821384
3.66 13.8378386597728
3.67 16.9524129811529
3.68 2.42741618498336
3.69 17.2767233644154
3.7 20.1611526117131
3.71 15.4491412077286
3.72 14.7359436456583
3.73 35.2371557669036
3.74 33.9071134174826
3.75 7.99799820557019
3.76 22.3496283301099
3.77 26.264900353223
3.78 22.8263385278629
3.79 20.903921601981
3.8 26.98500872377
3.81 25.2175617401527
3.82 26.6890465167212
3.83 18.9810857912717
3.84 29.8997290000464
3.85 26.6084891481256
3.86 47.610235789575
3.87 43.7910557880831
3.88 21.031714173143
3.89 9.06766474904322
3.9 27.6568884692095
3.91 25.5127216017258
3.92 37.6413058700371
3.93 27.1200022735064
3.94 8.62057336175926
3.95 13.502750479459
3.96 32.0839635289931
3.97 31.1016018353845
3.98 30.2244857615755
3.99 4.50826061293007
4 16.2492103961192
4.01 24.7365589962711
4.02 21.8954630193495
4.03 20.4430258336969
4.04 33.6011710043103
4.05 51.4055783093432
4.06 35.7751093271033
4.07 36.5305942194557
4.08 23.2607590487292
4.09 17.4946926484464
4.1 14.1075984660958
4.11 25.4984617484271
4.12 19.4423446476743
4.13 0.497323749595029
4.14 11.2500188435028
4.15 42.0738485893626
4.16 23.7129113010898
4.17 36.0718058395572
4.18 24.5692589049249
4.19 11.1378110691328
4.2 21.1024697498789
4.21 27.6678069765395
4.22 16.0664419817474
4.23 35.2679462829259
4.24 23.7002730984532
4.25 7.00737375893079
4.26 39.0360421799702
4.27 50.9005148810582
4.28 35.1285619309539
4.29 31.2067644120864
4.3 27.4827839419686
4.31 31.4212387833159
4.32 28.3421822301017
4.33 30.1254345589203
4.34 33.0707709573711
4.35 27.359703640651
4.36 14.7939721677273
4.37 32.8087908447297
4.38 32.266109001035
4.39 19.8333418914489
4.4 33.5900775946217
4.41 29.761127321403
4.42 31.1207597287127
4.43 22.3715597792584
4.44 38.6861522826068
4.45 19.833097709405
4.46 32.5325291212983
4.47 36.0846575775357
4.48 30.0227437916598
4.49 27.5739727774646
4.5 34.30544178718
4.51 32.8723485107632
4.52 13.555668219684
4.53 21.9824639672408
4.54 40.6970196008578
4.55 38.1153866382353
4.56 25.0874732448124
4.57 13.9060626195817
4.58 6.05579894792606
4.59 32.2438298493015
4.6 45.5518297758202
4.61 46.7257054160858
4.62 20.0013416488505
4.63 46.1788312488792
4.64 19.3882965895473
4.65 20.2711752908519
4.66 25.8216702018765
4.67 35.2130114012236
4.68 36.2858347293605
4.69 27.1812063217455
4.7 46.4210638207929
4.71 30.5929192715792
4.72 38.4366686253305
4.73 31.5667991454759
4.74 30.8955493522524
4.75 20.2104933347816
4.76 22.3823885735671
4.77 44.2843578849498
4.78 30.232545338345
4.79 20.0977141142576
4.8 28.6449863445944
4.81 11.4190365886039
4.82 30.7461497760262
4.83 20.6700862329024
4.84 30.5127735434779
4.85 23.5752491312311
4.86 20.2622225199947
4.87 18.4192004825151
4.88 43.1308855101351
4.89 22.0046701040407
4.9 31.9445620807894
4.91 31.8346931351128
4.92 34.4467489932447
4.93 16.6094686140931
4.94 37.6426667639917
4.95 51.7492083671176
4.96 44.6616184078676
4.97 41.0401570215865
4.98 45.086473517558
4.99 37.5978195701996
5 17.3321092873205
5.01 26.414258282946
5.02 32.370731428196
5.03 40.7704335297708
5.04 43.8055458851731
5.05 29.5553939905441
5.06 25.3635468813562
5.07 48.4999839465543
5.08 26.1186138664046
5.09 18.5503453403213
5.1 38.5299821949446
5.11 36.0715826436958
5.12 25.1282039851812
5.13 16.3086975709241
5.14 11.4093584369073
5.15 30.3515568056246
5.16 30.808115882791
5.17 35.580915915292
5.18 30.6794856016406
5.19 25.7400553879229
5.2 23.7626388521307
5.21 33.1974584197758
5.22 32.8933828904982
5.23 41.7478069787987
5.24 29.0167691270114
5.25 32.0694395149955
5.26 31.4916860375767
5.27 38.6128322086783
5.28 12.2199689970043
5.29 47.0773747515754
5.3 28.0416645685616
5.31 35.5518338440287
5.32 40.2114122775493
5.33 35.7720683085137
5.34 24.7640636887216
5.35 27.2027212109997
5.36 33.9738051438162
5.37 27.713739023935
5.38 35.2552160718242
5.39 35.3847049061019
5.4 33.7698514630216
5.41 38.9209682247286
5.42 19.0759916144964
5.43 43.0266039907067
5.44 41.4593615996357
5.45 26.9928899260007
5.46 42.9465678628609
5.47 27.5948351030684
5.48 32.1071896847098
5.49 53.092850343119
5.5 55.765857715688
5.51 27.8823244321601
5.52 29.7312026231523
5.53 46.1510283549371
5.54 28.0481321147113
5.55 59.3665952937987
5.56 28.2910253685472
5.57 35.6825345159295
5.58 33.5693984074034
5.59 32.5866054045741
5.6 44.188928599385
5.61 35.4360175997083
5.62 28.8586935321358
5.63 28.0030166107218
5.64 28.2008440875563
5.65 25.0483534589124
5.66 35.956588492174
5.67 36.5346256679471
5.68 28.1536934966448
5.69 14.7595411958664
5.7 58.9730351101346
5.71 25.4231462557406
5.72 26.2209368441768
5.73 34.3668119045532
5.74 31.2196364772646
5.75 47.2754232974361
5.76 42.239868308917
5.77 38.2129743792157
5.78 32.5733207675663
5.79 47.2492456992369
5.8 13.3876799799266
5.81 28.850455567515
5.82 47.9617924604711
5.83 23.9936954620131
5.84 50.1581067503787
5.85 41.8368931205982
5.86 38.4063843968151
5.87 31.9665229876252
5.88 43.9475575870381
5.89 20.6755076036717
5.9 26.7234052154172
5.91 42.4352652160265
5.92 25.2556893942019
5.93 17.0727811853764
5.94 40.6265086178181
5.95 30.1985110810644
5.96 50.9244940091123
5.97 44.3624119236908
5.98 25.8524640870968
5.99 12.9089633688097
6 34.0454531583215
6.01 30.0184880904948
6.02 28.1348317190797
6.03 43.4809134499458
6.04 38.6335818975979
6.05 21.3000637913677
6.06 27.5148594173704
6.07 45.1990722766902
6.08 32.161101701835
6.09 35.267954678922
6.1 41.3877506269587
6.11 51.84547986317
6.12 35.108996073533
6.13 40.5901237074695
6.14 40.6416142470377
6.15 41.9385032983145
6.16 44.5796424005655
6.17 27.8022923285262
6.18 52.1289476533359
6.19 33.48263983763
6.2 45.9652628571512
6.21 22.8523314782591
6.22 22.4551884537148
6.23 45.1841340687257
6.24 25.6191910868841
6.25 46.3824826237761
6.26 28.0462146933229
6.27 48.4307490574912
6.28 29.1508537023758
6.29 30.4489810334156
6.3 51.9416081260852
6.31 39.5791192889737
6.32 44.5293463727259
6.33 17.3487350325502
6.34 39.732091585048
6.35 42.4450433360697
6.36 46.8660902411481
6.37 20.1125108620971
6.38 46.445639617146
6.39 44.857438675737
6.4 38.3790573908751
6.41 42.5798436717567
6.42 47.6659956840708
6.43 45.9916858738945
6.44 34.0345017517521
6.45 36.8163449611848
6.46 38.3452558560487
6.47 35.5175606189242
6.48 45.4941825865312
6.49 41.8077689701576
6.5 38.2844186795449
6.51 36.1566773489463
6.52 42.0576297820251
6.53 18.5500079014024
6.54 43.9410577310874
6.55 25.3183687673682
6.56 34.5312799451185
6.57 45.4884942802484
6.58 51.2437417510024
6.59 49.8040665255276
6.6 30.0487237354603
6.61 49.2713396995228
6.62 34.7232533939224
6.63 35.9556300185731
6.64 43.6203016392125
6.65 38.8316753089628
6.66 44.9159859733079
6.67 17.8607422059129
6.68 35.3288647457376
6.69 29.2433732758044
6.7 20.7329865774121
6.71 41.8683864770547
6.72 28.3234466233301
6.73 28.5248021555261
6.74 28.5289215589866
6.75 45.5607748484022
6.76 36.609680079436
6.77 26.1447845347652
6.78 29.2870629220962
6.79 31.7141227277485
6.8 25.789453835978
6.81 63.3507024202194
6.82 52.2540941655337
6.83 27.4048369367193
6.84 34.7799260344265
6.85 35.0254498451397
6.86 70.3215798878672
6.87 41.9555091181792
6.88 38.1889641905903
6.89 42.4396802011368
6.9 34.7408459545655
6.91 37.5281398305733
6.92 33.8032503808444
6.93 27.3547438018369
6.94 32.1755326305074
6.95 40.1004667544637
6.96 28.1224604183741
6.97 37.0290032880135
6.98 36.899893622005
6.99 64.5347634795106
7 56.0999160416661
7.01 41.8625847908448
7.02 47.9190257480496
7.03 57.5360701516969
7.04 46.9253320633349
7.05 52.0142796252561
7.06 43.7681198110898
7.07 40.2458953686594
7.08 54.3813634058021
7.09 43.7149233903765
7.1 49.776158883529
7.11 48.4207572861604
7.12 41.6563880818938
7.13 55.9445169937648
7.14 40.0304745781227
7.15 48.013081337718
7.16 54.1025379720724
7.17 30.6015891793497
7.18 46.0375184227665
7.19 37.330330478882
7.2 50.6824071985043
7.21 53.5849776725519
7.22 47.7530409497796
7.23 29.5509970830607
7.24 46.095990393317
7.25 53.9470275105945
7.26 35.5568807643321
7.27 51.4050280992169
7.28 45.128014287392
7.29 28.4904730952082
7.3 56.4735839680703
7.31 49.1230993888609
7.32 32.3224599135832
7.33 43.7583650103462
7.34 48.511885394782
7.35 18.7453703703487
7.36 37.7445931350153
7.37 33.5591643201616
7.38 29.484702423014
7.39 46.2831267331418
7.4 42.9712365117835
7.41 24.7927626079725
7.42 30.901306382922
7.43 24.1929092419269
7.44 51.2955822153498
7.45 42.8510206075398
7.46 52.0215770764786
7.47 39.8324677588548
7.48 34.4562782138874
7.49 38.2273251945907
7.5 46.5573985938589
7.51 45.5631618744991
7.52 49.9621347567911
7.53 40.4540369895331
7.54 47.6299527103151
7.55 26.8154940942067
7.56 27.1919166182176
7.57 29.3829602791191
7.58 49.9232990334683
7.59 29.4351345169679
7.6 26.5031690198965
7.61 33.4889579830655
7.62 39.4808123041857
7.63 52.3261509619037
7.64 51.4748168710471
7.65 55.2932190745447
7.66 38.0856174552171
7.67 44.0980119597366
7.68 43.2711931908549
7.69 47.6543806154589
7.7 40.1837533862271
7.71 49.7286433167969
7.72 30.8804422564407
7.73 48.9807749845891
7.74 27.2019366097567
7.75 45.2078687432346
7.76 46.6522864744264
7.77 49.621790523194
7.78 28.9067649143649
7.79 53.1998481804748
7.8 46.4219444494436
7.81 41.6169476087467
7.82 42.931127194592
7.83 23.8023932197731
7.84 31.5815222863435
7.85 46.8553410598608
7.86 32.7151509312483
7.87 27.2859413503586
7.88 37.2593267702778
7.89 52.4537882408996
7.9 42.101782882343
7.91 32.7183649823285
7.92 44.8249059948396
7.93 46.4355609213769
7.94 42.4533374880641
7.95 46.2673498100491
7.96 40.1601263036353
7.97 36.1523523905057
7.98 53.2886885398003
7.99 53.5236326880272
8 55.7680555115851
8.01 29.7714944139785
8.02 33.5707643217875
8.03 53.2960628693261
8.04 54.872064773053
8.05 48.6848454536727
8.06 46.8614534296608
8.07 39.2289796311953
8.08 47.859563334604
8.09 32.919387302642
8.1 55.5097355347643
8.11 55.9083920805693
8.12 62.7632141100984
8.13 37.5451666286103
8.14 46.0256560578439
8.15 33.7487942918167
8.16 48.1020228908237
8.17 47.824676455104
8.18 57.4914297902859
8.19 55.5607418072646
8.2 52.5415062404509
8.21 46.9366152326618
8.22 58.072236855071
8.23 31.2989172191127
8.24 62.8526890990333
8.25 36.4892446478226
8.26 59.7389834099885
8.27 69.0835541558086
8.28 51.3176079781336
8.29 38.2826072253348
8.3 45.2806037885513
8.31 56.5103354962313
8.32 37.57015724315
8.33 31.7667482187706
8.34 55.0596681172761
8.35 49.3923617846771
8.36 21.1716912582969
8.37 53.478361006244
8.38 34.0419167871029
8.39 58.5518736851161
8.4 44.242850649378
8.41 67.6173739605888
8.42 55.4126052313832
8.43 61.9130543286173
8.44 33.6799674107416
8.45 42.9164670284584
8.46 41.5407216362603
8.47 49.4801164104142
8.48 39.5780154267918
8.49 39.925715031503
8.5 18.20675500327
8.51 54.7087399025661
8.52 55.3038084821347
8.53 47.3981668043728
8.54 57.8005560560342
8.55 46.9458590743464
8.56 52.1718597709287
8.57 27.8785768943209
8.58 48.4181599222375
8.59 52.6464635216521
8.6 58.7231299478355
8.61 51.6428574982752
8.62 53.656416253155
8.63 43.1621893583593
8.64 57.9425242539139
8.65 50.1339082247181
8.66 54.6294884412325
8.67 40.4706003264869
8.68 42.3755916133629
8.69 46.1085386909965
8.7 45.6396333584285
8.71 55.8007071824943
8.72 63.6611047049246
8.73 62.0548693623478
8.74 45.2552267944984
8.75 50.9605156915318
8.76 62.8678509043327
8.77 33.688910347967
8.78 60.3448521688177
8.79 56.9632159383227
8.8 46.7033860977116
8.81 63.0684758865503
8.82 75.4477155079624
8.83 57.6680219721225
8.84 41.1304326432565
8.85 47.7775202441497
8.86 46.4004342502879
8.87 60.8931676832154
8.88 51.6877798505831
8.89 54.6477152803288
8.9 69.733170239419
8.91 62.9009292900718
8.92 40.9239697664565
8.93 71.7436965904946
8.94 46.573989379594
8.95 49.6672550529296
8.96 55.5916896274188
8.97 51.7315893338576
8.98 32.4694256845107
8.99 53.0901213248858
9 58.7324335431946
9.01 44.8245426882976
9.02 55.7119736699999
9.03 34.9782477559501
9.04 32.9145230594879
9.05 43.076831496368
9.06 64.5701780932962
9.07 43.0216083200904
9.08 74.5356075745978
9.09 49.5137650831523
9.1 48.855326442167
9.11 47.124268008626
9.12 36.4319563767972
9.13 44.6925539097151
9.14 63.8862361779888
9.15 49.8477980737945
9.16 61.0143201489172
9.17 35.909206172404
9.18 45.2979116966092
9.19 69.6334833142839
9.2 49.0964558492762
9.21 54.6672644190813
9.22 37.4590542209334
9.23 70.5135156057403
9.24 56.7715660284222
9.25 66.4937684679697
9.26 50.102429089271
9.27 41.3817249628953
9.28 66.5031231158203
9.29 57.6648834620468
9.3 54.371482410734
9.31 62.9461486169312
9.32 66.8137877976678
9.33 42.4064613503024
9.34 48.4908208717155
9.35 54.6368154314362
9.36 51.6492084219266
9.37 51.4504216559514
9.38 62.9635060357477
9.39 51.9413939453984
9.4 54.7775045699272
9.41 38.4476264644032
9.42 43.7365215675153
9.43 43.0045077147475
9.44 78.964753032942
9.45 76.977310152485
9.46 47.9728942576303
9.47 40.3470310123351
9.48 37.500734847151
9.49 45.554619675794
9.5 53.0610549837396
9.51 55.2837510501846
9.52 48.3890530834389
9.53 47.5457185158596
9.54 53.6406537921567
9.55 41.6598358029149
9.56 54.3490089427644
9.57 79.7393580674356
9.58 51.2405665927258
9.59 39.3199235915159
9.6 43.3847100770137
9.61 55.1699889069764
9.62 57.7231155608786
9.63 49.7307684080008
9.64 55.5155410991208
9.65 40.7839703823359
9.66 42.1187795578697
9.67 49.7700546978463
9.68 49.5400557041778
9.69 71.9901941350835
9.7 44.048175449246
9.71 38.9902537908521
9.72 63.6161390204568
9.73 51.0270144437786
9.74 46.5100446409813
9.75 49.3608064203938
9.76 39.9730935299035
9.77 54.6639652654238
9.78 31.1162373801849
9.79 64.0006491174797
9.8 42.1800576742775
9.81 54.0472958115954
9.82 48.8713520752762
9.83 51.4593266833474
9.84 51.5443747996841
9.85 56.4795840985628
9.86 58.0653915219706
9.87 41.7416356908604
9.88 56.814213245873
9.89 44.3145611372389
9.9 68.0221769232191
9.91 56.7850721925638
9.92 46.2963673491231
9.93 47.2977890745865
9.94 45.9336764338367
9.95 55.4726788713293
9.96 59.9067402762871
9.97 54.053094293921
9.98 60.315888398467
9.99 89.7045444533182
10 57.4606124120456
