0.01 -12.4655590666946
0.02 12.976836456041
0.03 22.6421857756208
0.04 21.6406885822781
0.05 17.3520182670965
0.06 4.95564823340383
0.07 22.3517105373866
0.08 1.82493649244123
0.09 -0.916294343398905
0.1 -0.102219739497881
0.11 -6.88563540342566
0.12 1.44938091336841
0.13 2.79386208263668
0.14 5.57852179175774
0.15 13.1900545168764
0.16 -9.93119317360677
0.17 3.19679122832845
0.18 8.06218374488147
0.19 -5.61015504223564
0.2 3.76958494835673
0.21 -1.88541778379895
0.22 0.327679683733406
0.23 5.54999330998259
0.24 3.58926511232084
0.25 -7.50068293454635
0.26 -17.6410398829012
0.27 -10.9790129242396
0.28 0.743745435845415
0.29 10.6827967006628
0.3 -4.84420647300325
0.31 11.2739642612021
0.32 19.6107553004742
0.33 7.24014816397426
0.34 18.9166685243523
0.35 7.80016551217582
0.36 9.34809853810373
0.37 -3.20960652674361
0.38 -1.77151652876828
0.39 -2.03574438066436
0.4 11.0346434998563
0.41 8.33018760043031
0.42 14.3526632679749
0.43 10.0177688314923
0.44 18.0033349479691
0.45 1.79104677632364
0.46 17.8839015318383
0.47 12.5997943912542
0.48 2.66735815821344
0.49 8.80136381753154
0.5 -2.25557874891398
0.51 19.8618606909556
0.52 28.051564504451
0.53 27.2601568989203
0.54 5.87615711952499
0.55 11.754254996166
0.56 7.11162989958101
0.57 -2.42968410191998
0.58 -1.63654365366933
0.59 -10.2175878351603
0.6 12.5855044115748
0.61 9.98065983030045
0.62 23.2144084711723
0.63 -5.19005476898004
0.64 11.3901937618136
0.65 30.4708528815015
0.66 3.17934411012221
0.67 -0.661792602890854
0.68 -2.00024045999186
0.69 8.59367079249814
0.7 12.4277642974925
0.71 23.6013845345463
0.72 20.9744721505112
0.73 10.9652305251921
0.74 3.63843107793002
0.75 14.9061679198269
0.76 25.0197605153369
0.77 15.4536252158229
0.78 9.76302394799217
0.79 31.1058399060778
0.8 4.82416045641828
0.81 23.1494888411281
0.82 13.6210207609843
0.83 26.7504852500019
0.84 4.68793343739291
0.85 13.9678986797597
0.86 -4.52144950316894
0.87 22.1128438856741
0.88 0.217329945847641
0.89 -2.29142861288655
0.9 27.8375788247243
0.91 10.185437822929
0.92 7.64901374029652
0.93 10.2419703481832
0.94 -0.684938145810018
0.95 13.5363424444248
0.96 -0.0938004149693619
0.97 14.0879702951945
0.98 26.6547239897631
0.99 0.64549625513787
1 27.612616775823
1.01 5.74492280596653
1.02 5.71916140555822
1.03 11.980045102131
1.04 12.7473073312305
1.05 10.4952066444979
1.06 2.14215124313838
1.07 5.07377779814213
1.08 6.38165175678348
1.09 8.28713361996003
1.1 -0.846800676281495
1.11 2.10982267357057
1.12 4.80617850837602
1.13 -2.13599501244179
1.14 12.6087066020077
1.15 15.4324280979107
1.16 32.4185950943279
1.17 5.52188006567932
1.18 25.4082719246435
1.19 27.3208868602175
1.2 6.47306625176471
1.21 15.6146760241596
1.22 15.8629172842782
1.23 10.8032725191464
1.24 23.7503813525849
1.25 13.0948446977534
1.26 13.7429654005217
1.27 30.2998646188009
1.28 10.7035503422865
1.29 -0.178061668814811
1.3 1.22807191664494
1.31 23.3840885351325
1.32 15.9550814619323
1.33 4.40665974820738
1.34 12.936853365641
1.35 10.6254287067276
1.36 14.4361458261885
1.37 18.929564682702
1.38 4.78225162953273
1.39 10.7195748119104
1.4 18.5978654771765
1.41 13.1782455427713
1.42 7.00336662446376
1.43 4.06130528375187
1.44 31.4747559741036
1.45 11.2193667860616
1.46 23.3364150308945
1.47 0.887179231144355
1.48 5.81517860649447
1.49 14.2985879031106
1.5 8.02367925420303
1.51 33.0168280179963
1.52 22.3188684338707
1.53 -1.93912747785581
1.54 12.7007592291437
1.55 -8.09064220513381
1.56 10.0102586133858
1.57 0.73675893058642
1.58 -4.35790969384536
1.59 -4.98780877629111
1.6 15.4479037387879
1.61 25.809770167619
1.62 1.45552404749593
1.63 10.8216023407198
1.64 8.71799929627131
1.65 24.4302331970308
1.66 25.0128120827865
1.67 -1.16493650177349
1.68 7.36877397485352
1.69 0.59369948628842
1.7 15.4443782600433
1.71 7.42044291295753
1.72 5.57935456165071
1.73 30.9573089141967
1.74 20.0122513887644
1.75 12.7961088018249
1.76 38.7211096284086
1.77 16.7315866610572
1.78 3.50872738439159
1.79 16.9086659236591
1.8 24.4804843317932
1.81 12.2979534137115
1.82 22.5696650074585
1.83 11.9799234555111
1.84 16.5422585110544
1.85 18.6281765311115
1.86 26.1108574698345
1.87 12.7458095782828
1.88 12.6167896298167
1.89 12.8561976765293
1.9 4.76954723076509
1.91 15.6061526959827
1.92 25.8385766687972
1.93 17.9794593567069
1.94 14.1529708790079
1.95 12.5438579427551
1.96 -1.94261095524956
1.97 19.8693042722434
1.98 13.1987010727207
1.99 13.4036210485628
2 16.8875537798348
2.01 0.296704335094184
2.02 16.9257099684724
2.03 12.0445451219033
2.04 15.6162020903973
2.05 23.5056155906729
2.06 33.6636806519019
2.07 12.0944881561624
2.08 29.2698270937012
2.09 34.9645350033716
2.1 9.01035239666627
2.11 20.5338510321794
2.12 21.0943213981016
2.13 11.0948711094728
2.14 0.636237831529748
2.15 6.29484886431218
2.16 16.5532294765697
2.17 16.4725935874716
2.18 0.120390722249743
2.19 18.0123761559457
2.2 16.346517894395
2.21 20.1374780370382
2.22 20.0696550218656
2.23 -9.88066226554436
2.24 5.41986930864034
2.25 9.28254707404397
2.26 15.4319159545689
2.27 15.5169161002896
2.28 1.28086573258483
2.29 12.539371608623
2.3 30.3160414570339
2.31 5.01456519325678
2.32 11.3288085022438
2.33 13.4655606143969
2.34 5.66242512421567
2.35 21.8540355038737
2.36 24.0021967652915
2.37 17.7316274830307
2.38 -20.5256805642976
2.39 13.2913073585949
2.4 20.1440881449953
2.41 21.2204897531801
2.42 22.4027439062221
2.43 26.9989990912372
2.44 24.1881249087338
2.45 32.3871794915783
2.46 13.6504261533898
2.47 20.2227834595123
2.48 40.3149481077043
2.49 28.5987368446428
2.5 20.7382397870765
2.51 4.65823499492903
2.52 21.5830519258725
2.53 15.9126039446267
2.54 30.8700633679071
2.55 7.45345049354727
2.56 -10.1242438942644
2.57 17.7280777260733
2.58 -1.35746809162438
2.59 8.75551792220406
2.6 21.6055306373808
2.61 11.6851743931253
2.62 23.2860759026211
2.63 15.8028113726626
2.64 25.0950688462487
2.65 31.6600818081062
2.66 29.5678255532109
2.67 9.23982720660774
2.68 5.49001537680128
2.69 24.9656903884137
2.7 24.7452208740603
2.71 11.7841501109823
2.72 24.7630965966674
2.73 5.39682586144453
2.74 23.5833371295885
2.75 20.5022041127666
2.76 19.1622396057231
2.77 20.6775293917219
2.78 15.3572001483943
2.79 12.76999041435
2.8 25.0607815129615
2.81 20.4018780424389
2.82 6.60963010384355
2.83 22.5869654319872
2.84 10.0242900361096
2.85 7.98937994293031
2.86 14.3665414667852
2.87 22.1581471089398
2.88 34.6315378230005
2.89 18.3957108174304
2.9 21.558865870821
2.91 21.6359261212643
2.92 17.5729195728606
2.93 -0.833987834098345
2.94 8.72573336565848
2.95 18.7969464949663
2.96 35.0343598325958
2.97 23.740288640998
2.98 18.7463052011335
2.99 -1.04851010442907
3 19.2681470494047
3.01 20.7726924790215
3.02 1.49595569968487
3.03 35.2647309166682
3.04 33.8779822105181
3.05 15.6440374059622
3.06 16.4196322071546
3.07 18.6698606911481
3.08 28.0509266666641
3.09 8.77943378538356
3.1 23.3716938657759
3.11 14.1990644878074
3.12 24.9380785393162
3.13 15.5029958682794
3.14 4.21712959191051
3.15 22.4101672455837
3.16 17.8658199561155
3.17 16.9538486005958
3.18 23.631646794806
3.19 0.688554619158847
3.2 16.1975351805699
3.21 24.7212112062613
3.22 29.4320121320462
3.23 27.045556650457
3.24 32.9451832316006
3.25 20.6182907970442
3.26 10.723898731939
3.27 29.8370232853317
3.28 37.0828395834442
3.29 23.3428186832488
3.3 10.6454044984611
3.31 30.5169838478243
3.32 25.5203206383081
3.33 16.2661257075649
3.34 29.3004007352917
3.35 20.3014114441308
3.36 4.08463281776197
3.37 17.561064332249
3.38 24.3301810363998
3.39 19.6168531792492
3.4 16.2345825352964
3.41 30.2928132905001
3.42 45.0115325669776
3.43 22.2127111167549
3.44 32.2544997738317
3.45 -3.61589971694793
3.46 27.020329396892
3.47 14.5575309575615
3.48 22.0111258560607
3.49 25.5290792862115
3.5 21.6489934626833
3.51 20.7718912179755
3.52 25.1785598596666
3.53 34.3864019171762
3.54 27.726037136048
3.55 26.1824355255978
3.56 17.8313738366032
3.57 16.4431573427731
3.58 28.8361738502556
3.59 27.8965826841589
3.6 33.3409201396718
3.61 38.261380109742
3.62 6.5139109421115
3.63 6.43618719431366
3.64 42.9453131187331
3.65 24.7758554159671
3.66 26.8357082357747
3.67 43.0760358479397
3.68 12.5445901839583
3.69 22.5223075411932
3.7 20.6208309524679
3.71 3.33466409775756
3.72 32.2585390110627
3.73 24.3091805813528
3.74 31.9895901704556
3.75 7.47099168296598
3.76 28.3440817665831
3.77 25.134025841862
3.78 17.1060023640563
3.79 27.2566282656885
3.8 13.5379304379452
3.81 16.4039066192945
3.82 18.7103377515655
3.83 3.92444689062306
3.84 25.1499310022649
3.85 10.3598405696699
3.86 37.6240576711384
3.87 26.9251976918509
3.88 7.86571594672361
3.89 27.7358304125623
3.9 25.2622004966881
3.91 6.61956370333553
3.92 42.5469071805902
3.93 32.8086021148274
3.94 29.5661167417522
3.95 15.7850397774784
3.96 20.4704132450237
3.97 5.05533010604178
3.98 36.4717408545153
3.99 36.1608172110897
4 23.204322159462
4.01 31.2887711016755
4.02 54.8873306617166
4.03 35.5979178913751
4.04 28.893969742819
4.05 23.2765815962448
4.06 39.9899754860426
4.07 12.7298880092483
4.08 9.7381825386656
4.09 15.8581916599302
4.1 38.0034470029108
4.11 36.2594190678298
4.12 25.978241819141
4.13 30.7240765265894
4.14 32.7897110489972
4.15 41.4329164271845
4.16 26.3173887663038
4.17 45.9242996596708
4.18 27.001678797482
4.19 29.2718436230228
4.2 17.921795091747
4.21 20.7812775988856
4.22 21.3970534828519
4.23 46.9072767526349
4.24 26.8408206690328
4.25 18.0084263097729
4.26 28.5070425103836
4.27 31.3827600720358
4.28 12.0782359071741
4.29 9.12293905195583
4.3 47.8345054562213
4.31 22.0929119606776
4.32 15.9435368217967
4.33 20.7058518919439
4.34 31.4186988154711
4.35 36.3850886235408
4.36 42.1922462206403
4.37 14.6259424090091
4.38 26.2370972713954
4.39 27.7628353305067
4.4 39.0043000959076
4.41 25.2741573784892
4.42 35.9769726145731
4.43 37.3944229907168
4.44 29.2264397315831
4.45 14.3812940116164
4.46 15.6933649583938
4.47 18.9297161486148
4.48 13.3922960227371
4.49 24.4667790508485
4.5 4.14550753258667
4.51 21.4014597743057
4.52 12.98526550229
4.53 33.4611871111125
4.54 40.5234411231339
4.55 21.2599274665195
4.56 17.1238303388379
4.57 30.5155852559661
4.58 37.0012167064103
4.59 37.0626518825334
4.6 12.6023566316149
4.61 10.5022125994261
4.62 42.83940270319
4.63 34.6184222363734
4.64 25.9911896441462
4.65 15.0830730553705
4.66 16.9286116648848
4.67 18.6349521820587
4.68 21.7421043771985
4.69 25.5414893547261
4.7 39.2281097009118
4.71 19.382699578835
4.72 25.214921483563
4.73 35.0757850266755
4.74 28.564812457207
4.75 19.6153935420564
4.76 39.0202171585943
4.77 35.2960908083478
4.78 35.3368329104475
4.79 30.6758223302866
4.8 43.8631714586849
4.81 39.3673553392877
4.82 40.4648103153551
4.83 30.3527526750197
4.84 31.3902316451132
4.85 23.767896091181
4.86 28.0747694642875
4.87 39.065611502371
4.88 28.1792835643582
4.89 42.8820174755481
4.9 37.8626411479912
4.91 39.5934264106393
4.92 31.916647425736
4.93 25.6301136770393
4.94 34.1186983291763
4.95 7.71973739137335
4.96 12.530820500676
4.97 24.6323846821501
4.98 18.25687718732
4.99 31.4984909476408
5 26.9659757873895
5.01 31.3122476744245
5.02 28.6618930047325
5.03 57.8306756221222
5.04 16.2972605059198
5.05 41.2516407815075
5.06 39.60210983938
5.07 42.4311174880384
5.08 26.112714700747
5.09 32.5541584780101
5.1 32.9254776387518
5.11 20.5985300472495
5.12 28.4053283155857
5.13 21.959026732405
5.14 43.9772342819418
5.15 20.6746053265455
5.16 24.966686969962
5.17 25.720728226344
5.18 38.6596275845846
5.19 36.2983666279896
5.2 26.7665907962959
5.21 33.1347195362502
5.22 57.9227871575783
5.23 29.3351667921458
5.24 39.0265537452977
5.25 45.9338231459691
5.26 12.6720496055499
5.27 36.9866993483721
5.28 26.2049634045317
5.29 41.4854382867933
5.3 22.718852663912
5.31 43.7039063946349
5.32 44.2812803752948
5.33 8.98721340822172
5.34 22.9360743213354
5.35 37.0302055734306
5.36 22.3116056619761
5.37 35.7563707580981
5.38 37.6691869445252
5.39 35.9360797227381
5.4 50.7564102420839
5.41 42.9276077124662
5.42 23.7957605049331
5.43 48.9740905987747
5.44 7.46853667801247
5.45 33.4057007597448
5.46 19.950367557443
5.47 23.7884164006716
5.48 24.6801148499076
5.49 23.4074383363454
5.5 28.0741148709242
5.51 30.8483621589081
5.52 30.3267414330273
5.53 38.8019679127282
5.54 29.3891641022822
5.55 22.2874056357705
5.56 43.8040642656336
5.57 34.1233803860883
5.58 41.8687333049191
5.59 23.8715612151911
5.6 32.8337793428917
5.61 52.8659857529743
5.62 36.6996500922821
5.63 37.3895009972821
5.64 46.9103701593531
5.65 33.2827278778731
5.66 26.2616329589348
5.67 26.6102687939721
5.68 29.8687640296826
5.69 23.632338908248
5.7 32.4309393494822
5.71 52.3001953090482
5.72 36.6303463518438
5.73 55.4824125280031
5.74 28.6938252451414
5.75 41.0812308475753
5.76 10.6912206920194
5.77 39.5391710866337
5.78 67.8341747423948
5.79 32.8001969176874
5.8 24.9348644369382
5.81 34.7907109066122
5.82 59.4407875683632
5.83 20.8255449520265
5.84 30.3398926071319
5.85 37.5086611211955
5.86 34.3540712853747
5.87 48.0528805780551
5.88 40.4877640842642
5.89 24.568483419181
5.9 21.4704389176784
5.91 43.7947835740754
5.92 44.9100874148491
5.93 32.6108734401217
5.94 32.2685766349139
5.95 38.2806386345562
5.96 33.4630906268807
5.97 30.8402340303818
5.98 45.2471267536357
5.99 51.4098553609518
6 44.6278604007064
6.01 27.823502628507
6.02 35.2020237869368
6.03 26.8156356082349
6.04 41.2885029382225
6.05 34.1199848496528
6.06 37.1151545832946
6.07 40.2847359462078
6.08 36.1279603007312
6.09 27.1604225285548
6.1 38.8980658598874
6.11 29.9736272906809
6.12 41.3187333081873
6.13 21.3650845610033
6.14 26.4641019629138
6.15 35.8270354333105
6.16 32.5320197346542
6.17 34.4629974326015
6.18 27.6570117940387
6.19 46.9652377826747
6.2 37.1826573669255
6.21 26.7105355120826
6.22 48.0767616612831
6.23 53.2038994450127
6.24 57.2134203764376
6.25 32.6335000651875
6.26 40.4962535176711
6.27 35.5225286445689
6.28 41.0154430893961
6.29 20.5430548273605
6.3 49.2077757977927
6.31 45.681450712084
6.32 38.5435898015218
6.33 40.291195009536
6.34 25.0693292591327
6.35 41.4931641471146
6.36 28.5070012046884
6.37 42.3685283399175
6.38 56.8378873247191
6.39 49.1718723549153
6.4 63.5916880023044
6.41 55.7456766265156
6.42 32.9581822369902
6.43 52.9567111729186
6.44 37.9013246162773
6.45 62.6256500144333
6.46 33.0282174731532
6.47 37.43417174779
6.48 46.7374653591451
6.49 37.3614646547396
6.5 27.9446557794985
6.51 50.5122317294747
6.52 36.9620306632716
6.53 31.5852733308695
6.54 36.7159828184399
6.55 38.0646184946354
6.56 47.0045564550556
6.57 26.086856105833
6.58 38.8486452919069
6.59 26.1657835593842
6.6 30.2373979830535
6.61 51.6755560932832
6.62 49.3062539355312
6.63 20.444565718445
6.64 34.998806861335
6.65 52.5963133936362
6.66 44.9394056347903
6.67 29.3438849328546
6.68 28.6319948437957
6.69 43.1422375067026
6.7 35.0034992726831
6.71 36.3078948324924
6.72 39.588305204356
6.73 38.7281841842877
6.74 54.2098454527444
6.75 46.6718891616975
6.76 32.5941095869601
6.77 34.8009495262667
6.78 39.3757578918533
6.79 30.8316019702358
6.8 29.1403658584616
6.81 36.8287349512642
6.82 46.0904454976607
6.83 37.6939696878175
6.84 52.3189218231004
6.85 53.597061767158
6.86 29.4242624201378
6.87 29.4026613985166
6.88 23.0838487052162
6.89 39.8748971735521
6.9 28.8114080077803
6.91 51.7406414147748
6.92 51.7109082653171
6.93 31.1469285047642
6.94 41.4480023202161
6.95 50.2200696247592
6.96 37.7523828978246
6.97 50.8991069084471
6.98 18.4424694491023
6.99 42.6166384115726
7 52.6672127226577
7.01 35.4802756562264
7.02 34.5779202055726
7.03 35.3540954503686
7.04 19.6909715935653
7.05 36.8200115864106
7.06 31.4339822431564
7.07 48.7055913535873
7.08 37.8843855062562
7.09 44.9960500333849
7.1 51.638138957105
7.11 32.6009689560465
7.12 42.8106407390862
7.13 40.3162940085721
7.14 44.2587518031888
7.15 30.1166832242416
7.16 52.8419490918432
7.17 40.6136894758968
7.18 50.3515944449394
7.19 22.8916642971122
7.2 52.4073498413162
7.21 44.7622112700779
7.22 56.217400171391
7.23 46.4950538922751
7.24 33.1967970177181
7.25 51.4367928746028
7.26 27.3180988147779
7.27 33.926514399537
7.28 25.9770469330402
7.29 35.1440532748511
7.3 50.2170214438245
7.31 44.8776624476508
7.32 32.5393789557394
7.33 31.1854437816235
7.34 43.5853904974851
7.35 52.9929443823921
7.36 33.4960617379832
7.37 49.0326023848646
7.38 35.5060537049382
7.39 40.7104464005031
7.4 46.1621810965627
7.41 56.8926787067986
7.42 51.1488955710146
7.43 37.719353900233
7.44 20.4750298583789
7.45 39.9200373909581
7.46 57.2649291214704
7.47 20.752702901039
7.48 32.4135404963936
7.49 40.3332019104534
7.5 67.0777893280767
7.51 42.4967345455754
7.52 44.1792025153267
7.53 51.3831924118136
7.54 58.9764773069934
7.55 34.0271286094126
7.56 13.8805336953024
7.57 26.1712659835081
7.58 31.2589003368929
7.59 63.2988751685425
7.6 36.6042361975224
7.61 39.1764659049735
7.62 60.9764716208455
7.63 34.1061341978014
7.64 38.0693495485733
7.65 34.7942663413739
7.66 49.0433174500732
7.67 55.4401439320803
7.68 43.5770132848686
7.69 54.7091455937873
7.7 43.3313126565107
7.71 48.1906136059759
7.72 64.0336929979201
7.73 52.9830888418471
7.74 43.4257386197841
7.75 39.3978743937527
7.76 51.2204996690334
7.77 48.957810051857
7.78 43.9514291814981
7.79 57.3870061829907
7.8 55.7007996768314
7.81 56.5905045252785
7.82 50.1228493294913
7.83 41.2486058975026
7.84 50.8912173282596
7.85 38.5046723994006
7.86 48.2205613878084
7.87 57.8162987225714
7.88 28.628859127576
7.89 52.9521865113868
7.9 38.7843966385365
7.91 33.0351905641825
7.92 45.8232072704921
7.93 27.9930978336845
7.94 23.7931734969234
7.95 39.0110910069253
7.96 40.0150477236364
7.97 35.823411395257
7.98 35.3243714941513
7.99 41.6314187652406
8 39.8555790411874
8.01 42.6330312098932
8.02 30.7577535766691
8.03 51.8944416605836
8.04 33.558751501306
8.05 49.3887349256708
8.06 37.2089599171941
8.07 54.5773242838252
8.08 49.4789686078556
8.09 35.9215303007679
8.1 42.3272481709342
8.11 58.075269843822
8.12 48.2677211457163
8.13 36.6398575791347
8.14 39.0948912644463
8.15 49.9047141548448
8.16 48.4610074739865
8.17 52.8445878085773
8.18 44.2188411901693
8.19 43.1073889948819
8.2 44.4981400791075
8.21 50.3231486798364
8.22 40.1828609764703
8.23 54.3450083855122
8.24 42.4155829762763
8.25 49.6329341222946
8.26 47.7989232557801
8.27 67.5624717812875
8.28 39.0065953790502
8.29 59.2221243120777
8.3 44.9005970106627
8.31 39.3875994620954
8.32 39.0891750626617
8.33 31.802338558143
8.34 47.5194030200037
8.35 42.5873013550204
8.36 11.8070907064933
8.37 56.637303472748
8.38 56.9316092257605
8.39 53.0241251961827
8.4 33.9545956433787
8.41 41.9236666745953
8.42 29.7399328779431
8.43 46.9153398069418
8.44 64.0965099440706
8.45 44.9640431054973
8.46 43.9548921629283
8.47 48.9331609284304
8.48 28.3850330853261
8.49 38.7002971814291
8.5 52.3035652147831
8.51 53.3379150577655
8.52 55.8345520523779
8.53 46.9296442779953
8.54 23.0008284676517
8.55 35.3277854753065
8.56 44.8504972943804
8.57 51.7953282452227
8.58 44.172528383309
8.59 64.1825394708384
8.6 48.5087283825818
8.61 49.3933471012054
8.62 60.5678692431143
8.63 56.9826028580308
8.64 43.1858113099701
8.65 39.1233869845317
8.66 60.111302267607
8.67 39.9667344223392
8.68 63.5714196244398
8.69 26.2611789135628
8.7 42.733342309397
8.71 49.0529732923025
8.72 44.3091376001851
8.73 61.0775573243548
8.74 60.6128778765257
8.75 49.389838069444
8.76 49.679689790169
8.77 65.2653889989483
8.78 42.4251437832638
8.79 46.9652002056708
8.8 44.8024793342843
8.81 47.2142635411431
8.82 55.0801018603517
8.83 40.1296534072754
8.84 56.5182028363776
8.85 47.7845934347261
8.86 32.339250556331
8.87 48.8402125830658
8.88 53.7750830356308
8.89 43.8908582518266
8.9 40.0024638614209
8.91 45.1492380850628
8.92 43.1415101002731
8.93 45.3108183202478
8.94 47.5318044109891
8.95 53.5200085320183
8.96 47.8124498340071
8.97 57.299984386654
8.98 40.2799250005626
8.99 44.8904963762881
9 61.3841368320234
9.01 54.858365839783
9.02 42.9455126469614
9.03 46.7885578369137
9.04 47.4216100356318
9.05 60.5571648804729
9.06 61.942037253323
9.07 52.4228615423554
9.08 37.880701070595
9.09 45.5462716563047
9.1 50.2872308369795
9.11 52.5927203174642
9.12 64.3116653611814
9.13 74.0091983498802
9.14 45.9110298646784
9.15 54.0527122761243
9.16 48.2015752918081
9.17 52.7426824055665
9.18 43.031301379534
9.19 56.4628977712456
9.2 52.6709808477693
9.21 66.9928528892096
9.22 53.7833529706677
9.23 55.6682950287851
9.24 48.1471846676912
9.25 55.2844341736441
9.26 46.2108476436461
9.27 44.2787862242143
9.28 42.1959671558762
9.29 54.3482460818873
9.3 57.7393050850817
9.31 49.8061344332816
9.32 29.7432146039057
9.33 46.2887099172909
9.34 58.0072493303227
9.35 48.0374620096993
9.36 53.5137832852449
9.37 53.1549518681344
9.38 58.5871722509575
9.39 64.3482997056527
9.4 71.0107182142141
9.41 61.7823242538099
9.42 73.2618982987307
9.43 44.408263528471
9.44 37.2662099012098
9.45 46.1495359925415
9.46 66.3279364606341
9.47 52.5387225363162
9.48 53.3163919533338
9.49 63.2009616224979
9.5 38.3198638250731
9.51 33.7257564910612
9.52 31.9218072278353
9.53 63.9322266879863
9.54 56.8067045180798
9.55 48.4159142294288
9.56 40.8237056976113
9.57 43.4804658598663
9.58 49.0573010728888
9.59 64.5946308946686
9.6 51.9533543115463
9.61 54.6332880609911
9.62 45.3669718064036
9.63 76.7914803926605
9.64 45.2708147967206
9.65 71.1524313585633
9.66 47.1094883831209
9.67 55.9352197586358
9.68 76.3933067003357
9.69 40.1393293076893
9.7 48.6240447184181
9.71 55.0192307651133
9.72 52.9363269824932
9.73 44.0145288306046
9.74 58.6854231836755
9.75 48.6889841279088
9.76 52.8266168129454
9.77 52.2861419927423
9.78 51.9476129685465
9.79 66.3841381570764
9.8 45.4091976031547
9.81 46.560922623035
9.82 39.46615759121
9.83 49.3634936431549
9.84 54.2680468381768
9.85 54.4349573834226
9.86 54.0837801141874
9.87 33.6676196598841
9.88 54.9580202570843
9.89 32.7162094954137
9.9 49.9318514457677
9.91 43.5062576085334
9.92 52.9072350851716
9.93 52.9687398322311
9.94 53.4590562933619
9.95 65.0246004341018
9.96 54.231855815827
9.97 61.8473396276086
9.98 49.4383808223031
9.99 69.15402614528
10 71.2420146593141
