0.01 3.30425547291962
0.02 -1.76093863331716
0.03 21.3530388469303
0.04 2.45735359982349
0.05 -1.8141409148968
0.06 11.8497722062625
0.07 24.788173775365
0.08 1.46922647534009
0.09 15.5397221702092
0.1 1.81772260618445
0.11 16.3707356008682
0.12 8.41227181564052
0.13 12.3887446499804
0.14 -5.44640091193555
0.15 -4.95458126569793
0.16 -7.36728711158482
0.17 8.4689461059543
0.18 7.60616032595188
0.19 6.89595549213179
0.2 12.6605430816181
0.21 18.8688868127708
0.22 14.9445907256212
0.23 -2.64543719237154
0.24 -0.988402656593422
0.25 1.34593206050664
0.26 4.87921919985352
0.27 7.1131425352517
0.28 -10.375133641085
0.29 10.3820105965942
0.3 9.06919234243523
0.31 14.4542495087335
0.32 7.21075366898809
0.33 -6.14649902055128
0.34 1.68535953164172
0.35 -6.3286113789891
0.36 2.82577775966002
0.37 -9.07540867032595
0.38 -1.58020716055129
0.39 -2.43030888773411
0.4 0.592420798026659
0.41 12.1412797751803
0.42 0.830584125867471
0.43 -16.281408055792
0.44 10.7781842025138
0.45 -16.4970545845485
0.46 -4.2983369543638
0.47 18.7717067324779
0.48 20.6550517744888
0.49 1.68118512503083
0.5 18.1294732648885
0.51 -0.274851437241067
0.52 22.4014550712185
0.53 5.28655749264756
0.54 -3.51512659544497
0.55 22.0787433218692
0.56 20.134713520653
0.57 11.6658616040926
0.58 17.9364438582843
0.59 16.9127715467388
0.6 0.248452779381328
0.61 18.9300251375089
0.62 -10.7772446455603
0.63 29.0726301821635
0.64 22.0849054584703
0.65 1.31586378216192
0.66 17.3322649943867
0.67 12.2771136256584
0.68 31.3308832015994
0.69 26.1214456161722
0.7 23.2827701089249
0.71 8.19573351136018
0.72 2.0461109129699
0.73 15.0323068184201
0.74 4.65426285417256
0.75 17.5435415586817
0.76 20.7533775460349
0.77 10.0337480741442
0.78 17.2289688841419
0.79 3.89002830459394
0.8 -3.67524212219589
0.81 23.5837459841421
0.82 37.6915065231635
0.83 9.70642510438288
0.84 20.6207893458399
0.85 14.3255662797367
0.86 5.43303881508054
0.87 22.9075498840979
0.88 16.6092726414747
0.89 20.3867637268856
0.9 -0.629161681675944
0.91 2.167730644393
0.92 9.66448743433338
0.93 12.7653414454758
0.94 -4.1009805725972
0.95 9.15819576358106
0.96 -0.572398123072292
0.97 28.1889908526478
0.98 15.3702665591438
0.99 5.55353320958201
1 26.7135525346119
1.01 21.0679253344631
1.02 9.87809039291366
1.03 11.5249144848894
1.04 4.52745089829359
1.05 13.6025491982604
1.06 11.6180793961688
1.07 3.65489877958132
1.08 -2.38481850315125
1.09 21.3613433478181
1.1 14.9978027566723
1.11 16.540066803775
1.12 18.7796758282161
1.13 19.4024347491375
1.14 3.48396442745206
1.15 -5.36976330513704
1.16 5.51413623429684
1.17 7.12080984415272
1.18 10.7055493066551
1.19 -3.18319400246104
1.2 17.6769610828107
1.21 17.5649804481415
1.22 6.81734275795541
1.23 3.19700343251842
1.24 5.82408624025246
1.25 0.0748438468788546
1.26 14.7793488996839
1.27 2.79198472808972
1.28 -0.921596628833056
1.29 -3.41460050478434
1.3 21.0531539265052
1.31 12.6266428494991
1.32 1.3701139102391
1.33 20.2920873193152
1.34 16.1251544358154
1.35 7.58176749191925
1.36 23.3288197895174
1.37 11.1051462265982
1.38 5.0635659652636
1.39 24.4128462436515
1.4 8.79008934506438
1.41 22.671502789494
1.42 32.7488500393139
1.43 0.0600062559493306
1.44 14.8221722380995
1.45 -0.357375523960252
1.46 25.438934858031
1.47 24.5455389425024
1.48 13.1098700020337
1.49 0.474805070220761
1.5 37.6540122395017
1.51 15.375638416266
1.52 7.71690755667527
1.53 11.1811025451808
1.54 -0.876755242750916
1.55 16.6352579056072
1.56 9.87890745813499
1.57 29.3082797658289
1.58 25.8482078636539
1.59 12.5740793470679
1.6 -4.7141873249176
1.61 24.582402161737
1.62 22.2578945083865
1.63 6.48665523833944
1.64 19.8768674673246
1.65 27.0246324111523
1.66 6.14371987658346
1.67 24.2523872633115
1.68 6.82060013570155
1.69 0.834648834493439
1.7 19.445006498161
1.71 4.65924842727226
1.72 31.0738451713473
1.73 2.15869305185163
1.74 19.0761778466974
1.75 7.49650377973797
1.76 -18.691361432991
1.77 3.62015323749429
1.78 10.6162989570864
1.79 27.3848213214702
1.8 -4.12033759313067
1.81 5.54687930876546
1.82 -0.127617839111105
1.83 13.0477722447465
1.84 5.5371092584398
1.85 16.0733653752378
1.86 24.3627793392983
1.87 7.23992682054877
1.88 18.8616894486251
1.89 7.00016683887815
1.9 11.7907368748153
1.91 28.2556455207584
1.92 14.8860802258041
1.93 22.42285206635
1.94 14.7353407306528
1.95 32.3144743749491
1.96 21.871883326393
1.97 18.5380111069565
1.98 7.08484397088917
1.99 18.1573954219885
2 25.4249358893285
2.01 11.5219023162383
2.02 15.0683025920342
2.03 -2.10119192029138
2.04 17.1262479036944
2.05 11.1104378734868
2.06 11.5531862316536
2.07 12.6605609631706
2.08 3.95650660238551
2.09 5.00971235924295
2.1 18.9852120076259
2.11 18.6864767161586
2.12 17.9148098225194
2.13 3.7339416978313
2.14 30.7833875542222
2.15 2.67311293807744
2.16 0.413700930384175
2.17 21.5568981377452
2.18 12.5048655531161
2.19 17.5749250530769
2.2 8.12300020266706
2.21 21.9899133906801
2.22 -5.38956927992975
2.23 8.89866483743985
2.24 -2.44015522048602
2.25 31.5974546275653
2.26 19.3790804665723
2.27 6.62245407657244
2.28 16.8837868905375
2.29 2.96718337087362
2.3 17.6494033806535
2.31 16.7288909383542
2.32 22.5743721206523
2.33 38.5511681557065
2.34 17.1559933863809
2.35 21.8474085064835
2.36 -1.66059552113836
2.37 22.4173551399612
2.38 18.2876540554652
2.39 3.60281696537086
2.4 22.8195555702067
2.41 26.7001938482153
2.42 3.20388433493384
2.43 2.42305940185602
2.44 5.11082383133107
2.45 27.4795348851605
2.46 15.4878677473902
2.47 6.59730336903581
2.48 -10.7327548888374
2.49 10.2730309880956
2.5 23.7245759052447
2.51 21.2649762901197
2.52 43.4675069039569
2.53 6.49482540779198
2.54 37.72500221852
2.55 25.6798997147686
2.56 5.96348186432929
2.57 15.180989503147
2.58 13.456970302336
2.59 -0.0415680339442019
2.6 13.8966195955998
2.61 0.173815614286713
2.62 33.8506710378291
2.63 26.4082371363155
2.64 5.32102716705471
2.65 27.3130041688484
2.66 14.71061369121
2.67 9.9537173751236
2.68 13.2056665844358
2.69 10.5985332567253
2.7 27.501383117713
2.71 23.7319715948746
2.72 32.1169213350177
2.73 41.9718500365779
2.74 24.8726524901685
2.75 15.7936703414742
2.76 15.5969542692469
2.77 37.6638184583899
2.78 26.580692317245
2.79 12.6334091177064
2.8 15.0090488942699
2.81 24.2166245280656
2.82 11.2751556684013
2.83 33.6527938386515
2.84 30.0651736262895
2.85 13.1334878095288
2.86 5.12244482321471
2.87 39.9077198090738
2.88 9.43441727803087
2.89 19.7958832733756
2.9 13.9824127595084
2.91 -2.44860835002657
2.92 2.13090516654263
2.93 15.712263763703
2.94 15.6345930319429
2.95 26.0788851948484
2.96 12.276440328495
2.97 19.9396120492052
2.98 9.74351010345964
2.99 21.4907517499714
3 28.3363521161499
3.01 28.3540715850322
3.02 21.6104696516915
3.03 8.40542306068775
3.04 9.17227429424913
3.05 13.9549699982528
3.06 28.2207123579482
3.07 24.1702177972469
3.08 -10.7568818197376
3.09 15.3368918817573
3.1 29.3947191720727
3.11 15.2922268150829
3.12 11.0663928906064
3.13 21.2086244155868
3.14 18.0023892503144
3.15 32.5916437283655
3.16 10.1304135279116
3.17 25.1534463641768
3.18 27.4125697536662
3.19 29.965717998047
3.2 20.2966818619785
3.21 37.1595960034601
3.22 24.615144344201
3.23 25.461561299909
3.24 19.6464055909557
3.25 37.264097481927
3.26 12.1422309433113
3.27 7.78441195133565
3.28 17.8437006498257
3.29 13.028172771145
3.3 8.12934807710568
3.31 42.3441928985836
3.32 44.3187591242453
3.33 22.0704895439554
3.34 34.2717123845849
3.35 29.2669749971063
3.36 38.0562245268672
3.37 15.1449048378891
3.38 29.8087527230426
3.39 31.7829320806963
3.4 20.9947095665141
3.41 17.6332398302027
3.42 28.3401955932615
3.43 25.7531521498048
3.44 25.0366898928042
3.45 24.3424778994429
3.46 29.5552022006567
3.47 20.873011826533
3.48 27.8699452008185
3.49 40.8594881653101
3.5 17.6219330107295
3.51 38.4312528708605
3.52 29.0979304955723
3.53 22.5422669504384
3.54 30.851850069358
3.55 36.1775167635853
3.56 25.6246104447294
3.57 13.3913751703614
3.58 18.0639289703015
3.59 16.1492649865505
3.6 26.5538630130536
3.61 23.0184965860947
3.62 30.074536584259
3.63 14.2058960016791
3.64 30.2486804459941
3.65 11.8955012615177
3.66 33.537678737236
3.67 29.3313234216646
3.68 20.1997934979488
3.69 1.51935578908304
3.7 16.278584464527
3.71 35.1107760873388
3.72 42.4819297203398
3.73 24.943239520305
3.74 30.7756470340177
3.75 23.1798056908749
3.76 30.265516916401
3.77 5.46949141465915
3.78 17.9442746096067
3.79 24.0887300497845
3.8 27.1536461323643
3.81 23.295093803307
3.82 22.5808377541619
3.83 8.69098972961253
3.84 42.1744194709129
3.85 14.8298016997321
3.86 31.0521532104411
3.87 8.39590453461054
3.88 11.2114729737146
3.89 16.7197279452919
3.9 33.8504169894228
3.91 30.038078996027
3.92 10.7241484416143
3.93 52.8798525726462
3.94 20.3832386508269
3.95 20.9422222909996
3.96 12.7971796303529
3.97 40.7877208571094
3.98 25.477479867686
3.99 22.6951898471765
4 19.8036905117439
4.01 26.3830525524847
4.02 28.8426705571374
4.03 27.8230481043543
4.04 19.013095396095
4.05 29.8311231183297
4.06 22.575104326335
4.07 17.3133340158653
4.08 22.1439871182131
4.09 41.8726216033344
4.1 13.8548269020004
4.11 26.7971200349487
4.12 34.7815502659927
4.13 37.8933750822315
4.14 38.2745750781712
4.15 46.3336064194094
4.16 27.2320905319665
4.17 31.276149550662
4.18 17.949597396173
4.19 8.89928830399167
4.2 24.0734756371563
4.21 43.0349829822553
4.22 41.8331401320129
4.23 29.1353775974988
4.24 25.2292793441714
4.25 62.075309655472
4.26 2.55285049975366
4.27 28.7940387902874
4.28 29.2681595603728
4.29 16.7727669019338
4.3 15.5565052107408
4.31 31.0210121212306
4.32 25.6534055401139
4.33 23.5120374435307
4.34 32.4271669139965
4.35 18.3698890110651
4.36 14.98632750486
4.37 36.1004042656268
4.38 24.8016268591031
4.39 27.2651652822097
4.4 37.5882737098115
4.41 32.0801528812355
4.42 20.7727858078721
4.43 21.622793979865
4.44 30.3911751549559
4.45 19.602950749426
4.46 29.4673624085913
4.47 19.6730029474909
4.48 19.7168848622692
4.49 27.0739180587145
4.5 40.1980839180005
4.51 41.7174884079556
4.52 34.0304857554364
4.53 28.954160495394
4.54 25.9770860921747
4.55 16.0774102622248
4.56 22.3480097277088
4.57 27.5637071608991
4.58 11.0290664308338
4.59 36.4924103255509
4.6 45.9488515460958
4.61 28.2047045841544
4.62 28.8102027873345
4.63 20.6510257431807
4.64 22.1934023279132
4.65 32.2069609655791
4.66 26.7606887284472
4.67 33.4017233115161
4.68 35.8797815847028
4.69 31.1269172795344
4.7 13.7588173931658
4.71 14.2822761253173
4.72 11.9482814279836
4.73 42.1057884242072
4.74 37.7964257442861
4.75 43.8360575558512
4.76 26.2141661396101
4.77 50.093785059808
4.78 26.4054386726788
4.79 19.8754812111734
4.8 31.4576303102658
4.81 22.1854065326667
4.82 46.9776971239754
4.83 35.8883501898572
4.84 26.7447927515587
4.85 28.1985888792229
4.86 30.279789127427
4.87 21.6004076252543
4.88 32.9009585503623
4.89 24.7753119501858
4.9 37.2758210627224
4.91 32.0489134063323
4.92 16.8746459863768
4.93 37.5717566279227
4.94 34.6975206578004
4.95 10.4450701752062
4.96 31.8435039690047
4.97 31.3725523100664
4.98 31.7486216546191
4.99 48.5150303790757
5 14.0339557440813
5.01 23.1774974987138
5.02 39.5711278715615
5.03 34.826043087593
5.04 30.5992448529949
5.05 29.3130134080272
5.06 31.2724348772652
5.07 17.0969869865422
5.08 16.4642734483323
5.09 8.87722561306615
5.1 25.0470945621318
5.11 31.7244209433418
5.12 10.3100541308445
5.13 25.6186785676642
5.14 34.2050769440817
5.15 50.018719491138
5.16 21.9298331804221
5.17 35.4758465058395
5.18 38.3078680873202
5.19 25.862776809525
5.2 36.2649439320551
5.21 26.2772904635158
5.22 36.2496370837514
5.23 23.0685047695178
5.24 19.8762113955081
5.25 40.0862233961558
5.26 22.8724155383181
5.27 38.4683750253107
5.28 49.8276285784289
5.29 33.9338221105379
5.3 2.39756222339226
5.31 46.3450095806967
5.32 17.4114317691624
5.33 15.2610998618801
5.34 36.7245882598369
5.35 38.5593014191514
5.36 19.1433450409298
5.37 29.8221498190426
5.38 18.1663557093406
5.39 9.61147552874031
5.4 26.4047235128701
5.41 32.774201671201
5.42 31.0195633006738
5.43 33.9944128740019
5.44 27.2874095383994
5.45 48.9931483120375
5.46 15.9910772155502
5.47 46.4665553306375
5.48 56.1260332266151
5.49 17.3798525460583
5.5 34.9423379742642
5.51 32.6882522405807
5.52 45.1755507875888
5.53 26.4888574746648
5.54 37.7527398729304
5.55 36.7741689316851
5.56 30.2907951016074
5.57 29.4986883545522
5.58 34.8612418520153
5.59 22.5735117838303
5.6 35.8686285416769
5.61 38.4854462452783
5.62 38.1287728568765
5.63 33.8807140534897
5.64 36.3037016349349
5.65 37.5143533553377
5.66 31.3810267463687
5.67 38.1141727276139
5.68 20.6691618811689
5.69 19.6610603399482
5.7 24.8998601131772
5.71 21.6746025941392
5.72 32.1375909616059
5.73 29.0852476189798
5.74 28.8178982263946
5.75 27.9846115562871
5.76 33.8812820817106
5.77 29.4342514155849
5.78 37.812437511005
5.79 39.3098026619341
5.8 35.397022684394
5.81 19.5106796936309
5.82 32.5891398031051
5.83 16.7905190488558
5.84 39.7012410107468
5.85 33.4909491445291
5.86 54.8295016634373
5.87 32.6885534384477
5.88 41.7189900482203
5.89 36.5366728585603
5.9 19.9493999922589
5.91 22.8164701684348
5.92 31.4603122381886
5.93 25.4380484890666
5.94 35.8007354603761
5.95 46.7144568280794
5.96 30.6397669219903
5.97 34.4484515059223
5.98 37.2496395709286
5.99 46.9720230640607
6 30.0993101257975
6.01 40.0575712313214
6.02 40.2097946211516
6.03 54.8663659611801
6.04 35.6980994321057
6.05 25.9109154495888
6.06 20.7867408953099
6.07 30.8031371589592
6.08 41.1918300387105
6.09 32.4416695281624
6.1 35.3002113734275
6.11 34.7521724691774
6.12 36.271465614085
6.13 48.9218012235432
6.14 42.7170465757898
6.15 39.0785546660905
6.16 50.4643800313316
6.17 26.1059254561868
6.18 43.684909699348
6.19 28.1868927565619
6.2 41.1306310880525
6.21 32.716218793798
6.22 30.950964024442
6.23 9.33558222566844
6.24 41.6445395332791
6.25 31.3021310193876
6.26 31.6076544026222
6.27 54.9281807487194
6.28 26.7448514650912
6.29 41.9360211411111
6.3 44.2370525158119
6.31 25.1637821639832
6.32 44.3400933125953
6.33 47.0420095928431
6.34 26.2703498139444
6.35 31.4393275246957
6.36 27.4549376033746
6.37 31.2892829777865
6.38 25.7975313372238
6.39 45.1747029662454
6.4 28.6248588420475
6.41 25.8910584124137
6.42 39.0852857420042
6.43 29.672576580582
6.44 33.3376068037275
6.45 61.9786184469881
6.46 32.0241288416342
6.47 30.0966938670175
6.48 25.7162191568376
6.49 31.2151490733745
6.5 54.0601967863228
6.51 32.4743855715156
6.52 36.6819889101289
6.53 45.4418175749396
6.54 50.7781688685849
6.55 57.4350549218218
6.56 35.8279897671306
6.57 43.9970345206943
6.58 51.7323489653294
6.59 44.0147605382141
6.6 27.4402598086718
6.61 39.4907128852461
6.62 37.6210281753991
6.63 41.090413420284
6.64 57.7627777275532
6.65 48.2791826912436
6.66 42.0478204354562
6.67 7.0160016569177
6.68 39.9127964556247
6.69 40.6732733830779
6.7 25.0239213937854
6.71 37.3039379126881
6.72 36.6234859166822
6.73 53.7971569820723
6.74 38.4556245974743
6.75 27.9096416112959
6.76 32.8491695287414
6.77 41.4441649481417
6.78 40.7841626028507
6.79 40.5593605737449
6.8 34.8336632738889
6.81 48.8148533484746
6.82 45.2524935859943
6.83 30.2987410046514
6.84 21.4494844641119
6.85 41.698445502975
6.86 32.9378536946072
6.87 26.9874837308321
6.88 53.0797174082474
6.89 36.1124697297619
6.9 48.3430830267232
6.91 49.3446874251725
6.92 32.5295027002445
6.93 57.740385678114
6.94 45.8418151338739
6.95 42.5743872948146
6.96 23.6659087355736
6.97 35.7548495782607
6.98 61.9552274981292
6.99 45.6188835846371
7 21.9036719916671
7.01 47.3081138250045
7.02 37.8805685098496
7.03 32.7555272412871
7.04 31.2530831102579
7.05 37.6974759625272
7.06 47.1492693913567
7.07 62.6273873736232
7.08 25.7551115873394
7.09 42.8738826127889
7.1 33.5234480854342
7.11 41.0690561306222
7.12 34.1930854357123
7.13 51.7296033813969
7.14 52.3239911815371
7.15 30.9333139266065
7.16 16.8166047194929
7.17 36.9545042207654
7.18 45.6430408405418
7.19 31.3675599838305
7.2 46.6005894045272
7.21 28.8814070644573
7.22 31.7179505273201
7.23 41.5485768358284
7.24 42.8564078314086
7.25 49.2666044826637
7.26 21.7888762168065
7.27 30.2214101446198
7.28 30.0906645078094
7.29 41.1536535128114
7.3 39.9441835663721
7.31 46.6863685888091
7.32 51.1258894865225
7.33 44.6388787050547
7.34 27.94263455031
7.35 41.6205336270262
7.36 37.4185628510089
7.37 63.8177461627224
7.38 38.5237073794712
7.39 48.4299198182608
7.4 42.9418244930006
7.41 42.7805691253004
7.42 33.3968645529744
7.43 42.0002167903135
7.44 55.4302215146879
7.45 34.5019495430797
7.46 49.7797396425617
7.47 50.7671724092222
7.48 43.343310030283
7.49 44.4364530864307
7.5 50.0264339921811
7.51 60.2693345150709
7.52 41.7791671969321
7.53 47.1857853350311
7.54 50.3330914822531
7.55 45.3174332457592
7.56 44.3665729867626
7.57 66.3334007992212
7.58 52.7829280983848
7.59 43.1663255105762
7.6 52.8105385992665
7.61 22.7502685878091
7.62 46.4816951090514
7.63 39.4210054623806
7.64 26.4932381148873
7.65 28.3194313064869
7.66 30.8808219201881
7.67 49.0218288121812
7.68 33.1625852143287
7.69 54.0281326417223
7.7 66.418376290442
7.71 43.7910798720075
7.72 36.5770392468324
7.73 45.9603419812951
7.74 40.9564131514111
7.75 65.66037522734
7.76 47.5021379388455
7.77 34.5624958091481
7.78 34.5349465944207
7.79 38.1809788615253
7.8 46.3153904572385
7.81 46.4324261482123
7.82 52.8301404157007
7.83 30.9247366324311
7.84 53.9095516239564
7.85 39.6483292504734
7.86 43.1873978438541
7.87 46.0385632658304
7.88 51.9976587479416
7.89 43.5329429263408
7.9 62.3171224693695
7.91 45.5650109528186
7.92 37.2478745085126
7.93 38.9412774592872
7.94 40.7873741646582
7.95 18.6926396530246
7.96 45.5273788660702
7.97 36.2779494643224
7.98 44.7688931200879
7.99 40.2129220769528
8 32.9153035638512
8.01 57.6899668245769
8.02 30.9125386344534
8.03 57.7714546559692
8.04 43.5817065883927
8.05 39.4762530756474
8.06 25.5298623079294
8.07 35.844820262699
8.08 41.9631884950702
8.09 35.0271838005139
8.1 64.1617762811136
8.11 38.5680903369459
8.12 34.8233739197878
8.13 39.6103114237424
8.14 44.4140489244505
8.15 52.8022903660269
8.16 39.5314593761735
8.17 40.3922627530558
8.18 41.114979999036
8.19 52.4861526394038
8.2 49.3843077845951
8.21 43.1055335756039
8.22 32.0475733201017
8.23 61.7672945133923
8.24 68.2526570279719
8.25 43.1704229521212
8.26 48.2518843758284
8.27 65.9742996322574
8.28 61.7580276930692
8.29 42.9332492582673
8.3 60.4741457639102
8.31 37.6889526661336
8.32 29.0486395616847
8.33 32.018517292933
8.34 46.7294306462512
8.35 38.2977643758976
8.36 44.3492873531956
8.37 41.9567458212877
8.38 61.445170656102
8.39 45.3399868370361
8.4 67.3063729457375
8.41 52.2515759523308
8.42 48.9818589793328
8.43 35.8095982367918
8.44 59.907107953222
8.45 35.8709823911783
8.46 60.0793396118217
8.47 36.9113637990817
8.48 74.6984218165841
8.49 62.0051425849277
8.5 40.8524092232766
8.51 40.8054797052743
8.52 38.8725876066049
8.53 50.6173870809301
8.54 42.4424723506402
8.55 41.4727246316588
8.56 38.6898758356684
8.57 39.461272659522
8.58 67.2549304976537
8.59 39.3072617497148
8.6 48.9779142263756
8.61 56.0052933697698
8.62 39.3220918796536
8.63 72.3351959830082
8.64 45.8399108672484
8.65 48.0228038350792
8.66 52.4332386002145
8.67 63.4477703104888
8.68 32.0186597176887
8.69 39.8997972610657
8.7 39.9435498427568
8.71 48.8415512764951
8.72 43.5593316062797
8.73 52.1176777665539
8.74 37.1805398477613
8.75 46.2704154520681
8.76 51.3585237961956
8.77 50.6167079837266
8.78 56.3668205605429
8.79 21.3150169154625
8.8 40.4532984964419
8.81 52.3563618985226
8.82 59.3414849716813
8.83 51.4045153418765
8.84 60.3172192391135
8.85 58.7614866406594
8.86 54.9347107293323
8.87 39.2100643305609
8.88 71.8961752743395
8.89 46.6835136694679
8.9 51.6474321031305
8.91 45.63643798731
8.92 69.2153110928969
8.93 42.7193148235753
8.94 60.5869482675617
8.95 48.5545994973897
8.96 52.6305131767708
8.97 64.5903957266968
8.98 49.978397764251
8.99 62.0160319316032
9 63.7765034580436
9.01 64.6750927559428
9.02 43.5045086427981
9.03 51.284300493453
9.04 64.2185209317041
9.05 44.4859994373603
9.06 54.8465713938023
9.07 47.0844071668774
9.08 61.634062893362
9.09 54.4981696170767
9.1 58.7233852673997
9.11 57.6990741239546
9.12 52.5367104037667
9.13 54.5798031949439
9.14 48.3726376784078
9.15 52.4131360534907
9.16 38.8701893541558
9.17 68.948677838977
9.18 60.4018508898979
9.19 70.2749574468834
9.2 41.2589932161456
9.21 54.8339652645173
9.22 44.253341728389
9.23 60.5054491572914
9.24 45.4659516391678
9.25 54.8669597525595
9.26 50.8966046961947
9.27 30.3477847910162
9.28 47.2007275204295
9.29 56.7598015604026
9.3 44.6654506393716
9.31 62.0072354257303
9.32 39.3229394999314
9.33 60.8720992707167
9.34 59.6569912997412
9.35 57.3596910522797
9.36 52.4432003041304
9.37 65.4511025718823
9.38 43.1578555469634
9.39 36.9849785009438
9.4 67.4537407726251
9.41 61.0474685142957
9.42 63.7520824389768
9.43 57.793754404929
9.44 61.0817605573122
9.45 30.8251612572265
9.46 42.9639990415165
9.47 42.9946881180245
9.48 49.2560114814707
9.49 45.0810334826653
9.5 59.3887359670878
9.51 53.5255051887983
9.52 32.823329792791
9.53 50.2677323026491
9.54 48.6530357239854
9.55 53.0335646681961
9.56 31.7769024862208
9.57 29.3196990960768
9.58 57.9393324077993
9.59 58.9806971839031
9.6 54.2959639097778
9.61 58.0924706525946
9.62 58.1432610227185
9.63 35.4733639449975
9.64 45.8906046120846
9.65 44.8399694171195
9.66 41.3590792478845
9.67 57.5988257337556
9.68 47.2417508910269
9.69 54.5103445824492
9.7 47.033860500226
9.71 50.0803776481902
9.72 61.3538456126894
9.73 66.8656143408493
9.74 53.6649006377503
9.75 53.5056195000855
9.76 40.5530399938849
9.77 54.7029470979797
9.78 54.7842347380608
9.79 52.1671113324288
9.8 56.5442517216548
9.81 51.725833701417
9.82 56.5531576529012
9.83 53.2756625917715
9.84 70.2134502866505
9.85 56.9440768424849
9.86 38.3005597119748
9.87 83.4092874425037
9.88 51.0836451953533
9.89 51.8947223106516
9.9 43.582020816355
9.91 45.9152554757585
9.92 44.1916550749617
9.93 50.1604965874895
9.94 67.0728329806922
9.95 50.0953506689056
9.96 44.8365955900431
9.97 50.1873376195328
9.98 50.1673429240474
9.99 43.9194848375266
10 37.4396272921965
