0.01 16.0689431594146
0.02 24.3860053923139
0.03 12.9566331493275
0.04 -1.42853472493827
0.05 4.62852353640697
0.06 20.3102934293665
0.07 13.2701744253965
0.08 12.9971951087845
0.09 23.5953670263757
0.1 0.637632058065924
0.11 5.32082121951365
0.12 13.2090492314972
0.13 7.05192651516784
0.14 0.685382476068894
0.15 8.56019693338788
0.16 0.0737747059302201
0.17 5.27540977088101
0.18 -12.1834061195166
0.19 -0.33275330788666
0.2 15.0676092785432
0.21 6.60636765537247
0.22 5.86323411562554
0.23 -1.6441954336748
0.24 -24.2872261315933
0.25 3.42392746726518
0.26 4.22163380394976
0.27 4.04811021020671
0.28 20.9110315312465
0.29 17.3253470980183
0.3 -2.27519389921576
0.31 15.9025817926761
0.32 26.0113744465893
0.33 15.2429748597754
0.34 17.3571638547183
0.35 38.5276915925921
0.36 5.47804631221716
0.37 17.8062746039413
0.38 -1.26445930049898
0.39 22.3449867291061
0.4 10.7832792897899
0.41 -14.5544410526186
0.42 8.45130637536627
0.43 -0.405937009881598
0.44 -7.57995066457686
0.45 3.96928658138586
0.46 17.289468212494
0.47 -4.64423384507005
0.48 -5.74413869764016
0.49 21.1418613219101
0.5 -0.637022554472973
0.51 9.11288419898579
0.52 -8.36893081298357
0.53 6.73871536374029
0.54 -2.39176145807706
0.55 7.3369183279204
0.56 9.91248991477644
0.57 14.2337958641138
0.58 13.4119154015694
0.59 20.6318928240942
0.6 3.92815237013314
0.61 24.1667815344267
0.62 3.68716869079502
0.63 3.6961833055182
0.64 8.80658375197308
0.65 -2.40423977558574
0.66 10.9293171832987
0.67 10.8891192448484
0.68 2.74468424980429
0.69 -5.62897357922791
0.7 13.0244497729865
0.71 9.82524408997369
0.72 37.3984476001696
0.73 -0.596813743620888
0.74 11.5550962893371
0.75 15.5668315336295
0.76 1.76388337821916
0.77 12.1906406776318
0.78 -3.70409985502762
0.79 12.0158549177944
0.8 15.148788562252
0.81 6.7737270068554
0.82 19.6390863304338
0.83 1.00956530618718
0.84 8.78225861423715
0.85 -5.49517993662466
0.86 7.34842978165348
0.87 3.56033024029453
0.88 -6.73590060431478
0.89 0.16295890983846
0.9 9.05366449078792
0.91 14.8392238017243
0.92 26.7114390000849
0.93 18.0649987398045
0.94 15.3969347301659
0.95 20.6550532147894
0.96 6.87253239371464
0.97 -6.36806485224777
0.98 29.162787928743
0.99 9.82470229431465
1 -2.48721866906518
1.01 10.9287833695229
1.02 5.98303703429818
1.03 10.5816819225088
1.04 14.2012011641472
1.05 15.3197918186261
1.06 -11.9275852690862
1.07 3.52369442649328
1.08 4.48696905938189
1.09 15.2040603723552
1.1 19.5819972008817
1.11 -9.22827653575633
1.12 -1.85610488242624
1.13 9.02468151700325
1.14 15.4210931719321
1.15 6.82776503138162
1.16 15.042768191385
1.17 6.86455578319603
1.18 25.022399401326
1.19 21.4791669265619
1.2 5.92776467285269
1.21 24.6864171207246
1.22 21.8100268157879
1.23 28.5526410711399
1.24 12.1542928215616
1.25 17.3065646089198
1.26 5.44989724782266
1.27 5.60090950866438
1.28 3.91493898752988
1.29 26.8098735801405
1.3 36.312519076931
1.31 9.44358542588185
1.32 7.16234494245004
1.33 21.0790209733439
1.34 18.7187046725985
1.35 21.9664849963226
1.36 7.55325008124601
1.37 18.8740777559238
1.38 7.74768298822596
1.39 22.5312013538915
1.4 22.3965588724878
1.41 11.2188216864985
1.42 4.93075793802717
1.43 -6.81795113655504
1.44 22.5125916088254
1.45 10.0795433129351
1.46 24.2419487115508
1.47 12.2459970964644
1.48 1.80413253933044
1.49 20.4331709326547
1.5 3.26408308456295
1.51 6.62977847801285
1.52 17.1292131056009
1.53 16.4409702689679
1.54 34.5958707559563
1.55 11.9121681060918
1.56 11.5075023300011
1.57 20.5400603834873
1.58 6.75904303652239
1.59 1.63601425237003
1.6 22.4479863124084
1.61 24.4384080027217
1.62 6.92257929684834
1.63 13.0670597665915
1.64 2.163298786727
1.65 6.03472390441168
1.66 4.20498365177444
1.67 9.87532361925373
1.68 13.0973631027807
1.69 3.47619420299332
1.7 8.99067240598637
1.71 11.9135199049647
1.72 16.7258262879521
1.73 23.4120359245746
1.74 24.9750270767263
1.75 4.28567565196885
1.76 -3.51703353140991
1.77 30.2343434509749
1.78 27.9314527010003
1.79 22.3479377228982
1.8 0.933921313614849
1.81 29.57236720287
1.82 24.5452307264833
1.83 9.77575318658444
1.84 32.5308851510499
1.85 12.2083857226494
1.86 2.38589536362843
1.87 26.4398307704896
1.88 22.9756011729118
1.89 10.1406098097394
1.9 33.2678056673335
1.91 -2.54253240228137
1.92 2.42474084688267
1.93 20.9440464255325
1.94 4.27602454092017
1.95 -4.74495516530574
1.96 31.9195230382649
1.97 11.2719214353241
1.98 3.54599401972518
1.99 8.49459346570345
2 18.7746963515997
2.01 15.1705227736683
2.02 -1.25952106215031
2.03 0.632940695412762
2.04 32.4140245602938
2.05 22.8753443100721
2.06 40.3281686135563
2.07 26.0686436201783
2.08 29.5881554087434
2.09 13.4799648994452
2.1 19.0382190586835
2.11 16.7942518657859
2.12 29.3592380637633
2.13 24.7177587781748
2.14 8.98153468769429
2.15 30.2264013066748
2.16 30.8174458872819
2.17 16.6515124741604
2.18 20.4915896659484
2.19 21.6354903480592
2.2 25.0632387297828
2.21 16.4054967241447
2.22 9.08582518799946
2.23 34.7647425756559
2.24 16.2897212152667
2.25 21.4690812548783
2.26 12.3300316822195
2.27 14.240196474429
2.28 27.785131628652
2.29 19.9611002152927
2.3 16.1726751972966
2.31 31.7060711077548
2.32 2.8169517384541
2.33 32.6154685695873
2.34 7.29782614645931
2.35 13.8196718281164
2.36 -5.25974411311378
2.37 32.0305271659545
2.38 10.1409466061494
2.39 7.25008875614204
2.4 27.0278849205687
2.41 9.35534208582595
2.42 5.12212288126068
2.43 -11.5001705848368
2.44 14.485830931851
2.45 13.6904113278048
2.46 4.83168571590338
2.47 25.9447167224483
2.48 13.255291942293
2.49 23.8397376598472
2.5 31.4876029030418
2.51 27.2972394663783
2.52 27.7386736523365
2.53 13.677765735925
2.54 24.7661462080492
2.55 25.8404126965414
2.56 11.1830589317454
2.57 34.2177074634779
2.58 27.5319442752944
2.59 17.9595201274195
2.6 22.6141685773262
2.61 26.204210871058
2.62 12.5225879227672
2.63 22.6009680334731
2.64 14.7924160329679
2.65 19.6918044104069
2.66 12.1609194189823
2.67 19.2998964304245
2.68 32.7804891213036
2.69 19.7804361894618
2.7 11.7318129051279
2.71 37.6966886655222
2.72 12.9051614026847
2.73 22.1202545107079
2.74 14.9552401560303
2.75 17.3919308900764
2.76 18.2770632776892
2.77 21.3456645032234
2.78 23.4837028258294
2.79 33.8417761893305
2.8 -5.14654554023935
2.81 11.2894327180062
2.82 26.1859831412054
2.83 15.2423455267825
2.84 27.4127272727865
2.85 15.4496062704046
2.86 21.416967521677
2.87 27.5659011751384
2.88 31.349729320254
2.89 30.7746491642668
2.9 23.1838427184219
2.91 19.9147602614246
2.92 11.7544929660135
2.93 34.7205410454559
2.94 29.1164051022232
2.95 25.4064055280709
2.96 16.6876432690465
2.97 25.7620571955086
2.98 13.1392734312557
2.99 33.1110384495188
3 2.71779938447077
3.01 38.8036684036007
3.02 7.35061188393196
3.03 16.8247273169994
3.04 25.4696763278162
3.05 26.184735260609
3.06 27.0134237442122
3.07 8.20670772649877
3.08 36.6891682157321
3.09 -4.89372899966656
3.1 39.5836755273609
3.11 39.5397488045599
3.12 28.736663244292
3.13 14.2515754715653
3.14 15.5190527499942
3.15 5.97270541675261
3.16 23.4079005598603
3.17 17.1470072506236
3.18 25.1404562546194
3.19 33.9277876987455
3.2 13.1337561421524
3.21 21.3540833673821
3.22 25.4116028912412
3.23 27.1250090111768
3.24 19.4163515191295
3.25 9.47893452915489
3.26 24.8977354167197
3.27 27.6707210087072
3.28 25.5267426435347
3.29 15.7065716246813
3.3 29.9566121851216
3.31 17.1673884654186
3.32 3.3273734047597
3.33 -0.473492272105972
3.34 16.0748557908548
3.35 34.8559119551816
3.36 24.0818782570784
3.37 18.5569149202043
3.38 23.6620315375996
3.39 10.6276328575057
3.4 7.6594657905721
3.41 12.9910872609049
3.42 36.9192969751373
3.43 15.0434444103114
3.44 30.2767212919667
3.45 26.903817550426
3.46 27.8066251694023
3.47 20.189630952052
3.48 35.3607886775121
3.49 26.0942410807162
3.5 20.154406501046
3.51 28.6593511735401
3.52 19.9760038189709
3.53 20.4867935491917
3.54 24.3918196276975
3.55 21.8969622701624
3.56 28.9374910031935
3.57 20.4339516582795
3.58 9.44770757145849
3.59 12.8010906430555
3.6 8.01142943865576
3.61 19.3494017424055
3.62 11.942502509838
3.63 35.7802659384387
3.64 14.4562469450974
3.65 39.343288956386
3.66 26.222400490416
3.67 15.5613961550498
3.68 22.604535147091
3.69 11.5709253431107
3.7 30.3914394505635
3.71 35.3907765985244
3.72 23.9535759302269
3.73 17.5018643021321
3.74 7.91745258764453
3.75 22.8351190537461
3.76 45.6426776462361
3.77 25.7826779301952
3.78 27.3545429523595
3.79 15.3522863074439
3.8 27.051533447489
3.81 30.4012022410028
3.82 15.6516650360931
3.83 23.1776046864448
3.84 17.0203944676083
3.85 13.2590257793837
3.86 29.0753586022704
3.87 16.8259795302526
3.88 29.9787150847812
3.89 34.6860607664249
3.9 11.6377186997912
3.91 27.3703588423489
3.92 43.1461522027429
3.93 7.84638775047139
3.94 31.6665667216991
3.95 25.2883328506552
3.96 12.2842502098767
3.97 33.4446106044797
3.98 33.1599843709077
3.99 21.6161594898314
4 14.1616807684686
4.01 35.7249937251931
4.02 20.7090528813888
4.03 25.3773829407486
4.04 32.1395335671167
4.05 20.8341819460679
4.06 18.6413261400087
4.07 43.1202273504714
4.08 34.383188561693
4.09 39.9465181880945
4.1 33.611295479628
4.11 27.5638921745811
4.12 8.33876577859755
4.13 27.3861516185403
4.14 21.3702597967593
4.15 28.9333333538765
4.16 43.5747780893676
4.17 41.2475872721724
4.18 10.6970102617905
4.19 42.1428729355829
4.2 5.50655625055693
4.21 18.8049970949091
4.22 22.4691547048469
4.23 37.5824294578307
4.24 21.8965780655268
4.25 26.204374126695
4.26 28.5600302199957
4.27 40.9601503358179
4.28 11.6737121165868
4.29 24.8766961731689
4.3 41.4597724129753
4.31 28.604462573157
4.32 34.4883638386202
4.33 -0.76476353933035
4.34 3.33749510485617
4.35 25.6271882641215
4.36 11.3223750540986
4.37 13.8353818734993
4.38 37.8078616581506
4.39 19.0368953436686
4.4 7.74655370988747
4.41 10.6446262691499
4.42 38.4831965620442
4.43 27.1593272479089
4.44 32.3532981376093
4.45 16.0098295666047
4.46 26.823664698772
4.47 26.5265207851399
4.48 31.1186380601328
4.49 18.8221441174221
4.5 45.0154173799511
4.51 23.060764472885
4.52 33.6341544187617
4.53 29.3285512740214
4.54 17.0004306810279
4.55 33.5176912203405
4.56 21.1762164253438
4.57 9.18208886690247
4.58 40.8411883742643
4.59 32.6918430041232
4.6 33.3572287547682
4.61 24.5568219713767
4.62 32.7025829991235
4.63 37.5847370397411
4.64 40.3892882922875
4.65 27.099486258665
4.66 21.3425352751955
4.67 24.290720276229
4.68 19.8080945212169
4.69 36.1110504623852
4.7 29.7454878780932
4.71 25.9263497020898
4.72 9.43157939110495
4.73 33.8749300882934
4.74 33.0343155984345
4.75 28.8066295196838
4.76 17.3568326811456
4.77 24.489195308872
4.78 37.2839101547818
4.79 33.6005025708677
4.8 24.5196763820073
4.81 15.7577394160994
4.82 32.1888513151075
4.83 33.1851894914008
4.84 31.5588821419046
4.85 15.9507117429689
4.86 21.6355422472314
4.87 20.0619004255294
4.88 16.4934869390685
4.89 27.753412206125
4.9 33.1895393712145
4.91 9.18945441649266
4.92 21.0077768693956
4.93 25.7925706877267
4.94 31.013696016799
4.95 22.9763379868441
4.96 29.7635025731668
4.97 30.0373084802043
4.98 40.932631203638
4.99 24.619263355342
5 30.2103694579073
5.01 42.4263158543431
5.02 27.6757923354039
5.03 17.5939126745941
5.04 31.530907644375
5.05 32.1920320776721
5.06 8.13654391696726
5.07 9.59826886138712
5.08 30.9143103354221
5.09 25.4128914374975
5.1 35.4208729469396
5.11 31.4603663741694
5.12 27.7813552912143
5.13 4.35574516909496
5.14 31.6904648745536
5.15 18.7803621228068
5.16 43.9471774946291
5.17 24.7074358170055
5.18 18.9028249770243
5.19 25.0133189324954
5.2 27.8309843682812
5.21 29.3999778357668
5.22 31.2902742005597
5.23 44.6277480296638
5.24 9.74000854870674
5.25 25.4166557973538
5.26 34.6570855045766
5.27 40.6942855813228
5.28 42.4320351415088
5.29 29.6051396676228
5.3 53.7580213912458
5.31 29.9369621403972
5.32 20.9539514344687
5.33 25.8528079705832
5.34 24.2500383803429
5.35 30.7517806944925
5.36 25.481391875122
5.37 39.2639462008832
5.38 28.227760607605
5.39 41.0274408931749
5.4 43.2897201086049
5.41 20.4640073364077
5.42 7.85154158119097
5.43 50.6905031354959
5.44 27.726851402518
5.45 21.0178945476431
5.46 56.0349939323989
5.47 41.9288593536183
5.48 38.8379497058325
5.49 17.1524407804393
5.5 47.0545653696589
5.51 45.0709205882349
5.52 25.3098715370308
5.53 35.9127918119535
5.54 24.8252354746955
5.55 38.2420921764602
5.56 50.8748985787588
5.57 13.8913783059467
5.58 16.6662394207826
5.59 28.123999141483
5.6 27.6928133804608
5.61 39.7123066167644
5.62 40.7102476483175
5.63 22.9345480378217
5.64 32.2484075857095
5.65 13.6131230555922
5.66 29.8146452211318
5.67 35.5886146443393
5.68 39.7243973814585
5.69 24.6147077110706
5.7 43.8944790749085
5.71 17.7231359200201
5.72 49.1276878560428
5.73 15.2212036134652
5.74 38.322242291115
5.75 33.9052220946208
5.76 37.2550467273974
5.77 41.9206502969535
5.78 16.1600520719713
5.79 32.7247098756975
5.8 49.6119999339207
5.81 24.4017845776383
5.82 52.3467252794523
5.83 44.1803278655898
5.84 26.4238927749738
5.85 41.0723095781523
5.86 45.929330160972
5.87 28.6413282574981
5.88 52.7107896313687
5.89 40.3167876318704
5.9 30.9670733273895
5.91 39.0730270357582
5.92 25.3491244076019
5.93 31.1096738197404
5.94 43.1512999424956
5.95 21.1581576361513
5.96 57.1613600750959
5.97 47.5940698607518
5.98 37.5454157955744
5.99 28.1242500010273
6 19.2831574224025
6.01 39.6353453242347
6.02 22.2845675198143
6.03 46.2952238464274
6.04 37.8515832831218
6.05 41.1371142689389
6.06 34.7143848038378
6.07 20.1372396628024
6.08 26.0758642408884
6.09 40.5234027718655
6.1 37.6858320670386
6.11 41.6202671780545
6.12 48.1366252550422
6.13 34.2364129173192
6.14 31.8621369143699
6.15 20.8498665276698
6.16 49.4098525602974
6.17 26.2466393778416
6.18 47.058521498935
6.19 24.8353633792185
6.2 40.4407399255178
6.21 43.8980337188904
6.22 18.7158469549789
6.23 38.4705507867023
6.24 45.868861335466
6.25 31.8480697661044
6.26 33.2339267922402
6.27 18.5106225446391
6.28 50.3896228996471
6.29 38.6460680524999
6.3 34.6196973471503
6.31 38.0545453936926
6.32 27.589304256034
6.33 56.5107795808711
6.34 32.1343023476742
6.35 40.6249973826738
6.36 44.2487775987372
6.37 35.8231093008215
6.38 24.5654915785718
6.39 49.606661472012
6.4 17.4039084377269
6.41 27.9655865438881
6.42 33.3800217171322
6.43 36.3768768141921
6.44 30.9782072188324
6.45 28.1506949328535
6.46 47.3417219309793
6.47 31.7022702735103
6.48 50.6020365199142
6.49 33.4092402809486
6.5 33.0161845521201
6.51 24.2881340425169
6.52 40.2676696460994
6.53 27.7272906105067
6.54 32.6222007285413
6.55 23.5532613210645
6.56 49.1364069530095
6.57 60.2146719587774
6.58 21.5016780040436
6.59 45.0623810676258
6.6 33.2853466340136
6.61 36.1736464903991
6.62 18.3112337255232
6.63 41.4517002102939
6.64 24.5211936516014
6.65 39.4446615038287
6.66 59.693878743165
6.67 30.9684177123276
6.68 17.8663944880636
6.69 40.7976033249142
6.7 29.1151844066566
6.71 27.8810970262715
6.72 40.6034098955607
6.73 47.8582246036388
6.74 32.4257466473111
6.75 17.2757795056025
6.76 27.8924832529119
6.77 33.3078302258262
6.78 45.257734634641
6.79 54.6730240237465
6.8 37.11091817364
6.81 36.4195346672897
6.82 32.1001688174237
6.83 42.4259555554591
6.84 46.670167057316
6.85 42.8551879509514
6.86 23.879827452388
6.87 46.8724911611375
6.88 34.5889763532105
6.89 30.2769483201167
6.9 22.5068456451756
6.91 29.5144342242242
6.92 33.9445114175149
6.93 39.5345021463908
6.94 57.088054633598
6.95 20.6733433368169
6.96 32.3174306339835
6.97 39.713210505349
6.98 38.7553908053362
6.99 43.361501586931
7 39.9321223664
7.01 51.5381147855212
7.02 45.334483830616
7.03 41.6680420182062
7.04 22.3404100418178
7.05 42.0815246122261
7.06 19.9517287955478
7.07 44.0335712284148
7.08 40.5175140713517
7.09 52.9048819457938
7.1 31.3387917378082
7.11 40.6089812468015
7.12 52.2807024234786
7.13 36.576290129709
7.14 37.680902466111
7.15 31.9346024998106
7.16 39.6951988535994
7.17 45.4872611063015
7.18 23.8186466106886
7.19 35.7798721580661
7.2 34.9407888298055
7.21 40.0487739973061
7.22 22.8254228212399
7.23 43.9891021628758
7.24 51.4242490272849
7.25 44.6708811478763
7.26 35.2546029344146
7.27 20.7214749806706
7.28 42.8506453405198
7.29 41.2989423405213
7.3 54.7587904722093
7.31 32.3832286262911
7.32 32.3618531749813
7.33 40.3667160680275
7.34 31.8438742390823
7.35 22.4884447522286
7.36 35.3207163040709
7.37 51.5073143773882
7.38 53.979303448237
7.39 33.0076971212082
7.4 26.3748458103737
7.41 49.6606224946637
7.42 39.969193487883
7.43 56.4525597255851
7.44 36.4115685526136
7.45 32.6127600793048
7.46 55.6120548641787
7.47 61.5037153877362
7.48 42.9751307099848
7.49 45.3498188439959
7.5 36.9188606429201
7.51 21.1361176088321
7.52 43.6105509495458
7.53 37.4023287555176
7.54 41.0853474078995
7.55 36.2884711573743
7.56 33.6259344138024
7.57 42.698787592837
7.58 37.5763905478679
7.59 76.6383092704452
7.6 56.8943451945416
7.61 42.1953262387247
7.62 29.0966139303799
7.63 42.2046573909009
7.64 38.3943212216358
7.65 48.8967909032002
7.66 52.7134624161265
7.67 33.3093076622166
7.68 24.6519266899434
7.69 48.8774184379739
7.7 56.0762509078404
7.71 38.3477560064635
7.72 48.8156103412731
7.73 26.0397630604711
7.74 41.0995321532647
7.75 59.8067772971855
7.76 42.4763293227263
7.77 49.3645014601317
7.78 47.7721218982486
7.79 27.394706526463
7.8 57.9593182514417
7.81 47.5083588968951
7.82 29.4333400890166
7.83 49.9057319995725
7.84 40.436750285479
7.85 47.9824986891842
7.86 43.3781318324015
7.87 44.0634729484569
7.88 36.5328176528923
7.89 58.9064083769643
7.9 47.1406562226282
7.91 25.566556775564
7.92 52.3909400125412
7.93 41.8747463430004
7.94 48.0185402677149
7.95 34.6154986150368
7.96 50.3292685483662
7.97 61.9362080052957
7.98 33.1061137888181
7.99 48.5042993877353
8 38.3600303186657
8.01 64.9905787465429
8.02 32.6211184534463
8.03 50.879342135808
8.04 45.876489202689
8.05 32.0368141449302
8.06 50.4429488996378
8.07 38.8024086722147
8.08 54.4542568569343
8.09 44.0306732485029
8.1 65.5546334254545
8.11 42.4785094246233
8.12 43.0920974715075
8.13 30.3522522513368
8.14 46.5492558402771
8.15 60.3458800949917
8.16 38.059605795487
8.17 42.8828530491054
8.18 57.7599959805603
8.19 40.4295318769329
8.2 40.1958316184022
8.21 31.9236630649961
8.22 51.4116871338044
8.23 43.0948573313281
8.24 63.2990734849681
8.25 30.8544390987178
8.26 42.3794909988427
8.27 45.0101105226379
8.28 44.238033509036
8.29 43.9266240182954
8.3 45.0019581495519
8.31 52.716537007383
8.32 40.7178912302073
8.33 36.2111958967257
8.34 41.0432098831105
8.35 55.1788101764182
8.36 51.6407883551793
8.37 52.6356816255132
8.38 57.942748123723
8.39 36.1595345901979
8.4 49.5705514448476
8.41 61.5660308440816
8.42 70.4428197483523
8.43 48.0265381165184
8.44 49.8837825804789
8.45 71.1768989391117
8.46 32.2515369191061
8.47 60.1656826386041
8.48 17.8623498785261
8.49 31.770586938028
8.5 46.1863701597252
8.51 44.191602118682
8.52 52.9560868246027
8.53 25.0196718133288
8.54 43.0714701139227
8.55 33.1935132135967
8.56 43.895173072746
8.57 48.7781286612503
8.58 59.3896281857233
8.59 36.3718358024544
8.6 46.4394356401572
8.61 33.8200725425945
8.62 48.5060629170678
8.63 50.0761762812008
8.64 33.4062065148018
8.65 34.7324397745274
8.66 43.4897753222922
8.67 36.9901866859697
8.68 37.2226456723062
8.69 61.1968720332044
8.7 48.5173282035011
8.71 44.8358785370397
8.72 56.6158072123272
8.73 49.6771938774444
8.74 46.4477676730478
8.75 58.4028814626392
8.76 54.6401629670937
8.77 53.077996964769
8.78 47.2923065586185
8.79 43.2082163016889
8.8 46.4653510277189
8.81 43.6999247140026
8.82 26.2164820563151
8.83 60.6903762488484
8.84 46.1055714682253
8.85 63.3222794139753
8.86 41.101183039373
8.87 46.5642408499678
8.88 69.9036011477459
8.89 62.1925945244088
8.9 64.4268550385538
8.91 48.7354525158322
8.92 36.0705638834854
8.93 60.1360259703226
8.94 40.9571736606077
8.95 40.7858304689088
8.96 55.1926966870178
8.97 50.9083805507066
8.98 67.1423126606445
8.99 74.9192569126162
9 53.4607396832273
9.01 44.3792424741208
9.02 47.5751786112416
9.03 44.9028280062039
9.04 52.0542499693592
9.05 41.6170091243504
9.06 64.5903591158884
9.07 51.2984090134411
9.08 48.8369112726125
9.09 49.2727018533693
9.1 45.4953626727532
9.11 64.6314303956407
9.12 70.0592198763133
9.13 71.6167619377562
9.14 69.45798202026
9.15 29.6798359695397
9.16 59.8413950187362
9.17 18.8476744892539
9.18 36.3105598809572
9.19 61.3791587853827
9.2 41.4656680030061
9.21 44.277039535342
9.22 52.3197392163686
9.23 34.1439038341164
9.24 47.8576514941562
9.25 58.1432750962035
9.26 63.2186321700819
9.27 55.4798618977756
9.28 50.2726126662843
9.29 53.6047145423318
9.3 49.181577324703
9.31 53.81062745936
9.32 60.2809413763703
9.33 49.1668200713755
9.34 66.9974586957347
9.35 56.9730421182341
9.36 44.1699096677029
9.37 44.1666341561856
9.38 63.8347703856702
9.39 33.0918682323311
9.4 37.3302058535744
9.41 66.0209871903917
9.42 47.0898228525828
9.43 37.0860453940238
9.44 41.8003087139843
9.45 53.8379877227022
9.46 34.9675667471438
9.47 39.5053960043338
9.48 46.6928759797859
9.49 42.7498646584134
9.5 43.7771808563615
9.51 45.99354152782
9.52 42.6991581450072
9.53 30.6004227211942
9.54 47.7472148112052
9.55 64.6323937218953
9.56 74.5942019987504
9.57 42.2887652767776
9.58 52.9650943361793
9.59 50.356699258165
9.6 75.633294264883
9.61 80.5820448273823
9.62 56.9881997076335
9.63 51.6816624324648
9.64 51.8775011310029
9.65 49.5427612003269
9.66 32.1437572418704
9.67 65.7045374291385
9.68 51.454376553537
9.69 50.0149210517967
9.7 55.2300122609872
9.71 39.1363726154162
9.72 46.7002228550609
9.73 49.7192070980143
9.74 44.8239625338017
9.75 50.3869619932297
9.76 35.7683574181782
9.77 65.0821262104389
9.78 53.2003659252669
9.79 70.5834448533501
9.8 46.4738308979327
9.81 58.7359396023539
9.82 57.721858816542
9.83 43.9556881374225
9.84 57.2817998701395
9.85 67.2372899972295
9.86 45.9219792002261
9.87 49.848583860551
9.88 55.4199719505121
9.89 45.2830729055064
9.9 71.6171604409844
9.91 42.236268645527
9.92 61.6289871063245
9.93 62.4314678852447
9.94 54.0986626289489
9.95 62.2179291402469
9.96 56.959260231736
9.97 46.6710299487646
9.98 54.4127462935443
9.99 46.4495535774171
10 62.5574876279895
