0.01 1.07878352469493
0.02 2.70248269540793
0.03 26.6285612147903
0.04 3.01854174679671
0.05 20.7629985428593
0.06 9.94501149929679
0.07 -0.955807076075878
0.08 1.49768297320866
0.09 -7.08879085582243
0.1 -6.96360163924705
0.11 -10.661721088752
0.12 -2.991294098399
0.13 -1.78643072331741
0.14 1.81196830911217
0.15 11.0783155024796
0.16 4.88049847210858
0.17 -2.02640362296392
0.18 -1.63605545032666
0.19 9.4502448273727
0.2 15.5596325209734
0.21 7.60829381480668
0.22 10.0505901293195
0.23 -2.70269799975162
0.24 6.12440935872231
0.25 6.84094310031681
0.26 -3.37728022279699
0.27 3.3259436988635
0.28 3.53371444631885
0.29 4.682657455387
0.3 4.91329656620906
0.31 -0.38681245391906
0.32 8.17591093831225
0.33 -3.15319635845649
0.34 14.7255482231039
0.35 10.3194668229429
0.36 6.16394755318373
0.37 7.69782726863932
0.38 24.5894219298829
0.39 2.58392703276642
0.4 10.7138958237035
0.41 5.97061592979904
0.42 10.8534029767951
0.43 -4.58826196447827
0.44 4.85205746984512
0.45 4.33282204749945
0.46 -10.3892800003593
0.47 1.46768634428212
0.48 14.7824627128559
0.49 1.42127179650123
0.5 6.48284386674566
0.51 7.66450296135735
0.52 -5.80009255149616
0.53 1.58755037276451
0.54 -10.467670737414
0.55 13.789735918953
0.56 11.7456585852856
0.57 30.9335792234369
0.58 12.77536526772
0.59 28.2951916333188
0.6 -1.95802561164057
0.61 13.4912505668764
0.62 7.86180230319651
0.63 3.95855224062141
0.64 10.6044328137758
0.65 20.7180851584259
0.66 11.1089516731222
0.67 26.8609087879066
0.68 10.263015233
0.69 -4.44600460227369
0.7 1.03870384981673
0.71 4.1257998902921
0.72 -3.09938591584153
0.73 4.06877852984868
0.74 10.5538174229836
0.75 13.3090733177346
0.76 13.8408430961427
0.77 9.51044003291643
0.78 5.19013274137477
0.79 12.8816363497755
0.8 16.81329082799
0.81 18.2223680716841
0.82 1.2187007975446
0.83 5.88139333095912
0.84 0.517099138485568
0.85 21.5871587121307
0.86 -0.190306100853421
0.87 -3.73400739609297
0.88 -2.72585499498579
0.89 16.8877151465497
0.9 1.25177776749968
0.91 21.002638865561
0.92 21.9132486398958
0.93 22.8262114715152
0.94 -7.32277553722966
0.95 1.7056880575145
0.96 4.51208660790107
0.97 22.8263660356414
0.98 0.709348026712791
0.99 12.1416077139919
1 0.960439523723688
1.01 21.7509230583355
1.02 8.0418341830582
1.03 -0.411563302216439
1.04 17.4472182284875
1.05 14.9234077446044
1.06 6.78995180141912
1.07 20.641878381675
1.08 6.37085887623246
1.09 -0.412197216026751
1.1 -14.6652482169142
1.11 17.8926987485278
1.12 18.1955901168633
1.13 7.87649592642854
1.14 8.30394616090657
1.15 15.9801384288815
1.16 -5.59293390282124
1.17 -0.118224212536957
1.18 20.7125109114625
1.19 9.90257042075441
1.2 -2.28948899066937
1.21 16.8566498599621
1.22 7.41372339041135
1.23 23.1315617101835
1.24 8.07426964065345
1.25 6.34063039474217
1.26 27.5606707336228
1.27 22.2415972903475
1.28 -0.316218793206518
1.29 -1.33858816600488
1.3 16.6514148977065
1.31 22.9048442464777
1.32 13.9407438812548
1.33 22.254996616514
1.34 2.73802669853922
1.35 7.93735166690534
1.36 20.3356668826467
1.37 4.62268042488522
1.38 14.580587318739
1.39 10.4201732572435
1.4 2.36397312392224
1.41 26.3425407373362
1.42 -5.49897959931505
1.43 18.377486639028
1.44 21.5919719678057
1.45 9.0758964786095
1.46 -11.2501211358967
1.47 9.39426579461897
1.48 2.79060472251553
1.49 23.1585124991578
1.5 29.489974428965
1.51 5.82367372992938
1.52 17.8102640733172
1.53 16.375957251534
1.54 16.2998421521079
1.55 4.06295814166428
1.56 12.8314005067443
1.57 -6.13109573034697
1.58 15.0453334721308
1.59 7.95895877904309
1.6 -2.96520333076644
1.61 16.0599417420591
1.62 2.03486059392257
1.63 11.077779640549
1.64 5.59166829007209
1.65 12.8975075813997
1.66 3.73347526936092
1.67 20.7286874941093
1.68 12.7728272451409
1.69 8.38809479961499
1.7 -0.345508700892724
1.71 23.5594707337233
1.72 33.8911496574692
1.73 -0.408218044576905
1.74 25.2479485259695
1.75 -4.85486522748687
1.76 18.8047700028078
1.77 0.423029342360625
1.78 18.4206289500606
1.79 17.9136757698338
1.8 16.7638936883431
1.81 1.68128656343872
1.82 -1.71900510467146
1.83 -8.12385226996686
1.84 11.0221337679008
1.85 13.9648319656272
1.86 29.5707544604905
1.87 25.0959392182108
1.88 -0.861792263147453
1.89 17.6511179764615
1.9 30.7587237532371
1.91 3.06476155214122
1.92 18.0312193074417
1.93 14.5872138273497
1.94 15.7740872725184
1.95 12.996061674133
1.96 20.1432664210737
1.97 7.22671697762806
1.98 4.90623998683744
1.99 8.34370822126102
2 18.3999418479138
2.01 11.4926158817426
2.02 6.48601820036008
2.03 29.4315817709023
2.04 14.8579255297777
2.05 0.641762546293593
2.06 28.0499833478047
2.07 6.02314255637099
2.08 10.5401025582579
2.09 26.1876882274343
2.1 26.6998093076944
2.11 34.0271911829657
2.12 10.5446610296425
2.13 35.5806831627856
2.14 15.1974996861031
2.15 5.06437325873241
2.16 1.03303718804074
2.17 11.0789818598543
2.18 20.3820923027843
2.19 15.9952880215244
2.2 35.0398571365846
2.21 27.6841604369128
2.22 24.549503094158
2.23 19.0123067221861
2.24 25.2399620147103
2.25 43.9455444115938
2.26 14.9798530145548
2.27 11.497123400041
2.28 24.8213952647212
2.29 4.53004299385049
2.3 6.29722203214464
2.31 3.40293754529579
2.32 15.974525409924
2.33 0.359641257769592
2.34 13.4478725717225
2.35 6.37369996204996
2.36 9.19735963418522
2.37 23.6224321636841
2.38 22.3017901567263
2.39 4.84066368157011
2.4 14.2349013499883
2.41 18.7564705060833
2.42 14.8572177647976
2.43 10.7071129939637
2.44 15.3135136149903
2.45 28.2209514657395
2.46 26.6277602442935
2.47 16.2076854066737
2.48 29.1959231554019
2.49 -6.77674196471545
2.5 26.0503008864099
2.51 32.303178456715
2.52 28.7180864181959
2.53 33.9665262025841
2.54 3.63661018076146
2.55 10.8623430770168
2.56 17.6843165278367
2.57 30.6360760463461
2.58 14.8069693908924
2.59 16.5559784726974
2.6 10.3406383161231
2.61 13.0811081590289
2.62 5.88780096507145
2.63 13.1225414063413
2.64 23.9987735267666
2.65 9.21023476133833
2.66 4.55321424592259
2.67 10.469498147045
2.68 9.82079628316815
2.69 5.70311280954897
2.7 11.1620336961038
2.71 27.2221258736544
2.72 18.9089214861548
2.73 21.2835046859234
2.74 15.7017671454253
2.75 10.3777887746858
2.76 17.2971798096609
2.77 23.6642992599896
2.78 20.6202317148921
2.79 24.6465085733128
2.8 37.4422660638615
2.81 24.6923078920535
2.82 23.0639868006809
2.83 17.4153870244503
2.84 15.1934825452873
2.85 26.8791772384444
2.86 17.6655102646808
2.87 31.2014653370302
2.88 34.2712641433619
2.89 34.7402008625285
2.9 3.3258243999073
2.91 15.6238577907233
2.92 -4.23197708036005
2.93 10.8722395995199
2.94 9.92890690440667
2.95 9.88179144968834
2.96 6.57801144009989
2.97 10.5282298181823
2.98 8.86839801247482
2.99 23.7115664157187
3 28.0089614186769
3.01 31.9948610610243
3.02 5.93805314094995
3.03 31.0418725161607
3.04 22.9390911110477
3.05 17.3486415595404
3.06 31.8595660685426
3.07 17.7420321281605
3.08 34.6676090005242
3.09 25.6484664384216
3.1 10.8760186881794
3.11 9.62478924337615
3.12 0.824844963680547
3.13 17.4683747653659
3.14 14.6869310032708
3.15 33.6960387779468
3.16 25.7815432180745
3.17 23.2796612908859
3.18 28.3631194642771
3.19 15.0267633535058
3.2 14.5945277608169
3.21 26.5399742521184
3.22 16.5434595890675
3.23 17.45918937857
3.24 3.71543688618794
3.25 10.7178750161843
3.26 9.50877528778144
3.27 14.1388815758297
3.28 16.405030316446
3.29 4.04665443454368
3.3 53.3451169751882
3.31 36.8283204532799
3.32 26.689857590324
3.33 25.7431955100274
3.34 19.2468251376985
3.35 8.51151784925664
3.36 28.9802455976068
3.37 16.9808040760901
3.38 19.5398803821926
3.39 41.3377589420967
3.4 34.1619573320467
3.41 13.5073831860148
3.42 19.0086323474393
3.43 12.1696663113497
3.44 3.33278452766011
3.45 3.32056034285835
3.46 15.0720152105152
3.47 16.4356051267646
3.48 29.3846527089502
3.49 27.6808523992605
3.5 17.9285227299608
3.51 25.2599016487034
3.52 20.4878805760748
3.53 30.5922096936427
3.54 12.2106842800061
3.55 6.20301184984553
3.56 8.25170875164235
3.57 21.0814096860508
3.58 20.239700006168
3.59 47.8311947028648
3.6 4.67881959899527
3.61 22.8274302706288
3.62 29.3973843547517
3.63 25.7472428912033
3.64 32.1684371102425
3.65 31.5309023561462
3.66 4.79605222738599
3.67 18.4944689241534
3.68 6.65830917988751
3.69 39.1586450801758
3.7 15.5795253701072
3.71 22.693397739468
3.72 18.2121830864785
3.73 24.3038403635101
3.74 20.5151616787511
3.75 30.5901252042663
3.76 39.7906438444832
3.77 26.4047963437799
3.78 34.4153859997773
3.79 25.9334433439321
3.8 39.3019352559211
3.81 26.0693276612007
3.82 14.1006081811668
3.83 33.7878959174524
3.84 34.1406308165718
3.85 6.87640807281922
3.86 27.4290777766529
3.87 13.1199063166443
3.88 33.4054647527614
3.89 47.3081848428329
3.9 18.2740186526026
3.91 27.7304572093418
3.92 32.4603469731317
3.93 17.0237837585501
3.94 16.516401800746
3.95 8.47412481984941
3.96 24.871671292938
3.97 9.57217394812059
3.98 16.6643674038803
3.99 26.7598289653523
4 23.0546259890392
4.01 18.1380247353352
4.02 19.2967241735013
4.03 24.4936260104143
4.04 18.2434673907782
4.05 38.7206728647112
4.06 28.0909204384385
4.07 33.433293557058
4.08 44.4396106762736
4.09 35.5429576733782
4.1 31.8025569459366
4.11 32.777281282029
4.12 29.4630458367552
4.13 19.1810126356168
4.14 18.8644344227608
4.15 27.946795153131
4.16 29.7130463777962
4.17 17.0850402486308
4.18 43.7046138492879
4.19 16.0024478418853
4.2 22.6411306796146
4.21 27.5892825501588
4.22 19.5417842642099
4.23 26.2172820206733
4.24 28.9669993512719
4.25 19.8056740228741
4.26 40.2057108872027
4.27 34.4060001658702
4.28 3.55566917596821
4.29 7.75575791084844
4.3 25.9414251204563
4.31 33.1744695377722
4.32 17.5270501731006
4.33 28.8325474809484
4.34 37.6818672338955
4.35 18.9399659915351
4.36 40.8930936004573
4.37 17.7238935997903
4.38 3.01909526413818
4.39 22.6828314321231
4.4 36.513624188612
4.41 35.524754825995
4.42 35.3396183956734
4.43 22.2105675685705
4.44 25.9636147118084
4.45 13.9398838741979
4.46 50.2378403116204
4.47 25.1645463137124
4.48 35.5385650028353
4.49 48.2480212419885
4.5 36.4745736295904
4.51 24.4525972121959
4.52 17.3269961968252
4.53 5.43502043273482
4.54 30.5658576521404
4.55 21.3228353521454
4.56 19.0090652444011
4.57 31.2930298015633
4.58 23.4657767575578
4.59 34.8089831647666
4.6 26.2595479230533
4.61 33.2775611265851
4.62 31.4675851466319
4.63 33.066461977545
4.64 14.7056041676487
4.65 11.7593016498971
4.66 30.5377182352904
4.67 30.6932851923259
4.68 46.4367069272296
4.69 28.1079504038447
4.7 14.8942122269294
4.71 44.280101846187
4.72 35.3537036023579
4.73 28.5865384201513
4.74 23.9786916393312
4.75 17.6849902985722
4.76 38.8189263786143
4.77 28.5541651124494
4.78 30.7565997929539
4.79 25.901604023958
4.8 44.8071127303997
4.81 42.1243220829656
4.82 18.2466961201465
4.83 52.2664559352508
4.84 23.8664974636408
4.85 23.2122070434989
4.86 21.0382076200794
4.87 44.231594894673
4.88 40.0591966676665
4.89 38.0976288516374
4.9 23.0086157199523
4.91 38.5134112603319
4.92 41.3310145530892
4.93 38.0828365942401
4.94 42.2207744033358
4.95 26.6516512132901
4.96 34.5346792153841
4.97 28.4361490851542
4.98 25.5453213723771
4.99 28.5110569390436
5 29.3573621815159
5.01 42.5320267601494
5.02 46.4719908728717
5.03 26.4679017349373
5.04 23.0163253435189
5.05 5.97485431623652
5.06 42.5968338953322
5.07 27.3245280608819
5.08 23.3988556039922
5.09 21.2100767071671
5.1 41.9771145569179
5.11 24.7227962418563
5.12 27.9124286102538
5.13 46.5038883243733
5.14 48.8669867001993
5.15 38.0133399720456
5.16 45.2857730720097
5.17 34.7172847127912
5.18 -4.86702597814647
5.19 12.291491308496
5.2 30.8032308685803
5.21 15.0312950454197
5.22 14.2363895044414
5.23 28.1629782555751
5.24 40.4359684024515
5.25 41.049616903649
5.26 19.0600530725298
5.27 20.8595109261521
5.28 27.8678918082079
5.29 27.9709141796152
5.3 43.1314050660584
5.31 5.57887533678691
5.32 37.060775701315
5.33 31.0983735173505
5.34 18.0374797555152
5.35 32.8830124519054
5.36 36.4712539646936
5.37 33.1456461243966
5.38 41.6664947140252
5.39 28.1915434190271
5.4 39.833371117415
5.41 15.9003867371639
5.42 37.8102747186731
5.43 17.081467272888
5.44 31.5138125746818
5.45 51.4652557615711
5.46 40.5362652835101
5.47 31.233455559305
5.48 37.8772397628642
5.49 37.3541260691061
5.5 31.1706714657994
5.51 16.3135623992577
5.52 43.6120463244644
5.53 14.1173519673784
5.54 23.9533830915392
5.55 24.1113165600728
5.56 25.2001579371137
5.57 24.5754430292862
5.58 43.684638389531
5.59 43.13177871788
5.6 22.5208142161749
5.61 30.7355817043485
5.62 12.601723592805
5.63 25.4807291642266
5.64 41.9092470591242
5.65 31.7833727216302
5.66 25.2028101233724
5.67 6.91091133637855
5.68 43.6704741645794
5.69 15.4460192788414
5.7 40.6639720357874
5.71 32.7213739237919
5.72 33.2737281999384
5.73 36.1101800835032
5.74 39.9730869454944
5.75 34.3715535327097
5.76 55.015459486793
5.77 27.4532658733083
5.78 30.9839038718517
5.79 24.1775094648489
5.8 40.4414783407026
5.81 34.6941406669594
5.82 20.1947869359426
5.83 39.6248791794865
5.84 28.6833598474087
5.85 32.1946154245591
5.86 43.7485318825744
5.87 36.9181938961398
5.88 35.4608197915913
5.89 19.9887288730876
5.9 17.1288296039668
5.91 22.0789469824632
5.92 52.6194338683669
5.93 32.7334708486814
5.94 45.8611845111525
5.95 33.1692705144461
5.96 39.6027627607467
5.97 42.0419680816405
5.98 49.0715222443993
5.99 44.2020440420559
6 38.5230588901771
6.01 35.2532457833394
6.02 34.7807042898201
6.03 28.8820824439144
6.04 47.677212006571
6.05 33.2548422681055
6.06 47.9575236157852
6.07 32.6490413574233
6.08 31.6558130299748
6.09 35.8308233395287
6.1 32.7895318383266
6.11 53.6129568406408
6.12 41.1491754682227
6.13 50.3373858835881
6.14 15.7216044856941
6.15 43.9966877104697
6.16 25.7993040870834
6.17 31.097228429799
6.18 31.3066915239747
6.19 33.3529424560993
6.2 51.4472839602725
6.21 38.9598098013053
6.22 39.9230996904378
6.23 47.3567102736446
6.24 47.2909338771251
6.25 40.5064681109929
6.26 30.8192051589595
6.27 32.6792362763214
6.28 27.7636108135685
6.29 34.0703344842239
6.3 35.4221846133359
6.31 35.8278093319943
6.32 46.1821671880752
6.33 47.5304427313428
6.34 34.8883093397554
6.35 37.0437733479398
6.36 31.7472646745384
6.37 51.7747707967338
6.38 32.4470219445492
6.39 41.9705011539691
6.4 41.799029947825
6.41 46.3551481310326
6.42 46.1736367453044
6.43 54.9294127069604
6.44 36.8438424080399
6.45 59.0489176893031
6.46 42.9998007536566
6.47 30.45342096062
6.48 47.4381632364399
6.49 29.7465817897951
6.5 41.3733063813723
6.51 30.4574508256758
6.52 46.7782861028098
6.53 40.7932137793928
6.54 37.8497707202238
6.55 47.4834623183973
6.56 25.6337906934314
6.57 31.4574941355715
6.58 41.3610845813011
6.59 50.2472708543479
6.6 34.79489722815
6.61 35.5283329161393
6.62 27.4165710774651
6.63 29.6155772271748
6.64 52.4514086274123
6.65 45.3861434958423
6.66 39.3064442554527
6.67 41.4163097003853
6.68 51.8934137490271
6.69 37.2675060886416
6.7 31.7222830757523
6.71 30.4811598146743
6.72 41.1251167419512
6.73 29.1079870875331
6.74 24.4768227700362
6.75 38.0071234454017
6.76 42.8709587625509
6.77 38.7210350688659
6.78 44.0719105018416
6.79 34.9006752982933
6.8 37.3143626607854
6.81 36.1705527143158
6.82 43.9388197719036
6.83 18.1311148289932
6.84 31.6611175910298
6.85 31.9037334153838
6.86 35.9675031076807
6.87 53.5494030807319
6.88 22.1301755658448
6.89 40.3327545586325
6.9 43.2389014356493
6.91 36.3335892564535
6.92 25.065961852658
6.93 47.7942152942001
6.94 43.2561428227762
6.95 31.794848821723
6.96 63.7507756425942
6.97 36.595066988101
6.98 30.6524360339833
6.99 45.6545096994653
7 55.4070000131875
7.01 58.0293320292105
7.02 34.1365529872518
7.03 53.0719201859998
7.04 34.178741009684
7.05 64.7206963083875
7.06 28.1948194353459
7.07 36.3975951228245
7.08 41.3497305027276
7.09 53.9539579062663
7.1 49.900754666527
7.11 40.8449606569
7.12 22.8310635372418
7.13 34.1782174111354
7.14 39.0723429111801
7.15 29.6707487615913
7.16 37.7773813122644
7.17 42.0740872433504
7.18 12.5330772723475
7.19 32.4071253774766
7.2 33.4271258406795
7.21 52.296717909604
7.22 40.4559861145544
7.23 40.2776451370768
7.24 44.607387785507
7.25 48.194353791254
7.26 50.4395420489578
7.27 34.1991718029042
7.28 54.9685583055893
7.29 39.6445606774068
7.3 47.5798385340729
7.31 22.8697112395136
7.32 46.568752643369
7.33 30.2867120551654
7.34 49.6289243345049
7.35 31.8323790261079
7.36 29.6517677236017
7.37 40.2965698657384
7.38 43.827894225027
7.39 44.2065641804303
7.4 38.9153073819478
7.41 35.2743416330787
7.42 48.0816464401293
7.43 42.3154400438242
7.44 58.2727392425989
7.45 30.8238007115542
7.46 40.4765592600276
7.47 34.2053811463681
7.48 23.8822501119249
7.49 44.2316181337682
7.5 54.0161320288269
7.51 50.4125194515897
7.52 46.7682857804483
7.53 48.7102851068516
7.54 31.8679252271948
7.55 48.5124025227241
7.56 45.0611439709884
7.57 48.3556317760824
7.58 53.6831551227849
7.59 29.2012575148769
7.6 34.1738182701981
7.61 32.2343977268438
7.62 21.1051073612346
7.63 52.0498078101468
7.64 42.7869307017672
7.65 16.1194576577753
7.66 49.102637019358
7.67 36.4322506522852
7.68 47.4626864963164
7.69 51.592776651718
7.7 45.3863551902176
7.71 39.4621093979659
7.72 53.7341697880374
7.73 39.2921437657214
7.74 35.7751549715631
7.75 56.9659208779657
7.76 42.6295761055049
7.77 60.6457122278197
7.78 40.7655339597608
7.79 60.6953913286308
7.8 40.8428544955354
7.81 47.7064966045492
7.82 48.800439567158
7.83 53.276795465766
7.84 51.0274024528453
7.85 32.9389249698314
7.86 43.1438993986762
7.87 45.4436898442874
7.88 35.2561547787866
7.89 40.2526427927458
7.9 43.085069321274
7.91 37.3092801972389
7.92 37.6728083445559
7.93 52.8660128156152
7.94 45.7559932947693
7.95 33.596022055934
7.96 53.1272103777154
7.97 37.7215964863511
7.98 49.0740597944085
7.99 54.9827123519669
8 39.9059889532594
8.01 35.2718330580237
8.02 50.3507359284699
8.03 35.7964432070024
8.04 53.9034371847396
8.05 35.7050470271034
8.06 60.9110504275843
8.07 42.5993286694117
8.08 35.791388016253
8.09 47.2558222645221
8.1 32.6634530541095
8.11 55.2414875704911
8.12 32.7487153010553
8.13 45.3472600948173
8.14 37.0331849598679
8.15 44.019263097358
8.16 67.8175212631419
8.17 41.3747419248098
8.18 41.2796681584476
8.19 42.2235660315302
8.2 49.600934185211
8.21 53.5468386431434
8.22 25.4165191089259
8.23 49.993009962958
8.24 42.8454878227026
8.25 38.0604101264773
8.26 65.4205964751113
8.27 61.2260605609994
8.28 57.0749296059689
8.29 62.7892592777456
8.3 50.3221175664521
8.31 59.1885650279146
8.32 47.5961855731163
8.33 43.0266251897348
8.34 31.3925067171709
8.35 45.9959742022517
8.36 42.7090220669279
8.37 35.3520921432331
8.38 42.2439265687742
8.39 47.7540928666368
8.4 39.0489452858281
8.41 39.3001509294577
8.42 57.5727056667781
8.43 31.3772983143503
8.44 58.0589190045993
8.45 42.2225728626844
8.46 34.6283664705191
8.47 61.8531975876304
8.48 52.525874246593
8.49 43.9054208114658
8.5 39.3696178638945
8.51 34.1703703939166
8.52 46.6869237254363
8.53 54.9285255379347
8.54 54.9684007191796
8.55 44.8414302613913
8.56 58.8832832649657
8.57 35.0592899710178
8.58 49.5867698461877
8.59 42.9750529396812
8.6 49.7425918617442
8.61 30.7764930283231
8.62 44.2130107296701
8.63 57.3704025719425
8.64 52.6155281418185
8.65 44.8957686285377
8.66 50.0338212398037
8.67 54.2512676805386
8.68 35.6038316452539
8.69 63.9960881905577
8.7 46.4541336742627
8.71 47.4402879321771
8.72 57.100133411157
8.73 39.1840372778401
8.74 47.1606104685402
8.75 55.9171763816095
8.76 46.7645529035582
8.77 57.6035428828377
8.78 47.0730069549746
8.79 44.234516018691
8.8 27.5791141411518
8.81 53.0751130004295
8.82 36.976963461308
8.83 34.4532258566257
8.84 31.2287537304859
8.85 42.2505893719865
8.86 56.9503670893278
8.87 56.4931660648188
8.88 43.3252032815258
8.89 44.5108171462914
8.9 38.1670357119215
8.91 61.8621095073259
8.92 39.83010061897
8.93 41.158739579411
8.94 62.6314180700261
8.95 49.1056776864755
8.96 55.3775303223385
8.97 51.559856720066
8.98 62.4836038387906
8.99 54.9029002178942
9 55.8307386092722
9.01 64.3120246045429
9.02 65.8514954228936
9.03 49.3910395006053
9.04 45.2402831672405
9.05 38.1978306947612
9.06 44.9187530560095
9.07 50.4721281928942
9.08 40.6723854540788
9.09 41.5081245797946
9.1 33.0292705340579
9.11 63.7496330157317
9.12 52.6649041978176
9.13 68.1705363432839
9.14 25.7474050001474
9.15 45.1405045417247
9.16 45.5799453354313
9.17 45.9767579913286
9.18 53.5175589008104
9.19 49.5785297398319
9.2 52.1884485868116
9.21 48.5722991397167
9.22 39.4133069089248
9.23 31.4193715599723
9.24 46.7709340226701
9.25 59.2375065268743
9.26 67.4177459693567
9.27 64.9209014215543
9.28 36.7864921375726
9.29 42.7279944149932
9.3 47.7267228417102
9.31 67.3067049773673
9.32 46.3142368710151
9.33 72.6683663526096
9.34 49.3071983949068
9.35 58.4144274107688
9.36 46.7951818948861
9.37 49.6590162079749
9.38 57.0614974011834
9.39 54.5294360436609
9.4 45.4897240840222
9.41 48.4360086665514
9.42 63.9155784870105
9.43 37.5100764824023
9.44 47.7723519408434
9.45 44.8371154445149
9.46 44.3007174964501
9.47 41.3740306054166
9.48 48.7784726196173
9.49 62.2537458934392
9.5 45.4315698294752
9.51 53.261237954757
9.52 64.2753878711156
9.53 59.5709178459514
9.54 60.7452113815565
9.55 62.1428912784997
9.56 80.1328120745507
9.57 53.9102063658996
9.58 65.6897376228948
9.59 40.0073786316248
9.6 48.0920771754521
9.61 53.8555863921593
9.62 61.367710374719
9.63 32.4088746101571
9.64 44.2725304988044
9.65 46.8810268890234
9.66 42.8998021862642
9.67 36.217130136169
9.68 65.811692098291
9.69 42.7585766447885
9.7 56.525177542238
9.71 58.885877023352
9.72 48.9714468372159
9.73 62.4762618699097
9.74 63.5850976577626
9.75 48.9998715353831
9.76 45.1626997551432
9.77 47.4826595723184
9.78 64.2236432865492
9.79 41.9217353489632
9.8 62.3785491170243
9.81 51.9669477004623
9.82 60.0769013152082
9.83 42.3717230998494
9.84 64.380757241461
9.85 75.4078322134231
9.86 70.1433418015795
9.87 52.1650462776111
9.88 43.3823599697847
9.89 38.9950867140077
9.9 59.0102731746232
9.91 52.5865478307624
9.92 47.0601333491908
9.93 43.2364310526994
9.94 58.7565967309896
9.95 50.7373760695437
9.96 60.0901269894799
9.97 52.2828242677611
9.98 53.6882245745007
9.99 52.5867570832582
10 58.1388712643763
