0.01 14.7072628203146
0.02 6.03194687129101
0.03 18.5043422482423
0.04 -0.299881000713083
0.05 15.2165748718406
0.06 -10.8531607265743
0.07 0.411406557855623
0.08 -11.746538480514
0.09 3.08833096546065
0.1 -18.7354527482246
0.11 -5.12583346087497
0.12 8.46792351019821
0.13 26.6955841942758
0.14 19.7006825216416
0.15 0.578383238628218
0.16 4.29575656632018
0.17 5.9231122458471
0.18 -13.6067523540688
0.19 -12.524010166841
0.2 7.3013809009909
0.21 21.162567570253
0.22 4.95396935347219
0.23 3.56998703849243
0.24 -9.46624486510196
0.25 0.755008375905202
0.26 -5.28568543595996
0.27 2.9156987609939
0.28 23.5589093870826
0.29 -2.91095835756516
0.3 14.3078806936553
0.31 -6.39184965185809
0.32 4.40224349057916
0.33 24.8538186957439
0.34 3.81104331569736
0.35 -5.05864989901118
0.36 5.51260683896954
0.37 7.97710772344825
0.38 -0.715525455597163
0.39 3.48043567248268
0.4 -0.804766700413615
0.41 6.76832384316434
0.42 -6.0108261437428
0.43 5.3885347535583
0.44 5.35334405919088
0.45 29.4719065936911
0.46 3.85649556949241
0.47 -3.61810288180818
0.48 -10.5894013734613
0.49 21.4663191070606
0.5 16.9822725918818
0.51 11.0926918973658
0.52 10.5902024289769
0.53 15.9769279529189
0.54 12.9221731373733
0.55 3.77835650660351
0.56 -3.77797549540509
0.57 -4.29320850572622
0.58 22.6761380182647
0.59 15.7874945109352
0.6 3.14424491271214
0.61 5.72160621109707
0.62 13.4908947992881
0.63 11.1352955640715
0.64 15.0286428193964
0.65 2.24521255929837
0.66 21.6803417315642
0.67 22.3360795977873
0.68 6.36646526531587
0.69 -0.0536550673961056
0.7 0.828584940813071
0.71 3.97281457921535
0.72 14.6053893365494
0.73 16.094771867827
0.74 12.7389695177674
0.75 19.8514138206981
0.76 9.32416025911084
0.77 4.60057126654506
0.78 19.665976711802
0.79 -9.58152096431916
0.8 28.471783375599
0.81 3.17544733690297
0.82 -3.5874889264332
0.83 9.74372892997077
0.84 23.926551653718
0.85 23.9444862378536
0.86 19.4662417434945
0.87 -7.1016198336338
0.88 -1.2623275651978
0.89 9.32504834663959
0.9 3.49139641825801
0.91 -15.401407216772
0.92 7.46690119921347
0.93 35.6357882186579
0.94 15.6070162301863
0.95 12.2753340663652
0.96 -1.02534257477362
0.97 13.2869635179848
0.98 5.5162278945155
0.99 15.9413862104406
1 -7.51588104607142
1.01 -3.86292509497272
1.02 20.1404562953039
1.03 9.94777324413906
1.04 -19.8533754919667
1.05 7.10991766504764
1.06 12.8707780422318
1.07 20.1286513774184
1.08 22.2890923577189
1.09 18.6486716326089
1.1 -7.53355734405197
1.11 22.385177554
1.12 -1.34721894248117
1.13 23.8197394001466
1.14 11.9101885492922
1.15 1.77501787038317
1.16 24.4378879517024
1.17 23.9806564353159
1.18 26.2260057769886
1.19 10.4328949122697
1.2 10.284531228746
1.21 0.583657194845648
1.22 34.5566523920832
1.23 0.772201146642445
1.24 -0.691318990829828
1.25 19.3705636504238
1.26 20.7329330747399
1.27 36.04827368888
1.28 16.0475972168157
1.29 12.1256138037956
1.3 14.0078243953168
1.31 5.23843597992429
1.32 7.28185454624512
1.33 17.9263784333671
1.34 -4.30954096698967
1.35 1.49447438495387
1.36 3.25120563510646
1.37 2.56590252696342
1.38 10.0509569584217
1.39 11.0472463220186
1.4 2.50746937375805
1.41 2.20359387556261
1.42 -8.50005487663268
1.43 12.5964761651453
1.44 15.1614496556517
1.45 24.2669982746594
1.46 26.7759998712617
1.47 -5.42928915147275
1.48 22.3971858159691
1.49 12.7438344908179
1.5 25.3478687245737
1.51 3.08913215319398
1.52 -1.09453674984623
1.53 29.4885283815086
1.54 12.3477589020057
1.55 -3.84582221265994
1.56 10.5221858317382
1.57 16.6278804840023
1.58 12.4852061205943
1.59 23.1740291757978
1.6 -3.07003465329886
1.61 -1.52786616066988
1.62 5.23465382985566
1.63 27.5776328075569
1.64 32.4940810220382
1.65 1.10164712101353
1.66 17.9025672627473
1.67 19.3271398100533
1.68 22.473895537149
1.69 10.3973669700706
1.7 5.42164176643822
1.71 2.11873834505724
1.72 5.67179675015324
1.73 15.1667175047654
1.74 15.2854376705232
1.75 17.5481504946906
1.76 14.1499903530612
1.77 12.3836559520006
1.78 14.7977774251991
1.79 17.2123091695737
1.8 4.86921339555456
1.81 -10.3303140477283
1.82 17.1256769658556
1.83 35.1051356189084
1.84 20.7936660438192
1.85 -2.56049949833429
1.86 36.1420135440834
1.87 24.6050093241968
1.88 13.1795287864683
1.89 19.9644209207283
1.9 20.7014675903973
1.91 1.03825649488916
1.92 5.91855925239287
1.93 9.63901522223271
1.94 28.2594581577207
1.95 11.6950260138948
1.96 17.8139353231425
1.97 22.4708467375399
1.98 14.4674098230445
1.99 27.8705230654399
2 18.5310906072096
2.01 17.0306274417929
2.02 40.2747452142706
2.03 26.4125158973698
2.04 0.527002287015067
2.05 12.5799933454692
2.06 23.2715558190935
2.07 29.7459368400836
2.08 7.77226539493676
2.09 24.5356925450405
2.1 13.8405266361897
2.11 18.5436836262241
2.12 11.6085484780246
2.13 13.8694304581972
2.14 6.7609199986297
2.15 7.4445460261648
2.16 19.292893146004
2.17 23.1151224785985
2.18 11.2618768967295
2.19 6.40785999089144
2.2 -3.77725439648567
2.21 20.2181474832301
2.22 26.8851861096306
2.23 14.28494787824
2.24 20.3860147240666
2.25 29.8158022649272
2.26 23.0719624284668
2.27 21.6386107688752
2.28 21.1444022991409
2.29 7.98877432088006
2.3 28.8510898513913
2.31 12.8213215337806
2.32 16.216660147445
2.33 24.6044343596807
2.34 7.77639054329651
2.35 6.31814781740474
2.36 -4.46242897558272
2.37 4.20620197672797
2.38 8.97892580137963
2.39 10.4863045914201
2.4 6.10296396172727
2.41 14.1986017376818
2.42 13.8378046502718
2.43 22.0278505644298
2.44 9.53101774395051
2.45 22.8924373131864
2.46 30.8596181786136
2.47 6.22923362847113
2.48 12.9659042773518
2.49 22.9584893944717
2.5 8.35978596155841
2.51 20.8612893839668
2.52 32.4103306099259
2.53 8.60293279397174
2.54 -3.04577493033301
2.55 7.40529950409902
2.56 19.1794992013825
2.57 3.29869701722217
2.58 37.7112045015467
2.59 14.0556782585961
2.6 50.2689427724572
2.61 34.5078971912427
2.62 23.3059681478309
2.63 22.6661851668482
2.64 14.0660470225418
2.65 10.1959010965216
2.66 26.4364533787351
2.67 14.0240534990528
2.68 11.1686326957028
2.69 22.4438413788413
2.7 8.71082194167247
2.71 32.045004839875
2.72 22.6916602271427
2.73 23.4370139306165
2.74 26.2451600120357
2.75 16.4331325608771
2.76 15.9026298718353
2.77 7.79427638872954
2.78 25.553453672963
2.79 21.2656899325024
2.8 18.6778631653312
2.81 25.758471744483
2.82 31.1183418671329
2.83 25.9902653630659
2.84 14.9556760981769
2.85 11.0248307982397
2.86 34.2060795917863
2.87 16.1780199698991
2.88 30.3218027480063
2.89 38.9094092222194
2.9 -3.53003246505326
2.91 9.90101842152707
2.92 17.7102502397027
2.93 37.494995373454
2.94 25.0507340136893
2.95 17.377727625087
2.96 14.2278185993131
2.97 18.192890561027
2.98 10.6260694529371
2.99 23.4296450414439
3 21.7113463638945
3.01 29.070101148057
3.02 13.3091809280616
3.03 22.270666353896
3.04 42.1137220375617
3.05 27.1659378558585
3.06 33.9650287028337
3.07 26.7912172682402
3.08 33.1938293577582
3.09 13.6827702396769
3.1 27.4428300996764
3.11 14.1723645240136
3.12 0.681777273652514
3.13 35.252817754509
3.14 30.631814861172
3.15 15.3755394280979
3.16 20.1309765714334
3.17 13.0117242435457
3.18 25.6689337434068
3.19 28.4579655259051
3.2 23.3667919220064
3.21 25.9687455578847
3.22 15.1828303024474
3.23 23.0072471453089
3.24 28.7570549629172
3.25 24.9690660114382
3.26 27.7933722944096
3.27 12.691022610864
3.28 3.18457413532401
3.29 31.2881356933069
3.3 29.6431312263313
3.31 30.0186684138385
3.32 20.1126635547183
3.33 47.2852099821998
3.34 28.9954980897223
3.35 22.3433133070895
3.36 36.9260867299351
3.37 9.36498996859207
3.38 12.000117851203
3.39 0.69146037718988
3.4 14.8399731826318
3.41 22.6702951199541
3.42 30.2736836154284
3.43 11.7094626324196
3.44 43.8252014158554
3.45 24.6331085968992
3.46 4.83786423513637
3.47 12.5945239376345
3.48 29.31803838779
3.49 25.4844922840939
3.5 17.5490987127319
3.51 28.6763824890139
3.52 10.1027485072879
3.53 26.1572490947741
3.54 25.8219415286684
3.55 21.306480675179
3.56 11.7930533413356
3.57 21.1148710752319
3.58 37.3292331769564
3.59 7.1030730696411
3.6 19.8297977723982
3.61 37.1049541858443
3.62 26.3216286097202
3.63 33.4547664842604
3.64 24.1695847331897
3.65 14.1982779446891
3.66 10.4759039098941
3.67 16.5017321291329
3.68 16.8201477504375
3.69 23.757491001236
3.7 21.1331719606622
3.71 27.6238525675452
3.72 21.4410803222113
3.73 23.7716982849942
3.74 13.273836906034
3.75 31.3003892817964
3.76 7.58804216542844
3.77 17.5767317611142
3.78 46.5812985274296
3.79 33.6268300001196
3.8 -0.455163586616028
3.81 16.992184820611
3.82 18.7344113343204
3.83 28.7647168803765
3.84 8.37495204158704
3.85 30.474526780571
3.86 28.3492075001263
3.87 25.4384634683379
3.88 17.4995119851004
3.89 36.7436420892835
3.9 43.0023025273016
3.91 12.9785631135733
3.92 25.422293307691
3.93 20.6559056564575
3.94 31.5231283272106
3.95 24.8222628933431
3.96 47.9257691704111
3.97 17.3991661397081
3.98 26.906242274183
3.99 15.7086595965511
4 16.7468321044629
4.01 19.9640941208319
4.02 24.4254194487844
4.03 4.62227860257508
4.04 24.4028810170327
4.05 12.0001347007806
4.06 44.3330042741648
4.07 31.3379140835945
4.08 14.8300913156425
4.09 31.3657307022558
4.1 15.7300638282593
4.11 28.570144411147
4.12 43.1387119734944
4.13 22.8070402655231
4.14 32.43680654438
4.15 50.5695424558113
4.16 34.6806792673777
4.17 30.976161410834
4.18 30.8891393294022
4.19 46.9163979816781
4.2 23.1869284824779
4.21 36.3693276845556
4.22 26.8190380357478
4.23 24.6021547379441
4.24 19.2003409081511
4.25 33.781402264547
4.26 14.2601853883642
4.27 26.4809661589337
4.28 25.7014419015838
4.29 14.6813534015197
4.3 12.0338306381086
4.31 26.9789705769645
4.32 27.0198337383841
4.33 36.9308001193539
4.34 31.1688887744028
4.35 30.6307089347275
4.36 25.9850491042316
4.37 15.6429523829808
4.38 21.6332427350272
4.39 30.8511201395414
4.4 26.4478427407672
4.41 17.330485678407
4.42 17.1104783022875
4.43 53.6538083642567
4.44 20.615033580484
4.45 31.4051387668018
4.46 24.5122444875153
4.47 32.0831721349487
4.48 25.455506991675
4.49 40.3406166695601
4.5 14.4576336128358
4.51 30.8834034374129
4.52 22.1689654328146
4.53 27.6412056653544
4.54 17.6177424999588
4.55 33.9168300281145
4.56 12.3502602008793
4.57 12.721923575214
4.58 46.673328659737
4.59 39.7382221739374
4.6 28.8591984426077
4.61 34.7168446676811
4.62 19.7140921182438
4.63 26.4123193291562
4.64 27.7326314964901
4.65 30.8803235880952
4.66 20.0141599887211
4.67 31.1228837104731
4.68 37.5147278766588
4.69 45.2969879295189
4.7 20.839531558463
4.71 17.2341377790816
4.72 26.2113700226353
4.73 35.6673416226894
4.74 16.0637180539501
4.75 26.3762430542024
4.76 50.1880254383117
4.77 37.4461445330967
4.78 45.6334703528178
4.79 26.6429527038979
4.8 5.14674565413627
4.81 44.1338993665866
4.82 41.3950417828296
4.83 51.3473473659437
4.84 40.3475179154472
4.85 25.9537972595243
4.86 30.2852970791846
4.87 36.0047511443303
4.88 59.7649954142541
4.89 16.4002594736884
4.9 28.8572179673071
4.91 42.5089802362741
4.92 34.3931812853527
4.93 28.23295468679
4.94 14.4151842675818
4.95 19.6242363357211
4.96 32.4984295945693
4.97 28.5221057651704
4.98 40.2668752264363
4.99 26.8038029834052
5 30.5106377381468
5.01 36.0565794629557
5.02 14.9761781637678
5.03 21.2935865825391
5.04 14.5962025226567
5.05 33.2858785121294
5.06 26.0066146021923
5.07 28.1978441303487
5.08 34.4904438938944
5.09 21.5731127196791
5.1 28.4283450304052
5.11 30.9085261900851
5.12 31.400965352755
5.13 34.1260844643374
5.14 51.6113057201367
5.15 44.7097527472342
5.16 38.068564813573
5.17 60.7809536181128
5.18 47.2761335240866
5.19 43.8200032330265
5.2 34.0752568915006
5.21 47.020075483323
5.22 34.4017776739154
5.23 33.920575398327
5.24 21.4005405923611
5.25 24.9136784183822
5.26 46.2680983948574
5.27 33.5726808466036
5.28 34.3224464303271
5.29 35.2474813283445
5.3 23.051207707966
5.31 43.8714201060852
5.32 34.632994040122
5.33 39.9788372329515
5.34 47.4062070105992
5.35 36.325084055833
5.36 40.0016185524628
5.37 25.8343335016634
5.38 25.280342891732
5.39 47.1302188835486
5.4 31.0016395092044
5.41 32.5792183679915
5.42 23.2109978983891
5.43 17.077723272822
5.44 34.2058164773511
5.45 19.7665622549029
5.46 33.1605396354609
5.47 29.7907065954486
5.48 19.4750685850886
5.49 55.1837776352972
5.5 12.2207460609035
5.51 27.9981692948084
5.52 47.770038263011
5.53 27.1515581676284
5.54 30.0829684944842
5.55 49.3182339595896
5.56 34.155599769279
5.57 32.1873989795695
5.58 31.5830495353173
5.59 29.2541229685784
5.6 21.4613604088534
5.61 21.5290920871298
5.62 41.9697179371606
5.63 42.0271193969051
5.64 30.1801386710903
5.65 31.2308630495606
5.66 47.7472794639897
5.67 38.0894531874288
5.68 26.0354664489478
5.69 57.064987972027
5.7 30.4325050344962
5.71 38.4940988188975
5.72 39.1965317941892
5.73 23.2109337119091
5.74 35.4351580055245
5.75 15.8920924126293
5.76 24.9923659747228
5.77 34.2704833562223
5.78 47.4725632147595
5.79 33.9045028989518
5.8 22.448670691167
5.81 51.7256727840688
5.82 23.1192017191487
5.83 46.635216179564
5.84 34.1484846016154
5.85 20.2516135152977
5.86 34.495153135543
5.87 19.3347947126449
5.88 28.9341441846421
5.89 47.0142030262056
5.9 38.1095038524817
5.91 38.6625934195064
5.92 44.0261237054915
5.93 16.9190892312554
5.94 34.1743255059762
5.95 23.6625037468416
5.96 34.110199705062
5.97 33.5857486078122
5.98 28.40109195551
5.99 26.6016249493969
6 36.9385809116856
6.01 18.4389516468414
6.02 45.9992950827706
6.03 30.5744985055369
6.04 45.1303729543336
6.05 46.741293673682
6.06 45.4999786686263
6.07 35.4230742041158
6.08 44.2612891917741
6.09 32.433523608432
6.1 45.4560414849941
6.11 42.3148305862655
6.12 30.6703233045139
6.13 54.8332275238946
6.14 37.8076633763757
6.15 40.0492071290655
6.16 51.5608093890469
6.17 35.8304964179121
6.18 22.2829587632669
6.19 37.844881382714
6.2 39.7899548224862
6.21 21.6759961817293
6.22 25.0898650355763
6.23 19.2181476240737
6.24 42.1739115744537
6.25 38.0454727711171
6.26 39.5929333747274
6.27 29.4262249865907
6.28 49.7657179740993
6.29 35.0753957858132
6.3 39.048499098491
6.31 46.8852863239572
6.32 36.9601014279206
6.33 52.8736762230404
6.34 35.3077664086041
6.35 35.1395327037767
6.36 45.4141701848393
6.37 29.4444301999148
6.38 42.8798772962562
6.39 31.9065704128691
6.4 43.5754898384334
6.41 30.9093801738006
6.42 51.1803345160727
6.43 40.3120617303234
6.44 17.6164208581942
6.45 31.390014047682
6.46 34.3809949283543
6.47 39.1123892987446
6.48 18.3171766672822
6.49 13.3109688876909
6.5 23.7937206571651
6.51 46.2150179206472
6.52 32.771276643774
6.53 32.8478924699638
6.54 28.2429071970774
6.55 43.9936387794193
6.56 44.8787805984053
6.57 52.7327079698989
6.58 30.0940288352747
6.59 36.3607095339239
6.6 31.8752572960725
6.61 41.5567979817427
6.62 32.1898947090552
6.63 48.692586177917
6.64 29.0995313194213
6.65 29.3130702021213
6.66 49.8251791958426
6.67 31.0947310090908
6.68 44.2227612226646
6.69 19.7852185732088
6.7 20.6027436097093
6.71 34.9731751189852
6.72 24.209542887489
6.73 33.2960640405198
6.74 45.1831386181703
6.75 24.2907487712592
6.76 41.2468248720333
6.77 32.8515456029473
6.78 54.1889690718265
6.79 60.1914231449785
6.8 47.3723912475036
6.81 51.7810634150078
6.82 65.3394728325593
6.83 56.5126886981107
6.84 44.4612923263478
6.85 41.2565754503425
6.86 45.0359766017057
6.87 53.321309356713
6.88 42.6214520895448
6.89 30.563087018549
6.9 32.5596438147172
6.91 29.2886699575119
6.92 43.7313078379698
6.93 37.966284734868
6.94 35.3170228488003
6.95 47.3337736184026
6.96 47.3641483038752
6.97 35.4777396625092
6.98 38.1561744205015
6.99 39.6815229093912
7 48.3217166713278
7.01 68.0479049025537
7.02 50.0349633073312
7.03 39.8501526833897
7.04 50.9084969352694
7.05 39.6895466267935
7.06 66.7967394165539
7.07 58.2583117249292
7.08 40.9179287215684
7.09 37.5368680807597
7.1 23.7044871500604
7.11 32.5526868387866
7.12 45.2891028674046
7.13 59.5363070997379
7.14 26.0338779155173
7.15 49.7695221432083
7.16 44.0089064962055
7.17 31.7873548344382
7.18 34.5376108097012
7.19 38.6785410207603
7.2 21.8318548664867
7.21 50.3927384732226
7.22 29.9797566650068
7.23 42.4375039424412
7.24 47.1978632182646
7.25 18.8009145164175
7.26 51.1291287723765
7.27 31.7944866809088
7.28 27.7456736794779
7.29 34.0562739889187
7.3 32.8516080678882
7.31 46.6305917446074
7.32 47.3281453006782
7.33 42.6592431612094
7.34 35.7251234729584
7.35 38.5762651392234
7.36 27.9294623298079
7.37 30.7821858772716
7.38 35.6009298160261
7.39 39.5249693875843
7.4 59.1431339838411
7.41 36.0117007589471
7.42 39.3365315097949
7.43 49.0140168875163
7.44 36.6411888025781
7.45 46.8672512132723
7.46 61.4416297124231
7.47 26.4273170509311
7.48 8.36341627792717
7.49 48.7937668477035
7.5 39.6819853267517
7.51 31.5709421618829
7.52 41.0243468966463
7.53 67.8484636764725
7.54 38.1900703369077
7.55 46.9486411011752
7.56 36.8361701607355
7.57 54.223623295972
7.58 57.5018172653338
7.59 58.4428223839672
7.6 41.2763907647563
7.61 42.3109656486281
7.62 26.1469532566608
7.63 43.4769725000136
7.64 49.442750382179
7.65 53.5280668197661
7.66 25.7599218507546
7.67 34.3325887129521
7.68 70.6700065387744
7.69 17.1560780017268
7.7 39.288963800162
7.71 52.906025055392
7.72 33.5924142913361
7.73 50.1549722036566
7.74 29.7812408448097
7.75 38.1461655975221
7.76 59.7379452019093
7.77 42.0784301004319
7.78 41.9946682051318
7.79 17.928481381423
7.8 30.9836436014578
7.81 43.6215677606103
7.82 40.0277160652945
7.83 42.5938387650121
7.84 50.0530751985257
7.85 44.9700521323639
7.86 44.7081159322993
7.87 36.0040322481918
7.88 40.8772246579374
7.89 46.9220431440151
7.9 25.5044982337901
7.91 46.8077283321624
7.92 53.9988894112729
7.93 39.1198101608332
7.94 43.2638249908545
7.95 54.8664234468169
7.96 41.7449534157974
7.97 48.7150440343022
7.98 58.0360846499262
7.99 52.4240914752958
8 41.4162547977504
8.01 64.1745461390751
8.02 59.2308238685933
8.03 41.523466035668
8.04 48.1661076012629
8.05 42.0665317877972
8.06 46.2501347719223
8.07 54.6767602080277
8.08 48.3703940111724
8.09 28.411721000114
8.1 27.8133016507047
8.11 47.9948601213674
8.12 52.4948895997564
8.13 66.6832253044821
8.14 35.7586372778785
8.15 43.337896019534
8.16 49.7782962262316
8.17 50.1486757902159
8.18 42.1275064397321
8.19 64.553897262303
8.2 37.1009436064688
8.21 71.0303850750938
8.22 39.0264582611684
8.23 37.2817614829446
8.24 39.3450214504766
8.25 54.7232568884314
8.26 48.1341554409372
8.27 62.3633951173583
8.28 41.1333310573373
8.29 63.591462580824
8.3 46.1859068032046
8.31 45.9512948722028
8.32 57.8204443138456
8.33 52.0922481169491
8.34 48.7387408723037
8.35 43.788860061489
8.36 43.1145228124672
8.37 38.8578479645552
8.38 37.717798585994
8.39 40.9513452993171
8.4 52.9720841803035
8.41 37.0481800403654
8.42 33.1102263989873
8.43 48.5952403990043
8.44 56.8965519965442
8.45 56.5013711861609
8.46 40.0045992563858
8.47 49.1918675457484
8.48 38.5903200058189
8.49 54.0188316025127
8.5 51.3035551241055
8.51 25.6129505735921
8.52 24.5740375001093
8.53 37.5548573233538
8.54 50.4171257751842
8.55 65.4089713546615
8.56 52.6775442198311
8.57 32.9848381629295
8.58 41.066910151574
8.59 43.5938492146725
8.6 57.1129128075754
8.61 40.9740156007355
8.62 36.6340647506637
8.63 50.8803323024643
8.64 35.8374338504302
8.65 51.6035534162516
8.66 57.0547845669375
8.67 34.0675767003539
8.68 48.2201473046564
8.69 37.726724535622
8.7 43.2549326342794
8.71 63.3849796735316
8.72 61.5231670688413
8.73 51.0496675488858
8.74 55.9005234798767
8.75 63.8257711836892
8.76 25.8938878448621
8.77 68.2607552207951
8.78 52.3559123951777
8.79 59.1677687925469
8.8 45.4488890827925
8.81 41.3827024347802
8.82 49.860601621869
8.83 53.0408480944829
8.84 39.5073949033299
8.85 63.3566771242806
8.86 58.9784981932375
8.87 52.3143122071285
8.88 52.6131274843763
8.89 53.5892204883225
8.9 42.8380534058542
8.91 61.3468849039496
8.92 47.5311413728205
8.93 75.1541454717709
8.94 51.0470786428665
8.95 58.356386451074
8.96 56.017586969414
8.97 67.8159380404329
8.98 46.7876579762241
8.99 44.9642652340436
9 36.185165620795
9.01 36.5515662212098
9.02 40.9777396923859
9.03 42.5319086553199
9.04 38.7716571601975
9.05 48.3369120651254
9.06 51.7043909341016
9.07 62.6782049793945
9.08 47.7007590813456
9.09 51.7171009542805
9.1 45.8545848608989
9.11 62.686177096253
9.12 67.6497403903325
9.13 45.727229964739
9.14 68.9005925336037
9.15 53.2149325891744
9.16 37.1028522230558
9.17 44.7911477231525
9.18 54.2646101845804
9.19 57.2003641178508
9.2 35.8279325848241
9.21 70.3481400057462
9.22 37.9325697329335
9.23 57.147276514357
9.24 41.5913876008671
9.25 63.1664683680695
9.26 66.1594084975732
9.27 39.6936160851338
9.28 53.1052980077465
9.29 42.1623218280409
9.3 61.7852773465808
9.31 59.117317994758
9.32 56.4096937583151
9.33 49.8251598803213
9.34 54.8895443664818
9.35 48.9035823830432
9.36 54.7712576176111
9.37 53.244534803479
9.38 29.5090381217311
9.39 42.834213014638
9.4 45.6069848331607
9.41 48.199734992431
9.42 57.4712644560716
9.43 47.4786727659856
9.44 38.9712376356689
9.45 68.0359935316362
9.46 49.0216938323879
9.47 49.5257856895914
9.48 49.9899651099943
9.49 35.8520862733376
9.5 57.555256565627
9.51 56.4740860807899
9.52 52.8618557077863
9.53 44.7677726368961
9.54 39.0580791090959
9.55 60.1681537806042
9.56 40.1787967879659
9.57 59.6985405645216
9.58 58.8507022027211
9.59 71.9884650794771
9.6 63.1095703090195
9.61 58.6510674885207
9.62 38.7752852485771
9.63 48.9679711803525
9.64 42.6720042352337
9.65 71.9769175580056
9.66 48.3262648313514
9.67 58.2644632318839
9.68 53.7388362426026
9.69 60.2268848200705
9.7 61.9088052037769
9.71 39.0698440263421
9.72 54.0271649194703
9.73 48.7943764235162
9.74 57.1515902223702
9.75 38.7528871375761
9.76 54.3335616999207
9.77 58.9417845936926
9.78 48.0327128287114
9.79 40.1621516526938
9.8 49.7171292465137
9.81 48.2686927913168
9.82 60.3721301127183
9.83 44.7104741778025
9.84 67.4444074830239
9.85 48.0084084340747
9.86 52.6342081173097
9.87 62.4878208032071
9.88 52.6243315128391
9.89 57.4918948572062
9.9 35.5848395903829
9.91 48.1976902106143
9.92 67.2635767856533
9.93 38.6519425034234
9.94 60.6540737371713
9.95 56.1274547363889
9.96 48.3931217253405
9.97 70.8335363201894
9.98 49.6326465180489
9.99 41.0038828677233
10 54.0199241985335
