0.01 3.23676548079079
0.02 -0.456142250123719
0.03 7.73175046648097
0.04 -0.01673059956501
0.05 10.3594073224846
0.06 17.2554089552249
0.07 -2.05995946041891
0.08 12.9415791041061
0.09 11.6181371945891
0.1 14.0974068501942
0.11 2.81144296393026
0.12 5.16311761601388
0.13 -0.569506527940601
0.14 -2.7071810288457
0.15 9.11970099929998
0.16 16.6799203667889
0.17 -11.0459975808539
0.18 -1.98475312904838
0.19 6.49855782069473
0.2 -2.87554265391899
0.21 6.6582355419944
0.22 23.0421923781066
0.23 -14.0191061728716
0.24 16.5351806876442
0.25 13.2924971544558
0.26 3.5868417374406
0.27 14.1305228588259
0.28 4.78061680199708
0.29 24.254381191521
0.3 10.3692875434188
0.31 5.50840272890532
0.32 -0.287120657926948
0.33 4.34153898565794
0.34 16.6817353950717
0.35 13.509236113965
0.36 5.30273321109835
0.37 28.4792528630528
0.38 19.9090322766352
0.39 5.24966603208404
0.4 5.1699965901787
0.41 16.595058528577
0.42 7.40128235023747
0.43 15.2490261668104
0.44 -8.62381464483735
0.45 -10.6801644529175
0.46 19.6559808914989
0.47 7.30218202557695
0.48 9.20586065679282
0.49 -3.53129728222177
0.5 2.9680889227357
0.51 1.17121036995054
0.52 19.131872601289
0.53 22.5547562514391
0.54 -0.785341284659144
0.55 -2.2152085643568
0.56 -5.6325734346546
0.57 3.70681570963167
0.58 16.732683183932
0.59 8.10460724167815
0.6 6.54981566386884
0.61 7.11397426924392
0.62 3.59364887366854
0.63 0.860938825209757
0.64 8.83765041149443
0.65 11.7779773562644
0.66 -9.72732902800563
0.67 0.0832507708630779
0.68 7.54845713439647
0.69 7.35256832553651
0.7 0.40478147660361
0.71 18.6357329958581
0.72 2.44561119117962
0.73 5.92654490402529
0.74 12.0348257530524
0.75 20.7955505174249
0.76 15.1790848209413
0.77 12.3054714827043
0.78 15.8824128919751
0.79 22.3300932392328
0.8 10.3849212745203
0.81 0.348880240028561
0.82 25.8503475116277
0.83 14.4183341077581
0.84 -0.272832159124759
0.85 8.30523055667173
0.86 11.6374322645643
0.87 1.34321619144775
0.88 10.7370749747196
0.89 12.1222404950846
0.9 22.6210579577359
0.91 17.7248459170675
0.92 23.5130398619926
0.93 12.1882460547867
0.94 12.1458540018964
0.95 -11.0560733386108
0.96 -0.224219863478547
0.97 7.59061254767018
0.98 5.08669963143069
0.99 4.23001821571237
1 16.018326855839
1.01 7.61846337228333
1.02 -2.60868977798369
1.03 1.69350648223277
1.04 5.4076920396882
1.05 0.895067482765143
1.06 4.25488797383705
1.07 6.33830395204527
1.08 7.31722441340218
1.09 24.3448736877727
1.1 8.63980585876226
1.11 0.00961641029766902
1.12 5.44790027657304
1.13 32.0019157001642
1.14 15.1881726774279
1.15 6.95169386124518
1.16 6.86601987886451
1.17 10.5287185005392
1.18 18.6332412999229
1.19 18.2636859900232
1.2 1.24514474986567
1.21 9.47910223021771
1.22 17.6591696975796
1.23 17.5186193230758
1.24 7.18590927603695
1.25 22.7636368232337
1.26 13.9024412848135
1.27 4.47210773444588
1.28 18.6190584517521
1.29 -7.84030586203928
1.3 2.59823401457634
1.31 30.691776443342
1.32 19.2934913972186
1.33 20.2892455631704
1.34 26.9079643947308
1.35 10.2163444846439
1.36 16.966173141123
1.37 21.8209631194054
1.38 5.11513105780122
1.39 13.3669110275258
1.4 3.58614408928938
1.41 -4.50408224201385
1.42 -4.04841428382646
1.43 13.1696473071388
1.44 14.3639343267572
1.45 -1.48110543120812
1.46 17.1767819424092
1.47 35.1358050024742
1.48 6.77936334561415
1.49 17.2562141615419
1.5 7.61998999820348
1.51 4.78210000728103
1.52 5.61021451785808
1.53 14.43873084001
1.54 15.4779856034366
1.55 12.6059181315095
1.56 18.8782627715298
1.57 -2.40253213652165
1.58 0.760829920598633
1.59 4.59547486787549
1.6 13.2893029595228
1.61 20.6955001176718
1.62 8.05407456382238
1.63 -2.07107150901935
1.64 18.632661926848
1.65 7.78843026052866
1.66 -3.05230821556824
1.67 3.38450506589577
1.68 8.24233398045523
1.69 15.1439334333213
1.7 22.2353568538498
1.71 4.44597083341223
1.72 1.89120746722067
1.73 19.578750854367
1.74 3.5193733347745
1.75 15.3718286866956
1.76 17.1902165102798
1.77 11.4630235192413
1.78 4.54183565427812
1.79 26.6351973138095
1.8 21.4208533400024
1.81 6.8107440340117
1.82 9.46378661861037
1.83 13.4641861612692
1.84 10.3356829956594
1.85 15.7093202915738
1.86 18.2027056509452
1.87 10.2417055648392
1.88 1.41497183596811
1.89 25.3932016002528
1.9 6.40167991455449
1.91 15.1785134052547
1.92 19.5467241165205
1.93 10.3341514517104
1.94 21.6459908664198
1.95 -3.63181317792819
1.96 25.6114986984678
1.97 21.2857844106121
1.98 33.9055710168792
1.99 6.01996709972653
2 4.90431688968028
2.01 19.592445050423
2.02 29.9501854353085
2.03 18.3417035647772
2.04 9.05830064640953
2.05 41.7729713303278
2.06 29.9757211977387
2.07 3.83399042516822
2.08 1.67833193259311
2.09 17.9161637283694
2.1 21.9697371425488
2.11 -13.7685028119648
2.12 26.1669570930489
2.13 31.1590553185593
2.14 5.15943516420577
2.15 13.3508388444424
2.16 16.6562667533364
2.17 4.36560341399886
2.18 21.1430373599445
2.19 23.3092692542049
2.2 16.7477058896876
2.21 23.4110666992638
2.22 39.8520446095103
2.23 21.4580622273001
2.24 28.0643202657927
2.25 20.7326820321559
2.26 19.1272620508025
2.27 27.0949499365865
2.28 29.0402511864629
2.29 15.9770921011692
2.3 10.2190519437194
2.31 19.5183442718989
2.32 10.1875847019137
2.33 7.74561228705297
2.34 23.4996530121444
2.35 22.1739621809178
2.36 31.3964825628276
2.37 23.6842828049635
2.38 20.2983368874185
2.39 15.9091098489023
2.4 23.3365335517368
2.41 10.6653867354061
2.42 25.5081011732567
2.43 14.3738107020107
2.44 20.5599764276316
2.45 36.5368303943985
2.46 4.29073112951111
2.47 3.3097462719778
2.48 24.9419784424384
2.49 34.9232020412878
2.5 27.1693302862985
2.51 11.6844454541572
2.52 14.7267455758905
2.53 19.9891512000089
2.54 9.88293003011635
2.55 1.02853352366701
2.56 9.06643613578397
2.57 31.1476414505307
2.58 3.06124261900704
2.59 13.3904954402271
2.6 23.1987572560646
2.61 32.1576618178911
2.62 43.9984421243736
2.63 11.3980807802445
2.64 10.5381441441023
2.65 28.7331745938108
2.66 14.3348607209196
2.67 30.3650226001442
2.68 19.0481703949963
2.69 14.8433230872925
2.7 19.1162849935601
2.71 -2.15671365274873
2.72 4.42817210636905
2.73 23.0643365210025
2.74 13.3400987847582
2.75 -5.81733073082551
2.76 6.35938986319064
2.77 28.2568668113098
2.78 17.2783434629046
2.79 3.3652458295254
2.8 15.0223216215214
2.81 13.3675840505764
2.82 17.2508739964613
2.83 15.5227996889981
2.84 18.3499357599126
2.85 16.5708234122128
2.86 16.5180684782129
2.87 22.7042454154714
2.88 9.26462653147717
2.89 36.2113877080075
2.9 32.9276347751981
2.91 19.836408753338
2.92 12.096885725867
2.93 20.8486842764759
2.94 28.3674392657232
2.95 5.11513550791917
2.96 31.9847573935559
2.97 20.9049530159579
2.98 19.7572954690463
2.99 22.7676842601056
3 17.2664685418313
3.01 8.08772976529218
3.02 9.71989210743098
3.03 21.1424205632026
3.04 23.4782420477237
3.05 13.7041008077274
3.06 19.291510918584
3.07 -0.029881000980911
3.08 28.5177439694688
3.09 10.7051474658407
3.1 4.90191233920392
3.11 12.2405875898526
3.12 36.7887449632201
3.13 25.6071394380379
3.14 0.173029090548482
3.15 3.39687774495525
3.16 13.8054967498523
3.17 30.5621320108052
3.18 20.3691675643134
3.19 40.7866721539714
3.2 29.096299074614
3.21 23.8664638876092
3.22 10.4092222295446
3.23 18.5735143682898
3.24 23.8135688994299
3.25 23.9157971532199
3.26 27.9401276735575
3.27 5.15049224664867
3.28 17.675087416941
3.29 43.8729618166876
3.3 20.6649365795464
3.31 17.8925693157551
3.32 9.78487446641111
3.33 29.999232936638
3.34 22.6327366767427
3.35 14.7022081968736
3.36 7.89874487191785
3.37 27.8991823074538
3.38 25.5623337784825
3.39 0.24396858988942
3.4 18.9011899164174
3.41 9.46489011504507
3.42 19.7485066314352
3.43 41.6670708700756
3.44 29.1187190327826
3.45 29.1821727127101
3.46 16.9819985809427
3.47 15.5860255306492
3.48 23.9308684486433
3.49 33.5057074981061
3.5 26.4382132441689
3.51 29.6066123734531
3.52 28.8695010506695
3.53 10.5170527516837
3.54 29.8545245809227
3.55 19.4213730695191
3.56 12.9759712013774
3.57 19.7605599545019
3.58 35.3104226481549
3.59 22.6200556681108
3.6 3.51967952464348
3.61 14.1366181448451
3.62 22.3744906321746
3.63 31.9655068664517
3.64 29.9136661196298
3.65 32.696761468732
3.66 18.3507151741775
3.67 21.097943037452
3.68 30.4400810079575
3.69 42.29541192066
3.7 23.4967912816417
3.71 17.9516449363088
3.72 27.5064320069083
3.73 26.8919674249869
3.74 16.8566600149279
3.75 25.9220610848547
3.76 25.4217070334896
3.77 34.53937456559
3.78 33.895745739389
3.79 40.789648413573
3.8 3.2546096218551
3.81 31.8566185171702
3.82 22.8310194206669
3.83 13.417281624603
3.84 28.3300780896466
3.85 18.9173888102277
3.86 21.2274509884205
3.87 31.3992584435305
3.88 12.6879088230792
3.89 30.5576497458398
3.9 25.6947341730214
3.91 31.5834726444233
3.92 38.2231998653007
3.93 33.6169247601581
3.94 6.87148321424409
3.95 24.7533485424245
3.96 23.7173833726568
3.97 27.3490546436201
3.98 0.654344974300752
3.99 5.50725746652974
4 22.7522302726892
4.01 27.1329355896095
4.02 16.5333583058108
4.03 28.8736045067017
4.04 38.4155755015027
4.05 21.6818890817699
4.06 19.8728715792183
4.07 11.2447967007889
4.08 27.4342549916055
4.09 23.9325282388486
4.1 16.0724492668127
4.11 13.4389297522606
4.12 19.6107441445162
4.13 7.90725135804986
4.14 52.764592131291
4.15 16.6035511208935
4.16 25.4111557868146
4.17 26.2707398197244
4.18 21.6236513752359
4.19 37.055215614675
4.2 9.82958556680368
4.21 19.3236325621886
4.22 27.7506856525741
4.23 10.7379747749941
4.24 15.0657108203927
4.25 36.2517457134522
4.26 27.9176800923407
4.27 17.108646928557
4.28 5.1729750899862
4.29 29.1510674586994
4.3 24.1751228820198
4.31 37.3364990755025
4.32 42.0029104892138
4.33 23.1288780831228
4.34 18.7357579719258
4.35 28.12084049658
4.36 28.3421676133261
4.37 38.6202919548433
4.38 32.3805609392239
4.39 45.0384443108193
4.4 28.3900575663848
4.41 35.2807911889346
4.42 30.5031952218225
4.43 40.9281338812974
4.44 18.7528214293216
4.45 43.7216725131273
4.46 33.9133718499312
4.47 22.987017063085
4.48 35.5775256703642
4.49 11.7306395131231
4.5 23.5663980885503
4.51 44.8802344411656
4.52 36.2544536915217
4.53 8.62742792696617
4.54 35.8887429947615
4.55 9.6928398399757
4.56 24.138036584126
4.57 44.9446574856982
4.58 35.7539534860371
4.59 29.8075612503835
4.6 40.7251531324124
4.61 32.9198750842551
4.62 43.1753322436599
4.63 34.6129102731263
4.64 26.8665364480016
4.65 33.6041655650835
4.66 20.6613377193794
4.67 18.7909468575285
4.68 33.9324728881766
4.69 46.3398664690773
4.7 12.3717005967825
4.71 30.781122107642
4.72 31.7591867843068
4.73 28.6492228915661
4.74 30.7637588284839
4.75 46.8298700020939
4.76 24.0805932440825
4.77 23.8308399859764
4.78 34.612328030081
4.79 14.4745743948824
4.8 30.4350729873766
4.81 29.9805238913391
4.82 16.147312723222
4.83 31.0828052847434
4.84 19.0924696220846
4.85 19.9900471883558
4.86 32.5309725327085
4.87 27.3969486025329
4.88 15.1442439478261
4.89 25.3426986696785
4.9 42.5900480446731
4.91 30.2303129584725
4.92 27.0991476872853
4.93 33.3440559672322
4.94 35.3354966862033
4.95 27.687999728753
4.96 33.8626305083142
4.97 3.0925931904264
4.98 16.6974742774886
4.99 21.5599581137878
5 1.23046241112562
5.01 52.7562087649544
5.02 22.0948549990896
5.03 26.159661942728
5.04 19.3015705001062
5.05 32.6606400554166
5.06 12.6125164421725
5.07 41.2530275251018
5.08 10.8536759216057
5.09 27.5694293213051
5.1 39.453157228619
5.11 37.1911313911477
5.12 20.8155707430862
5.13 34.5878373063981
5.14 28.1604572758909
5.15 34.2323925876256
5.16 30.4780011256529
5.17 34.9419110425729
5.18 16.2315428671978
5.19 36.8259615477146
5.2 12.4911377245944
5.21 27.6396059001382
5.22 35.1330221765641
5.23 34.2513072216662
5.24 23.8750244435607
5.25 30.9286905571968
5.26 32.5117573509628
5.27 33.1556340309387
5.28 28.9104266646739
5.29 31.4165189030138
5.3 25.9734595181846
5.31 25.9294675576454
5.32 24.5544535057544
5.33 37.2476895625719
5.34 54.2533338706254
5.35 39.3976526383702
5.36 37.6133525661831
5.37 16.8671613004737
5.38 39.114681787576
5.39 36.313531366511
5.4 34.9225322014812
5.41 24.4287279890282
5.42 46.9945737334076
5.43 53.2346550863804
5.44 6.80358277322812
5.45 26.8742566957737
5.46 31.5281869759072
5.47 21.7207947604142
5.48 36.3623125664958
5.49 25.446837644076
5.5 33.3787193061061
5.51 19.8625067051955
5.52 32.3677726868458
5.53 30.2890288214458
5.54 51.1215562375216
5.55 27.5186373342478
5.56 33.745100287935
5.57 16.5724952076304
5.58 24.0140283286857
5.59 23.6458393061885
5.6 31.5141801684864
5.61 25.0302073096462
5.62 31.5386392173398
5.63 31.3105216986801
5.64 40.3623059689365
5.65 42.7820964310725
5.66 18.8761569948737
5.67 48.0153640389564
5.68 21.1026650552036
5.69 28.5062800050494
5.7 32.6310210142008
5.71 29.9835458033927
5.72 35.4238909295336
5.73 27.3753431587166
5.74 31.1305577592553
5.75 47.1016256414817
5.76 24.200649967679
5.77 55.0935726047537
5.78 30.8250990783061
5.79 39.2447468223522
5.8 43.5263446289958
5.81 26.035261969598
5.82 37.8158051525246
5.83 33.38961389968
5.84 39.3360442918838
5.85 35.2061701747546
5.86 11.591802135297
5.87 30.3714278765247
5.88 40.1073656396619
5.89 36.0245113992107
5.9 49.0288059124511
5.91 40.1462507443098
5.92 35.1474434559542
5.93 37.4069150927899
5.94 43.4076317599232
5.95 25.5656123331683
5.96 42.5464101482626
5.97 31.685881834865
5.98 25.038510577938
5.99 25.8937124558936
6 18.1013496125329
6.01 33.4722386869352
6.02 38.5297883286669
6.03 37.0832569116789
6.04 19.6527000147554
6.05 27.8581759820851
6.06 24.5361765571231
6.07 46.0286174297579
6.08 28.9947830927826
6.09 3.04240961054461
6.1 34.4404851575388
6.11 37.9754621644049
6.12 59.0683441915114
6.13 24.5750250012842
6.14 41.2927403145504
6.15 49.6673928566622
6.16 36.6196273201267
6.17 30.502283109198
6.18 28.7062743345751
6.19 52.4434922472348
6.2 24.62704987885
6.21 36.7258265634346
6.22 10.9903793687076
6.23 35.3480416628467
6.24 38.3367059845602
6.25 54.4710537276688
6.26 37.5649723999915
6.27 40.2136747717924
6.28 32.7020367487745
6.29 21.9055598376738
6.3 42.0589903417202
6.31 32.0665294698732
6.32 22.2873416092497
6.33 45.7281239639336
6.34 32.0861699686638
6.35 34.0834297539357
6.36 41.4838326165993
6.37 36.9071448231536
6.38 41.6820821285475
6.39 37.2371859942445
6.4 45.5381029271181
6.41 43.8919932870314
6.42 42.5660287789733
6.43 54.2932204345942
6.44 33.206758888876
6.45 47.4150789530938
6.46 25.4798012111062
6.47 27.8173664277404
6.48 34.4981192126423
6.49 27.2454755894238
6.5 34.0242254477948
6.51 49.7208541914488
6.52 41.8292177730862
6.53 37.5562386443037
6.54 47.3711648535999
6.55 19.7270809172257
6.56 26.1571160904221
6.57 12.1902983707678
6.58 36.6034662627481
6.59 42.9057443909491
6.6 42.4803362806593
6.61 33.3525643992185
6.62 38.6139660623114
6.63 20.1952774630991
6.64 40.8884271128495
6.65 60.7508318395538
6.66 37.5477927796295
6.67 44.3426002172206
6.68 44.2765449273622
6.69 42.0853537211759
6.7 50.7391841411234
6.71 30.8253388946307
6.72 51.4778147656161
6.73 50.8189316580723
6.74 24.982942980023
6.75 40.809590776131
6.76 45.6969092612451
6.77 42.6020911771583
6.78 38.138718087637
6.79 48.5874002845044
6.8 44.3838733018943
6.81 12.1893641940022
6.82 34.8308916288718
6.83 34.2864445344831
6.84 33.4356087492019
6.85 32.7570742096743
6.86 41.1741215607084
6.87 40.721081340355
6.88 47.2798792145314
6.89 32.9683344020744
6.9 44.1463697953109
6.91 33.4943480231982
6.92 37.9421505711856
6.93 34.4041703439461
6.94 25.0207546914951
6.95 38.5446327411791
6.96 52.1006458820774
6.97 39.8833437372455
6.98 39.0044974729801
6.99 36.6428764741317
7 57.5107523712981
7.01 31.3956070571901
7.02 26.8534456356461
7.03 22.5687528120681
7.04 53.043278520083
7.05 36.4160409892062
7.06 37.0317191527386
7.07 36.3617477995079
7.08 36.5236657393498
7.09 28.4944442144251
7.1 57.5776312078504
7.11 44.4414090345923
7.12 37.9102333586598
7.13 49.4835402686785
7.14 59.6032711477297
7.15 27.6936189157017
7.16 28.8681718600731
7.17 56.7471707179539
7.18 36.9635528444465
7.19 53.6504054633125
7.2 30.2087494334193
7.21 43.2218728796368
7.22 32.0978338441473
7.23 45.0709629032551
7.24 30.0964832287515
7.25 42.7631824210118
7.26 42.2742974580228
7.27 53.2747967446326
7.28 19.6293223310199
7.29 59.6088681276925
7.3 44.5825928098793
7.31 36.4826033489992
7.32 40.3402300203682
7.33 54.872255902357
7.34 24.2845566804875
7.35 57.3182080496731
7.36 26.6191443196528
7.37 39.9862104068255
7.38 38.3749070602311
7.39 44.6468311665842
7.4 53.0756344061505
7.41 41.4843917639389
7.42 24.4925018339439
7.43 41.7093159475056
7.44 42.3722519997169
7.45 35.7823991948434
7.46 38.3406572267932
7.47 48.7855369603506
7.48 30.2373588066341
7.49 40.1914218913327
7.5 45.3167652795933
7.51 10.6856013633645
7.52 44.6466594782359
7.53 48.3500734929255
7.54 59.8512558536394
7.55 21.3330755705355
7.56 49.915076109064
7.57 44.0383093580322
7.58 32.1902795434197
7.59 67.3434452978703
7.6 43.4759770494684
7.61 35.7269431815058
7.62 45.7678098042098
7.63 33.394559268301
7.64 56.4989729327398
7.65 47.3380495755553
7.66 50.1578109117481
7.67 47.7451315634654
7.68 48.3481048549989
7.69 44.2168022879576
7.7 36.4958496111883
7.71 56.7070929349311
7.72 50.6184575972151
7.73 48.0613705289549
7.74 33.1656234841229
7.75 78.9505546016082
7.76 48.913988147893
7.77 36.8629769196865
7.78 49.9728727657493
7.79 46.1162518817907
7.8 23.9381406972862
7.81 25.0608929175513
7.82 45.7826546726918
7.83 41.2281259933806
7.84 42.8246306632126
7.85 60.9936410896543
7.86 27.4605535723108
7.87 31.6975232619966
7.88 56.230760558868
7.89 34.9069642039477
7.9 46.4923109805861
7.91 28.8754143718711
7.92 41.1177964621734
7.93 31.6095757610136
7.94 34.461128448351
7.95 31.6259233475503
7.96 50.586536526688
7.97 62.4069329752802
7.98 51.487126784101
7.99 48.544299443587
8 54.5333817015123
8.01 59.929333283453
8.02 42.385597493946
8.03 51.360995765652
8.04 51.258698271343
8.05 29.9036285563947
8.06 58.5784878351154
8.07 60.2385873366257
8.08 58.6515866083208
8.09 42.4426566687046
8.1 40.7221783111822
8.11 73.4112254611302
8.12 39.1338323010786
8.13 40.0144894562881
8.14 54.2807306588074
8.15 59.0029451652647
8.16 31.103233795402
8.17 42.2629580203133
8.18 51.4043094215603
8.19 46.0811126024111
8.2 40.703641970968
8.21 57.0763894569995
8.22 44.8805408194349
8.23 41.4864902410184
8.24 29.2898408086221
8.25 58.2953636779512
8.26 28.0184778681738
8.27 49.1022016324319
8.28 45.4637348472817
8.29 56.4384953199544
8.3 38.9892558889642
8.31 62.3384684601344
8.32 61.0720788671052
8.33 53.1666896300555
8.34 49.0481842299076
8.35 54.7696917426444
8.36 47.1489858439308
8.37 30.1310095152301
8.38 39.8875425562409
8.39 49.6381345809763
8.4 30.2069687244905
8.41 49.5716240691413
8.42 59.8211274986693
8.43 32.4476849455045
8.44 38.5250793599305
8.45 38.2527814801856
8.46 50.1007362523523
8.47 55.5060342275291
8.48 50.4965687412851
8.49 61.8532498780986
8.5 41.2788180405048
8.51 40.4677660149294
8.52 45.2059408663554
8.53 47.7688007015539
8.54 60.3949030834586
8.55 53.9573435258255
8.56 62.5597323007398
8.57 61.4790237284922
8.58 42.6606510210773
8.59 53.1350476853448
8.6 46.9787693349388
8.61 57.2243515691077
8.62 46.2282283898954
8.63 49.9758233273215
8.64 34.8281423985568
8.65 57.3436797140229
8.66 76.2318397353059
8.67 58.53659797434
8.68 69.1871383389094
8.69 50.9717844138131
8.7 49.9727979011876
8.71 29.5691921703974
8.72 55.9775777033948
8.73 48.0196767436687
8.74 54.6757902710083
8.75 16.8324684806211
8.76 48.4905694880937
8.77 64.4504856084575
8.78 41.3580494889019
8.79 59.8714232536355
8.8 24.9637705436659
8.81 46.1980887773778
8.82 35.7475321296753
8.83 55.8403273789684
8.84 40.4368429043702
8.85 62.3333824190847
8.86 34.3449548729193
8.87 53.649794545999
8.88 49.9937292409966
8.89 45.952647094217
8.9 49.2842793601566
8.91 38.8163177914804
8.92 56.7829338421677
8.93 53.1335581238926
8.94 43.6134452214366
8.95 49.9130854036856
8.96 58.5554278616538
8.97 30.8906484167199
8.98 57.7622284513068
8.99 65.7468888675282
9 62.9339327587553
9.01 56.8846794408015
9.02 58.2267442531258
9.03 28.0049321650367
9.04 53.6730282552878
9.05 51.5933024615215
9.06 54.7712232531965
9.07 53.5841002684494
9.08 45.2997130804179
9.09 60.292134913658
9.1 50.8027975357414
9.11 61.9656897953908
9.12 48.9559923020517
9.13 50.802703289372
9.14 55.5344030033418
9.15 36.4387404950345
9.16 49.7504655914348
9.17 42.2889391833995
9.18 46.5034778243571
9.19 40.0843378442701
9.2 70.898931824149
9.21 58.1201207961649
9.22 55.9623022787799
9.23 44.6068153572069
9.24 49.0314876518783
9.25 49.2530696624546
9.26 51.9659619997666
9.27 42.1827577684725
9.28 42.7520373909766
9.29 38.4290043321244
9.3 53.6357254523847
9.31 46.7454711356312
9.32 50.9696512093267
9.33 48.8516325793592
9.34 51.757348215471
9.35 57.5344593853269
9.36 42.2640681128582
9.37 50.6369912158689
9.38 49.8678422959728
9.39 60.9848147312558
9.4 43.527170538316
9.41 49.7417769864062
9.42 53.016988451158
9.43 62.9525288903688
9.44 54.3776471605276
9.45 49.706053782044
9.46 52.0884417008661
9.47 49.3739107513225
9.48 74.4006807684314
9.49 27.1709766103318
9.5 58.7915488781039
9.51 30.3071561748397
9.52 58.31854943513
9.53 50.3527484039787
9.54 52.700500936672
9.55 52.896602316039
9.56 66.2886021065062
9.57 54.4425759356588
9.58 45.7119061214385
9.59 64.3399781906997
9.6 57.9547489254278
9.61 56.1748749322954
9.62 47.7244203324075
9.63 45.2160224097581
9.64 50.2337988940129
9.65 49.7487584921193
9.66 48.1225482810981
9.67 43.9114023852946
9.68 62.0005010726041
9.69 44.1891708348582
9.7 51.5284106609102
9.71 40.9437661642792
9.72 73.1252799734873
9.73 48.0643278080453
9.74 49.6946921806661
9.75 54.3716239580048
9.76 53.4870926958814
9.77 48.9835367871602
9.78 53.0081219945809
9.79 50.9449526683252
9.8 54.4907052345602
9.81 71.3192694669269
9.82 44.3438612521117
9.83 49.8337969101264
9.84 73.9812507678145
9.85 55.2683354287559
9.86 49.7893293618973
9.87 48.9624712804648
9.88 43.6633349671954
9.89 52.3504993286264
9.9 47.5862412356955
9.91 37.1653791039599
9.92 61.8906058683696
9.93 50.0312656197455
9.94 64.1591057613942
9.95 56.1649788672683
9.96 65.7115376469398
9.97 57.0579709988323
9.98 68.6879299891301
9.99 52.0066004953688
10 41.6552923945238
