0.01 -5.39459517636153
0.02 21.9954228710693
0.03 9.84810322541334
0.04 -0.504440594146272
0.05 22.5899467123645
0.06 5.31716714895354
0.07 0.163654468154233
0.08 9.53394936427399
0.09 7.11777496232091
0.1 -17.626406847668
0.11 -6.4717940988126
0.12 1.42150018211248
0.13 32.3580390218661
0.14 7.33272259115033
0.15 -5.45527716693964
0.16 15.4865718398064
0.17 -9.22461338013118
0.18 7.9713895508013
0.19 20.0325599832085
0.2 -3.20103723328331
0.21 8.74389479214638
0.22 21.0081182307797
0.23 -3.56847463723714
0.24 3.08476571267944
0.25 -5.23329720676855
0.26 -3.93268978758572
0.27 5.80864417557419
0.28 -2.10489759741242
0.29 16.2262294293756
0.3 11.413616964833
0.31 14.0558347479168
0.32 -6.404400148235
0.33 11.7809064637384
0.34 1.52200579419739
0.35 -5.12479412208547
0.36 7.69366822237023
0.37 14.7928146484631
0.38 10.280993958078
0.39 6.54836340290704
0.4 6.69818147073863
0.41 -0.483588436363524
0.42 -4.90540361446822
0.43 -3.74402172296309
0.44 5.34853645795062
0.45 6.11391827542887
0.46 3.78240625465806
0.47 12.0502216429542
0.48 15.5547903657411
0.49 -16.6826792170977
0.5 13.059132707913
0.51 9.70491704532382
0.52 14.8188027720613
0.53 2.32758786149322
0.54 8.8650840011168
0.55 20.4126131490464
0.56 17.5112779829306
0.57 -6.44562880452119
0.58 22.2636918999399
0.59 12.2551550087708
0.6 25.4013909998819
0.61 13.2786874292706
0.62 10.6350002002035
0.63 1.04104020373257
0.64 19.7803166008727
0.65 8.00133283613248
0.66 1.76884408313318
0.67 8.695980094891
0.68 2.96899475490998
0.69 24.6717500161446
0.7 10.1488881747429
0.71 3.39978578971386
0.72 17.988206825617
0.73 8.9481097599913
0.74 24.9783053869368
0.75 10.5729615741158
0.76 7.75306153933218
0.77 16.979519999507
0.78 14.2576398230659
0.79 16.7905963953482
0.8 2.90740934963031
0.81 1.22140538544308
0.82 10.1406864399365
0.83 18.0032993046229
0.84 -1.65038490279893
0.85 7.30624773520737
0.86 9.47388916744726
0.87 4.01862800249281
0.88 22.4619042620541
0.89 17.6583789619594
0.9 13.4260418130166
0.91 12.5137406233638
0.92 23.0146033905614
0.93 19.2894114725491
0.94 7.14248533796963
0.95 17.1409607508691
0.96 20.730852166609
0.97 5.53120903714466
0.98 13.6423731295975
0.99 17.5714551632654
1 30.4123425670022
1.01 -2.5931455310893
1.02 10.6136746598671
1.03 17.6465302318353
1.04 12.847569847222
1.05 6.10613273354538
1.06 20.0056652922103
1.07 25.2876802101485
1.08 23.5087676142912
1.09 9.35075784062842
1.1 12.6441891554647
1.11 3.0016886959279
1.12 10.9204248183033
1.13 29.1109415656288
1.14 -1.79652306276096
1.15 15.9644571565798
1.16 2.81436507105203
1.17 29.9202139648155
1.18 20.0566492157858
1.19 21.8631721071975
1.2 15.333468513576
1.21 -4.62010840063401
1.22 10.1672606677488
1.23 24.2829151563353
1.24 15.1287149611018
1.25 0.401376139811627
1.26 4.96959710380821
1.27 21.2448118775619
1.28 -1.21827879093265
1.29 5.91513676896773
1.3 21.8701952126163
1.31 19.8252045450769
1.32 9.17526926788885
1.33 21.3035493287007
1.34 -0.273191706399068
1.35 16.5512076723617
1.36 11.9697862401852
1.37 -6.9161386998865
1.38 38.5307998189921
1.39 12.0295433004995
1.4 16.0268006977813
1.41 6.96279217884548
1.42 11.2444318826528
1.43 -5.15812939613349
1.44 11.9476535238152
1.45 31.1391173119616
1.46 2.80821546791843
1.47 15.9074177639551
1.48 16.9702720218615
1.49 0.07580761257665
1.5 13.5273221853959
1.51 0.110968733710498
1.52 14.0856917192527
1.53 2.3940578180145
1.54 4.67776780692188
1.55 5.16004111962029
1.56 -4.34988535968055
1.57 12.0743305266008
1.58 9.49419969972429
1.59 28.6296837659363
1.6 21.3529587652184
1.61 25.0155539532251
1.62 10.3150505503185
1.63 36.9309847493617
1.64 7.99031902372652
1.65 0.227414842028601
1.66 -1.32069943733564
1.67 5.03624876623456
1.68 20.9416590632771
1.69 18.6578895066723
1.7 13.6634201177774
1.71 7.44786094229389
1.72 18.4518291550201
1.73 23.5206298361672
1.74 6.63162195907323
1.75 4.62949401513344
1.76 22.266070573931
1.77 11.7598544045378
1.78 -1.69577862199944
1.79 21.031497936094
1.8 27.1903517823761
1.81 21.131392813127
1.82 24.4524385441913
1.83 15.6161352510831
1.84 20.6857719440507
1.85 20.3583608259677
1.86 16.7097133761014
1.87 18.9116685858932
1.88 26.6229287836243
1.89 21.5298428048751
1.9 19.4100850726965
1.91 4.34492089913726
1.92 31.1040858548174
1.93 6.5093853598665
1.94 2.31422431544073
1.95 30.7100211776613
1.96 3.28264421775803
1.97 16.0205481303454
1.98 33.5308682370581
1.99 16.8154493351708
2 12.8845881821814
2.01 28.0898197880432
2.02 25.0661779896369
2.03 8.65065906005798
2.04 10.5802130798623
2.05 9.14743390547487
2.06 3.74958831360108
2.07 26.5314456543306
2.08 8.07878700865107
2.09 10.2594563953513
2.1 7.65562171327342
2.11 27.2268022672418
2.12 21.81911763997
2.13 11.2446468039259
2.14 26.6215669644339
2.15 17.0504627616437
2.16 28.0955895022462
2.17 17.621869024254
2.18 21.6928884458445
2.19 10.1925459290601
2.2 4.67359885512781
2.21 29.8055418173296
2.22 3.51324811108157
2.23 32.3505014562699
2.24 22.0575965648204
2.25 20.9742857984403
2.26 13.2618953684061
2.27 14.5779784666404
2.28 24.6712893282106
2.29 11.8281788741541
2.3 23.8417626747452
2.31 8.27867130090452
2.32 25.739292469476
2.33 29.5236276650495
2.34 0.752704801924486
2.35 16.0309890804224
2.36 1.38479186186555
2.37 10.3277683973773
2.38 11.4035244797167
2.39 25.8756647916454
2.4 12.0901761941184
2.41 18.9388902121752
2.42 19.7599655379016
2.43 -0.444539915815588
2.44 14.4817588776822
2.45 22.8253805512785
2.46 12.3594057682392
2.47 8.78522871295876
2.48 37.7199808106595
2.49 32.0132958598211
2.5 25.3427195488041
2.51 4.44246141558187
2.52 8.41970804973373
2.53 4.36808384744463
2.54 6.56076424884521
2.55 13.7844005994858
2.56 -3.70445419025688
2.57 35.1945293835513
2.58 10.8442273817
2.59 32.5824530352049
2.6 23.2213431142809
2.61 11.6441849688798
2.62 31.8239858403853
2.63 4.62396321504504
2.64 26.6224113960283
2.65 29.3864804951348
2.66 -4.37938640224514
2.67 16.3139647546148
2.68 15.5307289584108
2.69 1.16336781989428
2.7 19.6143313085154
2.71 26.5810913270434
2.72 35.7629796813218
2.73 9.46603869446286
2.74 19.8942444795253
2.75 23.5980609495212
2.76 11.1619547344069
2.77 29.6928286292213
2.78 13.7000264179787
2.79 19.3312923788244
2.8 26.7731989721987
2.81 4.55568030700436
2.82 7.32545370110712
2.83 20.9899022757451
2.84 17.906382383654
2.85 30.7802736391822
2.86 6.02195001175297
2.87 25.244352804309
2.88 11.4309578127999
2.89 12.6772561494478
2.9 7.74455348380696
2.91 17.4958948641326
2.92 22.0937169480096
2.93 47.5190512176007
2.94 27.8695536250046
2.95 18.5301953296897
2.96 9.07636734878478
2.97 24.9809916263517
2.98 40.6036117507217
2.99 40.7361668021171
3 15.2468038569281
3.01 38.4688784473761
3.02 22.9113840337272
3.03 14.0168928064634
3.04 26.7646138299101
3.05 11.1957983291447
3.06 17.5073566342786
3.07 30.4012753466803
3.08 21.491488746714
3.09 20.4554218677487
3.1 29.0269349996907
3.11 25.7369771144301
3.12 21.6684446789781
3.13 17.6347683925806
3.14 18.7919866879281
3.15 11.0106652281015
3.16 24.5533392140555
3.17 13.600376739811
3.18 20.3169173524008
3.19 4.6643539127512
3.2 14.0217937352859
3.21 16.7327834052676
3.22 23.7428080147213
3.23 20.3542661495612
3.24 15.3589763748475
3.25 18.7284209606677
3.26 14.6200191842079
3.27 17.30696950056
3.28 19.2160768619424
3.29 8.55325546921405
3.3 10.9022725580503
3.31 27.8233244190547
3.32 37.7082993063938
3.33 20.7538906438485
3.34 10.5330539229095
3.35 13.2273674517507
3.36 21.1560731102067
3.37 21.4191003058548
3.38 12.2382344366821
3.39 10.6098609740376
3.4 20.195921296207
3.41 13.9999832495057
3.42 26.0216969985669
3.43 13.1669512251659
3.44 17.2260662705222
3.45 30.679132063765
3.46 37.0259179866892
3.47 26.2451580086652
3.48 38.2011079584074
3.49 21.0560457134449
3.5 18.5969414458386
3.51 30.681030424045
3.52 8.86055267926635
3.53 28.7528224266647
3.54 11.5448149428679
3.55 15.1499385711992
3.56 7.80323838186313
3.57 19.9060735827599
3.58 14.8580173862251
3.59 16.3388921870676
3.6 16.3901764419597
3.61 24.1626974810518
3.62 17.8615785096099
3.63 35.9515380695617
3.64 19.6076829155792
3.65 -0.343861133752007
3.66 17.2782973511708
3.67 25.2955702264648
3.68 39.8185653639835
3.69 46.5525227833019
3.7 28.5042847680311
3.71 11.7827821941806
3.72 16.4436228104386
3.73 13.3258088100158
3.74 24.5966944228609
3.75 24.4343242788608
3.76 12.4606849008785
3.77 10.2921012408624
3.78 31.6701200921694
3.79 14.0282403057517
3.8 22.7491297190009
3.81 36.1210354775059
3.82 8.09770075410496
3.83 32.5482417879299
3.84 42.3183159757738
3.85 13.0768388426554
3.86 41.9410198239888
3.87 15.7481928140075
3.88 35.2896596574988
3.89 21.798998242452
3.9 37.7710246177513
3.91 21.2605379075176
3.92 44.0822077948826
3.93 24.6198552875445
3.94 23.0290971064561
3.95 19.5295721404302
3.96 23.7351753225545
3.97 31.0870029248981
3.98 27.031818999964
3.99 39.4782021805942
4 22.8760078850465
4.01 30.51573359759
4.02 26.5228807555994
4.03 5.64518339558863
4.04 25.5275755032456
4.05 39.878165691153
4.06 17.6460368911617
4.07 25.6295557831661
4.08 31.9291541945089
4.09 37.4495795491855
4.1 28.064031388599
4.11 20.4882089670733
4.12 26.4913586755059
4.13 29.3579670962129
4.14 40.3274085540097
4.15 26.8290289709104
4.16 23.2576366941441
4.17 14.9761268388915
4.18 33.4938516423009
4.19 19.2092270128277
4.2 12.9275362146787
4.21 18.0714450775999
4.22 28.2353613682
4.23 20.9621911752024
4.24 17.8607410457449
4.25 32.7195635986138
4.26 33.5356751486371
4.27 47.6699588461954
4.28 15.2598724300488
4.29 43.4042086359031
4.3 18.3917833726211
4.31 19.7471493049262
4.32 23.4821470544194
4.33 23.4894183486618
4.34 29.5790161542229
4.35 15.7356825173254
4.36 26.9643587031909
4.37 23.9813463787729
4.38 21.7588607899275
4.39 27.4103248600809
4.4 27.2661119857642
4.41 32.3313182928256
4.42 30.493027897504
4.43 21.0718198918904
4.44 26.2274014818676
4.45 40.515676539005
4.46 25.4758407047034
4.47 40.0188062059488
4.48 39.337604004469
4.49 24.7565646102977
4.5 40.4264460212474
4.51 34.0477502767149
4.52 30.2134587185257
4.53 21.8412248616868
4.54 38.0486969540896
4.55 30.2418629926132
4.56 23.9332802131034
4.57 16.5957582960007
4.58 46.4725191257912
4.59 39.6911900894603
4.6 40.361124497983
4.61 40.2267646037679
4.62 35.2147727026626
4.63 33.7852990247204
4.64 30.9447725520501
4.65 13.3787721248051
4.66 39.9920591325629
4.67 43.783686416987
4.68 10.3721519045551
4.69 30.4066814127686
4.7 39.6287017401922
4.71 35.0835710904543
4.72 35.1911518643125
4.73 36.6547928835361
4.74 22.9623400824235
4.75 14.3024399076588
4.76 21.8433539016394
4.77 33.5812414380389
4.78 32.0015289582066
4.79 23.8363273635659
4.8 34.2176152630653
4.81 22.5462244052821
4.82 6.20517433978915
4.83 33.3790153809429
4.84 38.9042625742451
4.85 29.2488375357926
4.86 23.455269384677
4.87 16.7466022222919
4.88 30.9600365397157
4.89 29.7471392173773
4.9 23.3717625535685
4.91 29.0886922572553
4.92 25.3880412358057
4.93 20.8259708880835
4.94 44.5817860171393
4.95 18.3168205694017
4.96 20.8732022500373
4.97 15.3427022465216
4.98 38.2329643626705
4.99 42.5380212754451
5 35.0713683918461
5.01 37.7011493314621
5.02 37.7078574751597
5.03 17.0644517482614
5.04 23.3456933799147
5.05 41.8865772232311
5.06 27.6207080220457
5.07 15.7442362409957
5.08 34.909689824193
5.09 35.0835100299348
5.1 29.6403985202956
5.11 46.8946881357632
5.12 37.635742216769
5.13 29.0598389842366
5.14 20.8130230081081
5.15 37.3774850078486
5.16 22.5780368434397
5.17 44.8890316613464
5.18 29.9170152718065
5.19 29.0861426404279
5.2 40.860191796605
5.21 40.6394657165548
5.22 35.0490253227819
5.23 27.8102044099673
5.24 31.3204731368106
5.25 35.3067960312406
5.26 27.9614468183105
5.27 21.7143955209989
5.28 19.9747710478069
5.29 39.4272094130329
5.3 36.7679906437258
5.31 26.1774941542776
5.32 24.468980066326
5.33 36.0782254876719
5.34 45.1374834241712
5.35 11.529870151298
5.36 48.6729868306159
5.37 23.7415941745021
5.38 41.0710326606895
5.39 23.1624133588987
5.4 30.6322653892061
5.41 21.5042631325247
5.42 20.7606096468778
5.43 30.791092438253
5.44 27.5346277753202
5.45 19.7145770735163
5.46 38.274001237389
5.47 14.188725704703
5.48 37.6293215959074
5.49 23.3917255556875
5.5 25.6476369426473
5.51 25.0284389861947
5.52 26.0900637709091
5.53 41.918232190496
5.54 40.2880948332885
5.55 25.8743390389298
5.56 33.359099988032
5.57 15.389268872619
5.58 25.6105188462241
5.59 39.7335343273068
5.6 23.4625501712789
5.61 30.7336719800211
5.62 21.4917254572244
5.63 36.591625440254
5.64 38.1454227272396
5.65 16.9566046416181
5.66 52.3013942949204
5.67 22.1738552798212
5.68 51.2480249676486
5.69 37.0783031511932
5.7 39.0051557978472
5.71 46.1697246557624
5.72 39.4117248729168
5.73 45.501044153113
5.74 18.1428139179839
5.75 31.876909662934
5.76 35.4327648848574
5.77 39.9610511202677
5.78 28.8743991322615
5.79 30.8135730865693
5.8 42.9793047376591
5.81 38.556611608961
5.82 47.8955051356607
5.83 45.014177014347
5.84 39.2089870370177
5.85 29.7532858124934
5.86 49.8011435614344
5.87 23.6754146524104
5.88 36.2127607639013
5.89 46.9016091473758
5.9 38.6903956738901
5.91 25.3498797953511
5.92 39.6438609632032
5.93 39.163705668128
5.94 41.7061669698463
5.95 27.7351452904204
5.96 59.4901974616859
5.97 55.0016839886738
5.98 43.6767589641805
5.99 28.3116103896132
6 24.5333593990428
6.01 34.8470496111139
6.02 53.0527441095479
6.03 41.6451832148699
6.04 37.2680969513237
6.05 38.3591581824875
6.06 40.5515747111589
6.07 22.584370779075
6.08 29.3152641510556
6.09 46.9778812787039
6.1 32.9213331243699
6.11 30.3862065641489
6.12 17.615208403803
6.13 40.570174424752
6.14 25.2942861209682
6.15 43.1102237120437
6.16 35.403654117479
6.17 52.3303451429941
6.18 48.9868422076574
6.19 32.2989665166852
6.2 35.0029527852216
6.21 27.0698511102794
6.22 41.061427573487
6.23 33.9816295057562
6.24 47.0135781132651
6.25 25.029777389287
6.26 38.9094707752578
6.27 24.5530357737882
6.28 43.8245392467116
6.29 19.9358275669668
6.3 47.0255306174226
6.31 20.9495259319217
6.32 35.1968766660022
6.33 15.8619388347849
6.34 22.493932559003
6.35 12.9252106457052
6.36 39.0070231214091
6.37 54.8709601202579
6.38 43.8762053902956
6.39 38.2879510825684
6.4 23.5795213631844
6.41 42.0748617479708
6.42 36.3075368702657
6.43 31.4686822302066
6.44 37.5359473401032
6.45 31.821315825056
6.46 17.023904989403
6.47 9.20537998759759
6.48 26.5244790774165
6.49 35.80420516589
6.5 30.2558712087242
6.51 47.4528712793061
6.52 25.7400781388954
6.53 31.4484587254121
6.54 12.0090872943638
6.55 41.232135300285
6.56 38.8027449528667
6.57 38.700972583399
6.58 35.8719190710335
6.59 36.4728634093075
6.6 42.7991227756004
6.61 31.6345291788058
6.62 30.1489211126478
6.63 38.046201769023
6.64 41.4044376095893
6.65 35.818788159772
6.66 39.8717470980231
6.67 49.6292987460112
6.68 27.4632220134733
6.69 20.6015907977893
6.7 38.5957185307743
6.71 36.2445587944339
6.72 44.5763934825311
6.73 55.8815059911107
6.74 40.8561208912563
6.75 25.7050435409693
6.76 16.5143005211394
6.77 35.6627732365735
6.78 24.3209047087312
6.79 42.6416278143708
6.8 39.7877290834464
6.81 45.0821752697284
6.82 43.7623661396174
6.83 39.596149012015
6.84 40.5988651442494
6.85 44.3705120270262
6.86 44.4946228801977
6.87 33.4404510387122
6.88 52.4369643816631
6.89 30.3570441239427
6.9 58.4220027822857
6.91 39.1459118198051
6.92 36.4313179904488
6.93 29.4028766954792
6.94 48.4229549553624
6.95 45.527852796914
6.96 47.5963688045258
6.97 40.5255949727858
6.98 30.0035096311606
6.99 49.4179659675043
7 26.9280945073787
7.01 36.6539427510819
7.02 31.4580430431562
7.03 28.4566310681497
7.04 40.5931113100837
7.05 40.1902214856604
7.06 36.9172438398842
7.07 32.7890423466028
7.08 44.6777147556672
7.09 39.268394951501
7.1 34.4438866454161
7.11 14.6160035854795
7.12 39.5543357172178
7.13 45.3831505138258
7.14 59.4044331694846
7.15 53.7685613425825
7.16 43.9965348174956
7.17 58.2544285132813
7.18 42.9612611463703
7.19 37.3223042562174
7.2 62.3359647736315
7.21 37.7083513003009
7.22 54.7825688863575
7.23 34.4214144482073
7.24 44.3440974486884
7.25 25.6354473486641
7.26 38.6047367224866
7.27 39.7860340472526
7.28 56.0869054935546
7.29 37.7334684183983
7.3 41.5372661832225
7.31 42.9539587306483
7.32 30.5401136209246
7.33 37.0562786283472
7.34 51.0477161928246
7.35 44.270785248103
7.36 32.7199093206033
7.37 37.7380070672222
7.38 50.8694461714423
7.39 43.2531382010166
7.4 36.5149792876526
7.41 40.6103576186013
7.42 67.6508626907324
7.43 49.6826168714228
7.44 49.48730112805
7.45 45.5805768910137
7.46 31.6208220024843
7.47 45.3481732489124
7.48 28.4582650705944
7.49 36.6214496175773
7.5 26.0255732414501
7.51 41.4343653686889
7.52 26.2725793454552
7.53 41.0007822975712
7.54 34.9308747266622
7.55 37.142791686964
7.56 45.5890948591989
7.57 43.5211985378117
7.58 53.2440073358991
7.59 37.7315643440613
7.6 27.7084118102355
7.61 27.5491369209786
7.62 33.9055020100922
7.63 44.199164198659
7.64 36.7824294157044
7.65 31.0464476998196
7.66 45.5903363724078
7.67 56.8964636735787
7.68 40.5569973373112
7.69 64.4597006300067
7.7 31.9921629755613
7.71 43.9382959003891
7.72 33.4447073415368
7.73 55.1776422274939
7.74 46.9152520623556
7.75 60.8100895046018
7.76 54.9992445900085
7.77 46.8855937358462
7.78 15.1993590054213
7.79 45.1764676864125
7.8 29.862572825599
7.81 44.1559885438651
7.82 63.1231024526148
7.83 53.6654308277433
7.84 26.1763101251641
7.85 40.6270190006645
7.86 29.7687851334276
7.87 36.0370419463257
7.88 64.6469200156946
7.89 50.4183429929074
7.9 48.2041204130959
7.91 45.5144075063952
7.92 37.4598006801185
7.93 49.3616948775945
7.94 43.3886996357074
7.95 54.6490696354052
7.96 72.0531751178656
7.97 39.7049060616549
7.98 31.2882360094255
7.99 49.6649647278571
8 53.8360747491047
8.01 45.8566215346863
8.02 49.1474144963023
8.03 49.9908368866928
8.04 32.1873321589376
8.05 49.3135505514073
8.06 43.7373893116679
8.07 52.6525878755709
8.08 44.6357804312641
8.09 44.5100941587921
8.1 45.7484221334147
8.11 47.529059405963
8.12 42.7559767675826
8.13 37.6439256531302
8.14 33.5364362542301
8.15 63.6728009724324
8.16 34.3697575759839
8.17 58.3762787858222
8.18 49.6937338560341
8.19 41.5034546929589
8.2 47.5544693281269
8.21 71.5763577913348
8.22 43.2768452657832
8.23 43.5939854791227
8.24 39.8964100728497
8.25 42.3264835278193
8.26 48.5852442137134
8.27 51.4487873704386
8.28 48.4389220014292
8.29 44.7389695726029
8.3 61.5217296949978
8.31 42.2243375881527
8.32 55.66380172853
8.33 48.8886138988443
8.34 55.1328960111799
8.35 46.9745464410016
8.36 45.7980321226622
8.37 26.0480264042605
8.38 61.7271765360807
8.39 46.0699924899998
8.4 36.711357557423
8.41 47.4169415148717
8.42 54.5038179715094
8.43 57.2010542106653
8.44 55.3841078324167
8.45 27.6340711455378
8.46 57.8688020297653
8.47 41.3167336223158
8.48 60.344685211184
8.49 47.7050327943048
8.5 44.0851144558239
8.51 38.3340995983322
8.52 51.0948558355393
8.53 37.9074079445447
8.54 46.2970261956844
8.55 44.9728668672777
8.56 48.1204127028862
8.57 41.403128735858
8.58 58.7197214219817
8.59 55.8174089354862
8.6 46.9646889064932
8.61 56.6088253216404
8.62 42.7700970556807
8.63 62.5330752671852
8.64 47.3487098658349
8.65 60.8458903773842
8.66 53.6344451236102
8.67 58.2474994651837
8.68 33.9324897858081
8.69 32.3067401900305
8.7 51.6195722844754
8.71 52.5815385666545
8.72 48.7078017709488
8.73 38.3183263051633
8.74 45.0504355496544
8.75 60.9494563833526
8.76 36.8592271845605
8.77 42.997984020145
8.78 51.7257490102674
8.79 34.9711012483422
8.8 56.1979252173817
8.81 45.7139738645014
8.82 56.0117981711375
8.83 46.0684652518783
8.84 49.7453768179658
8.85 49.2138491806736
8.86 42.7664700416416
8.87 24.1179497345647
8.88 40.545573408615
8.89 47.9297457230344
8.9 62.8324565596909
8.91 39.9916058460079
8.92 57.269066148877
8.93 46.846548684111
8.94 47.6397179964099
8.95 41.1846289705172
8.96 55.3491607396472
8.97 28.2038267609579
8.98 53.3077889095148
8.99 46.0248547700152
9 40.2758608645433
9.01 73.2479134024736
9.02 52.082292039458
9.03 52.968359611374
9.04 42.9037867163774
9.05 40.2719504273545
9.06 34.1689879057831
9.07 44.7528320174942
9.08 55.453628748324
9.09 50.4720062777692
9.1 42.1304959270854
9.11 52.935278860384
9.12 69.558939398945
9.13 53.8027267805802
9.14 52.1855654038095
9.15 79.7885141463793
9.16 40.1258741159012
9.17 59.2824843432875
9.18 47.0912744490733
9.19 44.4837632078157
9.2 44.2413958158627
9.21 52.1617818602391
9.22 50.8663295722052
9.23 53.477525700336
9.24 45.9891337319249
9.25 54.0138527593754
9.26 28.1848793014256
9.27 75.4169194461621
9.28 35.0752680745718
9.29 62.5830639479961
9.3 46.2958802278038
9.31 74.1312305108451
9.32 59.1179422669318
9.33 44.7561196021443
9.34 66.2264220798476
9.35 51.4195191534039
9.36 63.044007888639
9.37 44.9592336540567
9.38 47.2934194597073
9.39 40.9127751828191
9.4 30.9912991420747
9.41 56.9803354967825
9.42 49.0712341482624
9.43 55.2923343066722
9.44 57.9529188109495
9.45 66.213709467778
9.46 55.6789614317966
9.47 55.504974642074
9.48 36.8135186094999
9.49 58.0215619011006
9.5 46.6534453641203
9.51 30.0455735648825
9.52 55.0018444654746
9.53 42.2386895847785
9.54 55.0571833330977
9.55 56.3447165289767
9.56 56.9072062486822
9.57 33.6674472680047
9.58 61.0066089381585
9.59 64.5091148425658
9.6 58.6446146167353
9.61 39.0957499968715
9.62 57.558558814632
9.63 49.3184697817375
9.64 43.4682325136682
9.65 66.533715797885
9.66 55.1531525785411
9.67 63.6523460924386
9.68 54.9805303927801
9.69 38.8525164080945
9.7 44.4559783474251
9.71 53.0884769123482
9.72 47.2100225125162
9.73 53.95651471835
9.74 74.6471044198635
9.75 60.9928275616999
9.76 53.520911608223
9.77 51.5185628220808
9.78 48.9222128985343
9.79 42.1899805352696
9.8 23.4806576161378
9.81 43.398851522488
9.82 50.4097259371871
9.83 66.7991959821046
9.84 50.6552494348133
9.85 28.8430712569345
9.86 59.420550628735
9.87 46.1883514159223
9.88 49.6488227442661
9.89 54.1823061786659
9.9 69.5855424581501
9.91 56.9493105125783
9.92 33.6938819002792
9.93 60.0410653960788
9.94 74.434077381436
9.95 61.748368842193
9.96 67.520989422024
9.97 53.24338425286
9.98 33.4511838862847
9.99 45.4502561240365
10 55.6621739189318
