0.01 8.79643084819237
0.02 -17.7451389639893
0.03 18.0415387394941
0.04 17.7684699902861
0.05 -2.52556668804416
0.06 21.5524767777949
0.07 -9.16121792774728
0.08 -11.9932270098467
0.09 17.2217389719662
0.1 14.9814255529399
0.11 -0.523384277410747
0.12 15.1709994356271
0.13 7.7768779675531
0.14 15.1882490261089
0.15 -1.1131910832811
0.16 24.8349066729697
0.17 3.38524668144593
0.18 -7.39500639026952
0.19 -15.7237430045643
0.2 9.57965695156915
0.21 1.95344279926341
0.22 -20.5239926825434
0.23 5.63319874476188
0.24 -8.85734634255284
0.25 0.35154590081349
0.26 -9.28378224544065
0.27 19.4091167103192
0.28 4.85592911013885
0.29 33.8777755464414
0.3 22.8620332426455
0.31 -19.137239310592
0.32 12.6329626572025
0.33 20.9998483430268
0.34 -3.88512530802898
0.35 -9.50516086630901
0.36 -10.9201402549072
0.37 20.7347650045881
0.38 3.61124305704506
0.39 0.470038037607766
0.4 -11.9682686426183
0.41 5.2503880217536
0.42 13.238194026436
0.43 -3.66641348121915
0.44 3.84567265511979
0.45 9.25129439716377
0.46 5.1348784955032
0.47 2.23007483302068
0.48 11.3395941014794
0.49 6.30231377187209
0.5 10.5758721046739
0.51 11.9011496067102
0.52 20.9628924608304
0.53 27.5852194011942
0.54 8.38520661150918
0.55 19.62850389252
0.56 17.0719021289011
0.57 22.2746533710302
0.58 -1.86067081061296
0.59 14.3727988912046
0.6 12.2177865330732
0.61 12.8633942265068
0.62 25.3898469714012
0.63 15.8076207621498
0.64 -0.12969410697611
0.65 -8.35454793956685
0.66 1.24173937441219
0.67 15.558893621074
0.68 25.6236361021237
0.69 -6.74097250975614
0.7 0.28166303491393
0.71 4.50558933366737
0.72 6.77378403307037
0.73 22.8374896408174
0.74 6.83659058468594
0.75 8.97758516900982
0.76 22.4255512662697
0.77 9.86564663428894
0.78 27.4508256255284
0.79 11.3730310924387
0.8 14.4495305621934
0.81 0.110758859797754
0.82 -12.5001221432465
0.83 23.3746455786015
0.84 32.7875966997555
0.85 -4.93361770748792
0.86 11.2892601413342
0.87 14.0741667501339
0.88 10.984177442569
0.89 18.4646857620624
0.9 9.08734370504564
0.91 -19.0564026469245
0.92 23.136688432977
0.93 -1.1602130976314
0.94 20.834818426749
0.95 15.0058365891318
0.96 1.968887735053
0.97 11.8266196531793
0.98 -0.164515137433421
0.99 9.14785468201771
1 5.49021485744136
1.01 8.2651824077583
1.02 3.44964959155566
1.03 -12.1793290253428
1.04 -9.10652225168747
1.05 14.2529084888846
1.06 6.9146563662441
1.07 26.2166402721939
1.08 1.41900650147354
1.09 5.51937326871274
1.1 -6.9351269457609
1.11 5.77747644760274
1.12 -8.88877732149184
1.13 20.7533577885221
1.14 31.7634715385951
1.15 10.8988217511959
1.16 21.9823799498806
1.17 24.813968392838
1.18 19.7940440107441
1.19 22.4229185027847
1.2 23.9548914878609
1.21 3.5336341522178
1.22 -8.6841576043493
1.23 17.0449795010127
1.24 8.64574902716424
1.25 27.9400213961936
1.26 8.11974786500308
1.27 6.94605542976035
1.28 1.58011858591377
1.29 -2.2528316844115
1.3 -0.0689339880357291
1.31 15.3031379789334
1.32 0.0721121338198447
1.33 1.90702564209057
1.34 5.52405793968927
1.35 20.0551710983849
1.36 -2.57284204935284
1.37 5.44948098996016
1.38 12.9814857299488
1.39 22.1365708849231
1.4 -6.13429075300892
1.41 19.7391759236237
1.42 8.41985172955482
1.43 43.7221867227066
1.44 3.73871478056553
1.45 12.919113405732
1.46 20.636682238826
1.47 17.2101795150014
1.48 18.4573060371973
1.49 11.690041284352
1.5 11.2022682438311
1.51 2.77199480282974
1.52 15.2267387213032
1.53 26.524873755223
1.54 23.0561639571336
1.55 26.2816602171904
1.56 12.3646257358618
1.57 20.9764897046887
1.58 3.94953913373835
1.59 7.23823800132187
1.6 25.5624034916005
1.61 8.37280115944848
1.62 20.1293598494555
1.63 12.9574442957454
1.64 8.99850634015699
1.65 10.597452166267
1.66 25.8042615636258
1.67 17.5890889342092
1.68 27.9478282529029
1.69 13.4279540109658
1.7 0.127407869473284
1.71 6.18489007851687
1.72 17.2043617323702
1.73 22.2126362101297
1.74 9.67699231216951
1.75 7.00625835184328
1.76 16.97476367629
1.77 29.2630967154476
1.78 23.4244022658344
1.79 -10.7024121244709
1.8 14.767916639494
1.81 31.6072901667559
1.82 12.3381842723439
1.83 19.4824823116037
1.84 -1.0206395744044
1.85 -0.609192338801986
1.86 19.60070769629
1.87 18.031526524657
1.88 -1.58667874047901
1.89 10.0661636807879
1.9 -5.89800212850906
1.91 24.3412819416979
1.92 29.4317656987954
1.93 5.30730973480427
1.94 -0.416793415666589
1.95 22.1594902106816
1.96 5.85647908344823
1.97 5.67657044744641
1.98 3.19900786209969
1.99 0.168433433631224
2 16.0403287149662
2.01 7.10231554523138
2.02 30.3086411558021
2.03 9.6683247331298
2.04 10.9690091294621
2.05 24.8017093381974
2.06 23.8308509245102
2.07 13.8820504056678
2.08 24.6781375374427
2.09 5.12088461267564
2.1 36.2512500983594
2.11 10.4496957403526
2.12 29.6414925983621
2.13 11.9407951075941
2.14 19.0252584012992
2.15 25.2108504476315
2.16 17.9727971374625
2.17 12.9598748905052
2.18 30.0982349617946
2.19 2.14723526261971
2.2 21.8364618929664
2.21 8.50347804246053
2.22 15.7156476195156
2.23 24.6546076873398
2.24 2.47880921292445
2.25 29.7930973278814
2.26 11.5597260585572
2.27 31.1129968341811
2.28 27.9181704697038
2.29 16.0027345085032
2.3 23.2498892235995
2.31 11.2996429903703
2.32 39.2989849697846
2.33 6.74975914158483
2.34 7.32645856755784
2.35 20.1869118796178
2.36 -0.205995417099903
2.37 21.8110598361401
2.38 0.752126253897462
2.39 21.9852006463491
2.4 22.3098049617136
2.41 -6.41352194106818
2.42 32.7108661416848
2.43 25.4130486615127
2.44 18.3904131200636
2.45 28.4834292062303
2.46 28.3870456721779
2.47 11.4095576746661
2.48 19.9344942401003
2.49 10.6292551643834
2.5 5.6017029195485
2.51 31.4547613700912
2.52 19.4846979108596
2.53 -0.101415230185834
2.54 24.2778367316759
2.55 21.8205559808655
2.56 3.91636274986924
2.57 33.3713084341591
2.58 25.6323134741831
2.59 27.6000692770528
2.6 29.2112191628882
2.61 19.8005271565861
2.62 25.4899882815037
2.63 13.8550055881072
2.64 30.2719865431347
2.65 20.1668735236729
2.66 23.5663826530556
2.67 23.6706309903758
2.68 12.7702730383446
2.69 -0.305930633408733
2.7 19.2599625672547
2.71 14.6576298522061
2.72 27.6102095992582
2.73 2.99824804963564
2.74 11.5573744779864
2.75 0.0711795164179403
2.76 3.26966020956068
2.77 19.6193726723633
2.78 18.2992069339178
2.79 25.7575510796418
2.8 34.3922626581139
2.81 9.57765109720867
2.82 15.4559309419709
2.83 28.4900857311988
2.84 24.7620142073657
2.85 33.5517581560819
2.86 28.880176459126
2.87 21.720899031346
2.88 20.9063150760053
2.89 9.59287201527937
2.9 30.7517827058442
2.91 11.8570291042955
2.92 15.5666609008005
2.93 30.3008617440821
2.94 17.6192559125529
2.95 23.5318312317305
2.96 26.9155032538947
2.97 27.0845478312516
2.98 16.1354289436717
2.99 10.4214537257411
3 20.7193000807251
3.01 18.8232059852215
3.02 20.2357973449791
3.03 1.42212574402946
3.04 18.0708907655347
3.05 31.2867406773265
3.06 28.7710751385069
3.07 7.79702376295904
3.08 4.59529680183163
3.09 18.5342189866736
3.1 9.36423705217218
3.11 21.7504074342272
3.12 26.7214713576776
3.13 21.7567428712403
3.14 5.92191481888988
3.15 -2.8350309907044
3.16 26.4067289691246
3.17 25.453996934309
3.18 29.8398870773206
3.19 41.8621593807582
3.2 19.9582625387325
3.21 32.8925236736531
3.22 28.2476328075649
3.23 1.26691945598687
3.24 23.1031496165891
3.25 23.5637396152829
3.26 35.9896838374943
3.27 31.1887320278827
3.28 16.1788399322954
3.29 18.9179930339502
3.3 19.788004769533
3.31 28.0157887901146
3.32 35.3248940119195
3.33 19.1600723292051
3.34 1.64690532108122
3.35 8.51665429443507
3.36 11.4347133130918
3.37 17.970014171788
3.38 6.03951371878697
3.39 26.7909956508101
3.4 20.2991187762642
3.41 10.9781110373213
3.42 6.40376530493987
3.43 27.0959844936643
3.44 20.9875108295812
3.45 18.0355282208677
3.46 28.2645385647274
3.47 23.0067505550542
3.48 32.9673578297604
3.49 24.685716730451
3.5 29.2934242744019
3.51 49.2646609441832
3.52 22.5752048038623
3.53 7.57460783093539
3.54 16.4731455811513
3.55 14.3967324255775
3.56 20.9699479913591
3.57 26.0879955731016
3.58 13.9377500850589
3.59 22.7555017485359
3.6 22.2537700888705
3.61 32.274656822129
3.62 23.3492111441024
3.63 24.9189739275643
3.64 9.48338191268557
3.65 23.234943304406
3.66 24.5239078529886
3.67 8.10159164237151
3.68 16.4290599528164
3.69 23.5376023537627
3.7 25.5730674392012
3.71 39.4093355492256
3.72 10.5932997773203
3.73 33.9793218844581
3.74 26.2679604006093
3.75 32.7209302369507
3.76 22.3321615893043
3.77 19.2721198889383
3.78 8.46643788917702
3.79 21.7336969363142
3.8 12.8139595938233
3.81 19.1421008144391
3.82 10.0001408226357
3.83 42.9826975041138
3.84 30.8060062579506
3.85 25.4692014538927
3.86 12.9679990719977
3.87 26.6115768071751
3.88 21.6520690032234
3.89 25.4541419252668
3.9 26.45064775007
3.91 19.222425599935
3.92 30.6211377906921
3.93 26.0462830903184
3.94 33.9018015843071
3.95 27.461365663188
3.96 17.8403169025245
3.97 29.1500578842848
3.98 30.4443560802065
3.99 30.5340194219347
4 31.6285366413074
4.01 25.9683598391741
4.02 28.4477299672403
4.03 31.3565100584053
4.04 25.0264951043418
4.05 29.3187602092822
4.06 6.27852610392713
4.07 2.95727727994106
4.08 31.0296173344549
4.09 16.8300235980396
4.1 18.5589432838189
4.11 16.3942063889111
4.12 33.6120302274262
4.13 21.7955846580551
4.14 25.7179396044707
4.15 21.4332848229319
4.16 12.4232419208923
4.17 21.5086060550976
4.18 44.6446502653233
4.19 12.0847139492989
4.2 26.7993457977241
4.21 23.0407382663164
4.22 31.5365718045779
4.23 2.01220879893258
4.24 16.361060514685
4.25 38.030801675586
4.26 40.2709696508647
4.27 28.1338378937321
4.28 20.1273827888246
4.29 33.0899134062029
4.3 45.1040276543372
4.31 18.1866163309269
4.32 11.4758778865994
4.33 28.5542344353514
4.34 19.2062549129656
4.35 9.26536362817629
4.36 31.5016062659043
4.37 27.2745086547713
4.38 41.8167510792884
4.39 18.456872422147
4.4 39.7836669441342
4.41 16.3074985604138
4.42 17.5628057834813
4.43 29.3500092889992
4.44 28.5150149548865
4.45 25.6550853431483
4.46 36.2959130620324
4.47 22.0417512697245
4.48 27.4994775115884
4.49 31.2630799727549
4.5 20.5894574150926
4.51 37.9591323130943
4.52 9.87166015698851
4.53 23.8720818894001
4.54 28.6949596482195
4.55 25.3303413219781
4.56 23.7769542674588
4.57 6.99522318879962
4.58 10.7685284276116
4.59 9.41738088939422
4.6 16.3735130127304
4.61 36.0841363996824
4.62 34.4805470725946
4.63 44.3092128368308
4.64 27.4268304627961
4.65 15.9291901910348
4.66 29.6490983428567
4.67 41.0754808076087
4.68 29.1554913739026
4.69 31.0321233017658
4.7 26.8707367787943
4.71 26.0651514811891
4.72 10.946653983264
4.73 37.2444851902129
4.74 49.4032792625801
4.75 21.4779994509346
4.76 50.6881397172416
4.77 27.6800685121702
4.78 24.4844647802136
4.79 31.3049785962696
4.8 25.8020554196332
4.81 23.2628977513436
4.82 17.6833275756121
4.83 38.069549228691
4.84 45.1454681820432
4.85 33.9214822227536
4.86 28.8654685214703
4.87 43.6777906410405
4.88 44.1139177746613
4.89 25.3740700568275
4.9 33.6323878579554
4.91 30.9873543102864
4.92 27.6559111271541
4.93 31.3195285878788
4.94 8.135690423255
4.95 29.0173711700161
4.96 28.016253348043
4.97 34.8974980659856
4.98 22.1752827296503
4.99 9.68709370179517
5 30.0127591875663
5.01 32.048183507362
5.02 21.9604321763897
5.03 27.9021147863163
5.04 38.0118978531407
5.05 6.17600157193985
5.06 28.2915721474098
5.07 30.0138310789657
5.08 24.6969059811703
5.09 47.5611956693579
5.1 29.0648135964168
5.11 42.6751349559061
5.12 24.970213660261
5.13 37.6267135580762
5.14 38.2950805481053
5.15 20.1671267518561
5.16 26.9392812723231
5.17 14.9077856588203
5.18 50.8203918603696
5.19 35.3083660017169
5.2 39.2683166145493
5.21 35.7990880806574
5.22 37.1246414979207
5.23 38.2532360345371
5.24 48.9324459590245
5.25 35.2233244551478
5.26 20.063187247927
5.27 42.9635133118427
5.28 26.7149852212822
5.29 34.6720604514841
5.3 41.4832374636098
5.31 40.6880555589659
5.32 34.3147757278061
5.33 18.0515726309762
5.34 32.5049749277108
5.35 43.6319712348614
5.36 21.8541304502831
5.37 18.7345202109567
5.38 27.8777972323458
5.39 48.2902058622873
5.4 23.9669184054463
5.41 33.6967335681504
5.42 35.5365274920158
5.43 29.5342717442924
5.44 29.6056082803025
5.45 32.5785543105402
5.46 26.0949075234753
5.47 25.8960667787807
5.48 23.0520697783405
5.49 24.1024122345434
5.5 28.0651992269516
5.51 44.6227151668636
5.52 40.4539215784409
5.53 42.6281851801852
5.54 36.7491771631445
5.55 14.6983512351945
5.56 50.7194369590835
5.57 49.9831006761595
5.58 40.1935266004154
5.59 18.1247354665894
5.6 14.6620123408012
5.61 26.1174508216347
5.62 48.0839836513062
5.63 24.7954921932094
5.64 30.5231171300827
5.65 26.2465811472591
5.66 28.3467499925807
5.67 36.646651527756
5.68 39.2131155753072
5.69 23.5806058581445
5.7 25.707888297685
5.71 38.1470499933241
5.72 42.0421844392391
5.73 31.8585741886483
5.74 45.1756714405757
5.75 37.6448976500244
5.76 46.1198785105994
5.77 50.2760057016004
5.78 17.4750150499967
5.79 33.309193495326
5.8 51.3861870568236
5.81 30.7742687254847
5.82 28.0707810580186
5.83 35.9897006018386
5.84 8.57723199697059
5.85 39.3704084211791
5.86 22.5648454658895
5.87 34.3826389981023
5.88 50.9506321541117
5.89 27.4947380279815
5.9 34.6935447686991
5.91 32.9586521114212
5.92 25.1534008758301
5.93 17.8208610646062
5.94 41.8095655005557
5.95 33.5346393298839
5.96 37.8944779330215
5.97 42.8726838847525
5.98 34.8814868474718
5.99 28.9514734046489
6 43.5656985510207
6.01 45.5019996984013
6.02 40.917414230232
6.03 26.595279700687
6.04 17.7321540928072
6.05 36.9059031398412
6.06 34.7089302818697
6.07 26.1684417526071
6.08 22.2498229026994
6.09 66.7979596003626
6.1 16.5486648710618
6.11 46.7629402801323
6.12 30.8748613827239
6.13 37.7450956356001
6.14 49.5033243098886
6.15 27.2708716715005
6.16 39.0164351769039
6.17 27.5607040995417
6.18 49.89861645765
6.19 23.4173301427932
6.2 28.4770357621799
6.21 26.8403868657862
6.22 43.8006734013382
6.23 44.4245268854577
6.24 1.08823879854637
6.25 31.7823241736616
6.26 37.3576885558026
6.27 51.0657995747575
6.28 51.3546490083058
6.29 33.6959346145331
6.3 14.243590855381
6.31 45.6218815953838
6.32 23.4565839848558
6.33 43.5224222672282
6.34 36.433881540963
6.35 20.3360484186246
6.36 20.3171199448253
6.37 30.8516822624375
6.38 29.8312351845697
6.39 36.1128352916743
6.4 42.8458053950492
6.41 48.1118540301392
6.42 37.8129829124818
6.43 26.7360443134546
6.44 26.3926483307066
6.45 37.7006767877266
6.46 41.0850640960901
6.47 49.2732280080684
6.48 51.8857055465308
6.49 22.9951817495781
6.5 47.9919706558465
6.51 42.7041788378923
6.52 53.9035991914153
6.53 41.9417590041349
6.54 44.1352785690415
6.55 30.1095306883192
6.56 32.5344174313624
6.57 63.5018414766647
6.58 25.3415655717209
6.59 45.8280382288051
6.6 22.1207531143015
6.61 17.6668409264678
6.62 44.1659266344526
6.63 20.473954027739
6.64 46.9674718879165
6.65 43.6199997266209
6.66 32.5971327193249
6.67 26.2806408336062
6.68 26.2022208568178
6.69 37.9290227115572
6.7 43.2803244080944
6.71 32.6468641186047
6.72 49.1004926903063
6.73 40.0890852992382
6.74 40.6933599261633
6.75 18.203889631674
6.76 29.7350704647765
6.77 44.4361470910664
6.78 29.8527231515375
6.79 30.5276586458985
6.8 36.8702908642538
6.81 39.9542035736089
6.82 43.9184618384407
6.83 24.728575003676
6.84 25.2048835846959
6.85 20.1189807282126
6.86 42.4725501355166
6.87 36.2555382306655
6.88 34.4888291757183
6.89 51.5438003758416
6.9 24.962664742985
6.91 27.8279427785264
6.92 52.1464185064151
6.93 49.6145408075134
6.94 43.4914174357259
6.95 38.4554178282487
6.96 46.5243894820834
6.97 36.5803094883451
6.98 38.8330425291027
6.99 37.646372670202
7 24.3215719887323
7.01 42.8894122674022
7.02 37.7473966157394
7.03 39.1818041734191
7.04 37.8489955441132
7.05 50.2303366442421
7.06 29.8862912721558
7.07 32.7671755540503
7.08 34.7868082334453
7.09 52.9019301670875
7.1 58.9479211818874
7.11 33.9740965707594
7.12 22.8959952412136
7.13 39.5331973281208
7.14 52.9030378177475
7.15 33.7627409586428
7.16 23.4018306898591
7.17 46.2673636294564
7.18 50.3810171511884
7.19 44.6210951480779
7.2 56.8579117996736
7.21 49.5082513588177
7.22 46.7412333162963
7.23 38.4093233541888
7.24 32.506924416225
7.25 59.5044865809352
7.26 31.2340207934026
7.27 41.2142387961769
7.28 60.0368194671552
7.29 29.7810100464809
7.3 54.82205285162
7.31 32.5015835503636
7.32 35.5555810139606
7.33 37.144368292571
7.34 28.5676887290342
7.35 54.8997956150893
7.36 39.4285476486822
7.37 49.9424126170277
7.38 40.8921070577663
7.39 40.1544063760333
7.4 40.5464404425249
7.41 34.0082338974656
7.42 14.9477909156935
7.43 23.716046266503
7.44 39.7088628210386
7.45 44.6007338691671
7.46 29.8603016457168
7.47 46.8114724703194
7.48 45.8268851619112
7.49 36.9500682945185
7.5 41.3400285976964
7.51 42.4838344950503
7.52 44.8583008661323
7.53 47.1516918939371
7.54 53.3308653697768
7.55 48.4037399240141
7.56 32.0434833268124
7.57 53.357831572474
7.58 57.6127343508024
7.59 36.3060708431552
7.6 51.5060319289049
7.61 47.5632725722475
7.62 45.8972600157398
7.63 43.4327645740432
7.64 43.9249170014374
7.65 39.8240606023726
7.66 39.3265159624788
7.67 53.5539386392952
7.68 49.9846412564073
7.69 34.8118788497543
7.7 38.6206852684254
7.71 58.3172248185846
7.72 49.7617427052474
7.73 47.3044073773547
7.74 57.3601344236765
7.75 43.5313596695552
7.76 44.2473129957702
7.77 59.4339522552555
7.78 54.7043362381084
7.79 52.984820735274
7.8 43.9272581944614
7.81 52.9767188829323
7.82 53.7554312243324
7.83 43.6878892939655
7.84 63.4200702232944
7.85 32.6219171690004
7.86 44.9705560845278
7.87 38.5835133881234
7.88 37.4503362973317
7.89 36.7246064295824
7.9 30.9433339281882
7.91 41.578169780873
7.92 59.9656431237619
7.93 29.3751053753774
7.94 41.215795319625
7.95 54.5354336907578
7.96 53.5295390121321
7.97 38.9667969669887
7.98 51.5046595527801
7.99 37.4732197908118
8 44.1268540799818
8.01 51.9160743069989
8.02 52.9044395771773
8.03 55.6812682018162
8.04 41.3227537807785
8.05 41.9555863366397
8.06 52.0342979055003
8.07 56.7176013117282
8.08 46.1391045137705
8.09 65.055882091129
8.1 41.4118949160666
8.11 47.7786969775414
8.12 42.8395043001537
8.13 58.0393489827846
8.14 42.7380519754075
8.15 61.2077802189123
8.16 53.0979595574384
8.17 66.506306922941
8.18 52.1481106289651
8.19 57.9570448131407
8.2 23.1153679811262
8.21 58.7551099681674
8.22 58.0672208729315
8.23 41.5283909939462
8.24 34.0760391700525
8.25 46.635976623746
8.26 30.3258374925912
8.27 24.2016190014225
8.28 48.2765343580343
8.29 59.3127019191721
8.3 48.4621126422717
8.31 50.9874180890676
8.32 54.486470688239
8.33 55.7263848356571
8.34 73.4381076405665
8.35 49.5165856344691
8.36 42.5091638904467
8.37 50.4712360554832
8.38 45.8365672970988
8.39 28.8259488538953
8.4 50.4683956217512
8.41 45.5701378563495
8.42 48.5004061295254
8.43 67.9909080205364
8.44 22.0452878367389
8.45 42.687752645061
8.46 37.3353954238695
8.47 51.64047615059
8.48 58.9772785060443
8.49 44.9845919115713
8.5 37.8334198461784
8.51 43.1789903754935
8.52 45.371831643987
8.53 53.4516457791922
8.54 41.9970276344399
8.55 40.4617548692619
8.56 29.9467653725676
8.57 43.6213584460524
8.58 47.4559828162062
8.59 58.9617770091515
8.6 44.6295680498009
8.61 57.8867874984225
8.62 55.8842091765225
8.63 60.5489090166094
8.64 73.6300631770253
8.65 50.3949305073301
8.66 44.530728814695
8.67 43.9696677890673
8.68 60.7362689610196
8.69 29.2927829142364
8.7 49.5857431121399
8.71 64.5475252669124
8.72 64.2616952205546
8.73 36.5102088898982
8.74 74.7360139852171
8.75 57.8233627640619
8.76 43.0626641985771
8.77 39.7716957443594
8.78 60.1892335232727
8.79 57.3897605036449
8.8 50.2593376670701
8.81 38.2305360204757
8.82 54.9234418572101
8.83 37.9759114026136
8.84 49.2034942272709
8.85 55.8864683965991
8.86 66.776311030363
8.87 54.1808629419387
8.88 49.3140842745458
8.89 64.5250880360284
8.9 31.5545702226164
8.91 46.0603122900829
8.92 50.896494914346
8.93 50.9351702133006
8.94 45.6005442211251
8.95 39.6119492914444
8.96 45.3789190882964
8.97 52.9274639763018
8.98 63.8447962872481
8.99 51.1017997214732
9 41.9869395225889
9.01 63.0224500698263
9.02 51.3641555921678
9.03 65.1411286285572
9.04 41.208763867483
9.05 55.7090466440764
9.06 29.9382742974214
9.07 39.8179787695544
9.08 59.1305618150535
9.09 69.8421702552102
9.1 67.2835115987329
9.11 27.3516011399679
9.12 47.9610992435619
9.13 49.1579893755569
9.14 60.8692149741587
9.15 45.5457335139645
9.16 53.6399445468578
9.17 67.5180062913719
9.18 55.9472632220383
9.19 53.1505189749093
9.2 51.3962553861706
9.21 37.5750949085993
9.22 36.5825269727066
9.23 38.0938333317076
9.24 51.5651143052926
9.25 53.2024483177146
9.26 55.7531618473905
9.27 45.7750681793174
9.28 41.5534477281803
9.29 51.8775595856557
9.3 70.5650952924715
9.31 74.4822355355487
9.32 59.2625322311221
9.33 50.5183143698071
9.34 50.1098182873921
9.35 53.4098277768988
9.36 51.9038696520997
9.37 59.6926891047157
9.38 53.3073282084367
9.39 61.6980684268609
9.4 46.4699797038164
9.41 44.7709126675413
9.42 66.2666224226797
9.43 46.6511003547233
9.44 44.6255093778238
9.45 53.9924892405255
9.46 40.3006452420901
9.47 55.6991366484605
9.48 30.646249898402
9.49 71.1692433529978
9.5 40.477209682277
9.51 55.3715649308824
9.52 40.2520116176194
9.53 61.1667425329872
9.54 61.7375051448765
9.55 53.8237159753296
9.56 64.8214863684457
9.57 22.1865250043328
9.58 62.3148218426615
9.59 54.0967572851473
9.6 47.5240296838129
9.61 39.030924525642
9.62 57.6999067639504
9.63 48.0596785092442
9.64 48.6404105020373
9.65 50.9216605526866
9.66 61.539468367402
9.67 36.0577087683362
9.68 53.0792279885817
9.69 62.0965935017455
9.7 46.4503414325106
9.71 50.7346726424777
9.72 57.4880868005795
9.73 49.4806190166949
9.74 62.054441128413
9.75 54.0208821246664
9.76 41.4876023099875
9.77 57.7004059679703
9.78 41.0616738545032
9.79 49.6018509975081
9.8 53.0223116319734
9.81 55.0891233332066
9.82 59.548108201673
9.83 37.5996318281629
9.84 61.1904657998732
9.85 57.2856441522668
9.86 57.0269690978885
9.87 37.9502839021094
9.88 62.3380737251894
9.89 52.2359745625531
9.9 52.7142665382965
9.91 54.595178656378
9.92 74.052721518486
9.93 62.3074462298222
9.94 63.9069590535183
9.95 37.6951058142228
9.96 37.012864192273
9.97 41.9704814852228
9.98 59.0140250040407
9.99 58.1042671553319
10 49.4022468704978
