0.01 -6.63074213742136
0.02 4.83468659400429
0.03 -14.5973293884597
0.04 6.20622645771052
0.05 -2.76703500725078
0.06 -4.56921358342878
0.07 -7.90338689785231
0.08 14.5885445793257
0.09 3.88713916882606
0.1 -11.5229642823612
0.11 15.3396850797279
0.12 -4.79721397587784
0.13 -0.569386030033826
0.14 13.9797901816492
0.15 12.5746084762205
0.16 4.29597703487224
0.17 3.80979122768347
0.18 24.8304959944286
0.19 8.71425731213851
0.2 15.2451834381421
0.21 3.24315274095669
0.22 8.74607884164493
0.23 14.1202680687685
0.24 5.23999672882954
0.25 10.1053902310057
0.26 23.5403540722384
0.27 11.0853767669682
0.28 -7.82395738116146
0.29 16.425206338823
0.3 5.17612197121868
0.31 24.3380061063801
0.32 -7.39454170867063
0.33 3.81916512512261
0.34 16.255854140903
0.35 -8.68089571443239
0.36 -1.9475211901239
0.37 -4.03095929412522
0.38 16.7663819708417
0.39 15.2889800489058
0.4 8.64847248774686
0.41 -17.8239075562436
0.42 23.5112014865279
0.43 8.33699056956017
0.44 21.4502437695726
0.45 -2.19810276447663
0.46 5.35255715870719
0.47 18.5443427407105
0.48 2.80214183072601
0.49 -0.0628260812339008
0.5 0.912382866071282
0.51 13.1362632792231
0.52 -3.6238620013716
0.53 16.7803404649958
0.54 0.66209174641701
0.55 25.8117158154908
0.56 20.4704545856979
0.57 -8.9039764952666
0.58 11.2856647803005
0.59 19.9622911616492
0.6 3.31773503477657
0.61 -2.77476689596892
0.62 3.6127717255249
0.63 15.2504186946587
0.64 19.307369977327
0.65 22.0351544130227
0.66 14.0395010532658
0.67 20.5913773511255
0.68 -2.75358907557843
0.69 2.97828306721871
0.7 22.1822650943244
0.71 2.84027366412141
0.72 20.5007305270393
0.73 16.0587200359433
0.74 11.8412248390926
0.75 -7.37893642223508
0.76 7.45940186048279
0.77 4.41830058968014
0.78 -1.34360479296545
0.79 5.56737761528743
0.8 4.02148698529209
0.81 5.48054019059081
0.82 -0.53617928517588
0.83 8.506683533994
0.84 18.0294110054729
0.85 -9.16417328220406
0.86 -4.54567209912443
0.87 27.7283981276028
0.88 3.53551904463322
0.89 1.0548974800261
0.9 3.90971187866444
0.91 14.7863128535285
0.92 6.57560271782891
0.93 8.30800905575796
0.94 -3.19643149849922
0.95 -4.94481096428841
0.96 1.62386232611404
0.97 21.9818428419318
0.98 -2.43401263391313
0.99 34.3576691271825
1 24.863726318689
1.01 0.654751294240555
1.02 14.9076048743153
1.03 25.2509593672259
1.04 8.95654210647879
1.05 26.1994670943865
1.06 6.15308458062785
1.07 16.5847400490163
1.08 31.8132371481545
1.09 17.6030407091862
1.1 10.0699326413716
1.11 16.4813916156545
1.12 -0.420120810202198
1.13 -2.13470942696328
1.14 -5.03635889594829
1.15 -2.53758642197639
1.16 16.1208130907794
1.17 18.0378886801576
1.18 3.20585528430878
1.19 -9.31407124977553
1.2 16.4761303434622
1.21 3.94093026238124
1.22 15.7982978562015
1.23 6.23522038270283
1.24 0.111768061170153
1.25 12.7130048521915
1.26 3.35044697053424
1.27 19.1453863782147
1.28 21.6593119226486
1.29 16.3126924703598
1.3 7.71985690988977
1.31 2.36370631307944
1.32 4.1794163615035
1.33 -2.84370712657894
1.34 -9.47910886015646
1.35 10.0875966187394
1.36 19.7260520640522
1.37 12.554231248064
1.38 13.9134316991375
1.39 14.2246137269131
1.4 41.9525956946479
1.41 26.7620241911093
1.42 9.94563041872386
1.43 -15.6059094469589
1.44 13.8160181129028
1.45 5.30426794749775
1.46 15.1210476443954
1.47 25.1632699818838
1.48 30.5187943513492
1.49 33.5840138424739
1.5 -5.09818130637598
1.51 27.8519222752675
1.52 24.4099385448763
1.53 7.56140975007213
1.54 9.99585601261844
1.55 19.0369317563346
1.56 9.53041004381279
1.57 31.5498387038865
1.58 14.0815739432286
1.59 12.4043556715232
1.6 30.4911380402591
1.61 1.8138688579072
1.62 18.2564929251795
1.63 11.7108456385704
1.64 8.8579108369346
1.65 6.61114448244298
1.66 17.2408105900171
1.67 4.44137052398016
1.68 4.27882467352099
1.69 16.1015219867734
1.7 5.25844208981227
1.71 -6.00602328766077
1.72 6.40189162179382
1.73 32.9222581690198
1.74 19.769578313055
1.75 26.8234621780054
1.76 23.9861996926975
1.77 9.6641998013124
1.78 12.1888383918103
1.79 28.9605738287792
1.8 15.3882356425787
1.81 5.39223484541631
1.82 22.3172570530604
1.83 8.71816174090661
1.84 12.2605405320483
1.85 5.54247391967608
1.86 -9.32945420985657
1.87 10.9107038611529
1.88 11.4185250641427
1.89 15.9242694871981
1.9 6.72712694780278
1.91 6.6793529444485
1.92 7.56251977261024
1.93 13.7249763896682
1.94 33.2937966454698
1.95 15.6258991051499
1.96 15.278655038458
1.97 12.3438936774671
1.98 20.5688151690737
1.99 -1.41023861111076
2 21.6659214390977
2.01 30.6807052624109
2.02 11.9358942593918
2.03 28.6146501756934
2.04 -5.32715197402046
2.05 0.153799165406843
2.06 6.74964595740323
2.07 9.13288803789327
2.08 6.0350607902552
2.09 11.6307545173876
2.1 23.0027191519389
2.11 3.34618317959679
2.12 2.19904269419501
2.13 15.8681171628057
2.14 14.1074397612581
2.15 34.5758411457618
2.16 8.57007099417768
2.17 -9.21723914725439
2.18 0.834774352792371
2.19 23.6051758604895
2.2 15.3336862476839
2.21 15.9768986158886
2.22 2.65988825971567
2.23 6.80718672020567
2.24 -2.54412835799828
2.25 14.3644807823396
2.26 19.8432097403751
2.27 7.80161658621438
2.28 15.2289639312858
2.29 16.2715566941906
2.3 -1.96941956792969
2.31 16.5689797507948
2.32 2.67798733692558
2.33 15.2876190271052
2.34 24.5726556081319
2.35 19.8814860687588
2.36 22.3832546798794
2.37 5.38006223998689
2.38 -10.3291230035155
2.39 9.32286620452527
2.4 16.4313360297892
2.41 10.6376772809249
2.42 1.16318529674815
2.43 20.3337580736526
2.44 20.4096371149241
2.45 29.5363227890012
2.46 18.7013017973317
2.47 1.78574533226939
2.48 14.9799065525806
2.49 32.5468109218731
2.5 8.71416816113011
2.51 32.7224477886903
2.52 13.6621442998647
2.53 15.6474003490853
2.54 8.23258933796766
2.55 23.7473292702839
2.56 12.7571430253664
2.57 15.3142536479334
2.58 10.8122313910251
2.59 11.4138649252132
2.6 19.0919913884776
2.61 1.50005636760731
2.62 24.3526222239806
2.63 7.88749379618575
2.64 33.814306647983
2.65 0.503344497825934
2.66 11.5812403913497
2.67 18.0252774621325
2.68 7.42948451250444
2.69 1.21028323112806
2.7 13.2685878448639
2.71 18.6831314493075
2.72 25.7913123889261
2.73 25.590435563879
2.74 36.4093161028829
2.75 21.80738316935
2.76 10.4268832309656
2.77 20.3683025672825
2.78 23.9304389916807
2.79 12.3181199640828
2.8 27.6933746323868
2.81 11.2934209200598
2.82 26.5984406092743
2.83 10.8269021257727
2.84 29.1277646967655
2.85 19.4290218740131
2.86 17.6453259043772
2.87 6.96862473605016
2.88 15.6098973157624
2.89 2.01505399095212
2.9 21.6914838569486
2.91 4.41776413473069
2.92 31.1772115476641
2.93 29.9853489909137
2.94 20.4131077524102
2.95 16.7465376149104
2.96 27.2735410488095
2.97 20.8259350930119
2.98 17.1325760027547
2.99 29.1675104116706
3 26.0346273769401
3.01 11.1726970317126
3.02 30.4118058832827
3.03 6.40513913536422
3.04 20.0816715337947
3.05 29.7608926972572
3.06 18.5511951450841
3.07 34.3389242777981
3.08 16.9542635984254
3.09 26.3528216887659
3.1 18.7789671432206
3.11 26.1397763926689
3.12 20.2204247446801
3.13 27.0463067969945
3.14 26.2003606900612
3.15 10.7287839929418
3.16 26.3681195493227
3.17 29.2400669761266
3.18 25.281359893261
3.19 25.871368096916
3.2 2.01748146329416
3.21 14.4566875575324
3.22 13.8896827884416
3.23 18.9571644051422
3.24 26.0784336292336
3.25 7.51740416454233
3.26 36.3646790230336
3.27 24.7214735245832
3.28 46.8366486757131
3.29 25.8717717423018
3.3 31.4565451995366
3.31 10.4198410956335
3.32 17.1908605083973
3.33 28.4424477216366
3.34 22.7983162873495
3.35 18.9612690239012
3.36 14.7937559740391
3.37 31.7356658328838
3.38 11.7107813192059
3.39 31.4910641077894
3.4 15.6608014692792
3.41 27.1102374707944
3.42 15.0692149253208
3.43 24.3558984014057
3.44 -6.64207506879428
3.45 26.8306739425317
3.46 36.0245142390512
3.47 18.3516206473118
3.48 18.9913250959457
3.49 22.6405759430254
3.5 31.5071459468801
3.51 36.5605606117589
3.52 31.7228743084723
3.53 15.8174941406014
3.54 13.1516904731717
3.55 19.6751008213138
3.56 2.09776946808156
3.57 24.2036431555318
3.58 21.6185959635089
3.59 35.0387306930635
3.6 32.9023447307371
3.61 25.3869402252129
3.62 12.8195409351991
3.63 7.93198896604781
3.64 -12.2232534315586
3.65 20.6437022262655
3.66 23.0846562665766
3.67 29.0751991247571
3.68 22.4359471597263
3.69 32.4562658711536
3.7 20.691565425843
3.71 44.0006311528102
3.72 32.0221183793912
3.73 0.664975700679122
3.74 14.3721908368685
3.75 29.824593945519
3.76 17.7722888989196
3.77 20.0429397438094
3.78 3.10417984006906
3.79 25.9258394609943
3.8 32.8443346547255
3.81 34.1137873544434
3.82 37.5691529133987
3.83 48.7729263989278
3.84 30.911799372003
3.85 34.1789512209765
3.86 3.53598517654273
3.87 24.5934858448751
3.88 29.7058536228555
3.89 14.8386575377965
3.9 28.2580645963907
3.91 21.5308536485059
3.92 29.0058965695628
3.93 39.9788050225019
3.94 4.21614517368258
3.95 34.6790440157019
3.96 9.09000035290327
3.97 39.1015625356216
3.98 12.5768437356408
3.99 37.6199214532593
4 20.7708903133274
4.01 18.877420037417
4.02 21.6807252256183
4.03 15.8684155252381
4.04 13.7476313926344
4.05 27.021630449403
4.06 37.954820712136
4.07 13.4050357320384
4.08 22.4818260175912
4.09 35.0266011434862
4.1 14.7157615916339
4.11 25.6225994559168
4.12 29.7706436582655
4.13 24.2841007189615
4.14 17.7908377055152
4.15 16.8596612614514
4.16 20.8833324053045
4.17 16.337583535789
4.18 30.8305268514277
4.19 47.8199267746106
4.2 39.3105542588345
4.21 12.7621247757857
4.22 30.7529777513401
4.23 41.3648684126779
4.24 15.1849035340491
4.25 26.0894585566067
4.26 35.460482690277
4.27 32.0017270208088
4.28 21.664557409653
4.29 -1.86941333027295
4.3 21.7039417288703
4.31 44.0081537437671
4.32 23.172849194946
4.33 16.7448053092309
4.34 33.4149432984818
4.35 20.7540718869792
4.36 11.9157109431128
4.37 32.6985179146755
4.38 31.3905168782423
4.39 22.9798580182016
4.4 25.1873735986904
4.41 40.2419900171404
4.42 22.5404627796598
4.43 17.4173764447676
4.44 43.9413505954406
4.45 36.6102228459131
4.46 18.0916074698289
4.47 27.3194372863566
4.48 12.7732112305674
4.49 31.7475793269756
4.5 45.3422842080534
4.51 44.1497025611161
4.52 31.2019288386755
4.53 30.1731319540992
4.54 25.5667727312175
4.55 23.1288153444904
4.56 26.7549273929722
4.57 38.2269144162105
4.58 34.9706189709589
4.59 21.0747989237964
4.6 34.5381362552173
4.61 25.8226644117711
4.62 38.8395492745308
4.63 37.1873737205246
4.64 22.1704687566457
4.65 30.1678529876849
4.66 25.2033681260257
4.67 29.9999305404608
4.68 21.3495756251241
4.69 18.9403829496667
4.7 11.750667628237
4.71 14.0738619538535
4.72 31.5923274593144
4.73 27.6230707296238
4.74 22.0383344490165
4.75 21.0780367592577
4.76 31.9141686960466
4.77 27.8583367485093
4.78 29.6021962656288
4.79 38.0125784748278
4.8 31.5039638859658
4.81 14.9280253926752
4.82 30.4316434051902
4.83 28.7864289575341
4.84 35.8293173910957
4.85 31.3270686314901
4.86 42.900131344825
4.87 18.6927097175545
4.88 39.2291958646675
4.89 42.7477741542634
4.9 32.3717611270014
4.91 19.0480819016336
4.92 23.7083524349173
4.93 31.6609275913423
4.94 46.5541478946395
4.95 38.3615238205531
4.96 17.6766626112885
4.97 22.4992546383899
4.98 24.7035871260535
4.99 20.2739848567125
5 25.1856457385431
5.01 36.1482328346307
5.02 11.264696677358
5.03 32.3978518738443
5.04 27.4250141688637
5.05 28.673264110481
5.06 34.2806885707591
5.07 26.9457919740279
5.08 31.9893033309796
5.09 33.9056658223887
5.1 23.8027492441043
5.11 34.0603406921132
5.12 29.1120707626575
5.13 21.2690242342742
5.14 20.0569295565519
5.15 27.3556449537386
5.16 27.4474099101381
5.17 26.8386147893519
5.18 34.467304498938
5.19 38.9346846401759
5.2 37.6876024384549
5.21 42.4432161912727
5.22 48.6929435048231
5.23 35.6455573078819
5.24 37.6707183605157
5.25 28.2957197251729
5.26 25.1505239067195
5.27 22.0362471516501
5.28 35.1276077080599
5.29 47.0440251172713
5.3 22.337978412244
5.31 38.3146101603684
5.32 30.227728347774
5.33 33.4087808989144
5.34 26.8164351238279
5.35 31.1902715197611
5.36 32.6541398193493
5.37 49.2508661847921
5.38 30.0127027853928
5.39 35.5401721117933
5.4 29.0658982913416
5.41 22.3003187444552
5.42 25.3471971985598
5.43 26.7527356616375
5.44 31.8719087856357
5.45 27.5505606000497
5.46 43.0144851419751
5.47 38.4852595697516
5.48 37.4988935816988
5.49 31.7419931600385
5.5 27.8317551349379
5.51 27.8447922565892
5.52 36.6799429911207
5.53 29.5511628340583
5.54 22.8585806225766
5.55 27.4372536845378
5.56 26.5727213633565
5.57 44.9947826810847
5.58 23.1389250612659
5.59 28.4253848986242
5.6 17.9553132482267
5.61 15.187677989719
5.62 26.5193031242239
5.63 20.0813916918015
5.64 30.6810463729661
5.65 33.9344489119913
5.66 27.5737988390426
5.67 18.304290032825
5.68 27.8856798472557
5.69 43.9839133928344
5.7 23.4029801058235
5.71 42.8174897723978
5.72 43.7214559321289
5.73 27.8082482784037
5.74 18.947820404792
5.75 33.4630123701282
5.76 25.2486038184653
5.77 28.6994411898458
5.78 42.9680033803239
5.79 61.1531965699001
5.8 31.7707833925696
5.81 37.3637760659761
5.82 17.6478570777254
5.83 29.7740502317084
5.84 33.3616776735554
5.85 39.3385183831344
5.86 14.5127158965636
5.87 31.6753722734918
5.88 46.4062295960984
5.89 29.0196162009901
5.9 48.4268242326088
5.91 32.2796726409826
5.92 22.2857998280322
5.93 28.7171255340981
5.94 37.0973155466792
5.95 41.0647376827837
5.96 20.9847232244988
5.97 21.1362041445034
5.98 19.8528103143368
5.99 51.3886560274927
6 31.8202571701058
6.01 40.7254180221834
6.02 26.7135304219236
6.03 42.8711463869289
6.04 38.0920950330805
6.05 28.3079106457385
6.06 48.7719021630197
6.07 36.605626187579
6.08 34.4684384835225
6.09 36.2304308808549
6.1 36.0369067937538
6.11 33.2218669398948
6.12 42.3370119804201
6.13 34.1928586658417
6.14 37.7465010329889
6.15 26.1262523134017
6.16 25.7166303302979
6.17 39.8509603301977
6.18 58.8310784311147
6.19 32.8602204197231
6.2 29.4033780579109
6.21 16.302823396752
6.22 30.3586634239284
6.23 34.1646175559669
6.24 18.2414845963347
6.25 37.7072436637459
6.26 31.846057905664
6.27 35.9116185989325
6.28 45.4177745504516
6.29 43.0718248529395
6.3 26.716912770942
6.31 33.2400210238307
6.32 26.3275702038358
6.33 50.4873397973523
6.34 46.1548709786909
6.35 37.9667058494878
6.36 42.9320488148634
6.37 38.9708495310528
6.38 32.0734963489894
6.39 36.7594889875483
6.4 33.8069156474924
6.41 37.3709395496557
6.42 26.4279736823818
6.43 35.1034679104434
6.44 35.6005615527031
6.45 47.6444352785672
6.46 47.0597995533227
6.47 53.0970242426911
6.48 56.7816979934278
6.49 20.5453556048043
6.5 40.9675717624945
6.51 37.4806061914927
6.52 34.98100700997
6.53 47.9860525391792
6.54 37.0751389049853
6.55 32.517063719244
6.56 40.8784526702299
6.57 33.7481076467929
6.58 40.7574621978583
6.59 47.8867039219649
6.6 38.2307913323641
6.61 25.4872857929244
6.62 31.4261611584704
6.63 37.6732415590405
6.64 51.5985880387814
6.65 23.2930724697149
6.66 35.7082434943111
6.67 42.755040695062
6.68 48.653696434397
6.69 42.8468889911046
6.7 22.9305671126317
6.71 43.484906613563
6.72 43.3680617894322
6.73 29.2324628088659
6.74 40.8734620601221
6.75 40.9789755146719
6.76 37.2278486190098
6.77 37.3634320864183
6.78 18.0080161171737
6.79 56.7540748184642
6.8 37.4185499241138
6.81 37.4851962369664
6.82 37.9147238417108
6.83 47.9401489106952
6.84 25.5930233571475
6.85 22.139324158902
6.86 32.4728842930492
6.87 28.1732324265905
6.88 60.0689797205343
6.89 35.2324821285063
6.9 26.8751593326095
6.91 30.2261320951063
6.92 42.401296107304
6.93 44.2983614145564
6.94 39.6810764287866
6.95 40.1463175530155
6.96 44.806753321748
6.97 36.6395355044366
6.98 33.5052890862796
6.99 30.9390366380022
7 29.5976417005245
7.01 41.6479616833375
7.02 20.1849293529157
7.03 31.8634649227647
7.04 28.7481536588177
7.05 51.8219799968625
7.06 36.2941572098945
7.07 42.9474979853062
7.08 40.3117425129664
7.09 25.8072310035923
7.1 35.9314244313203
7.11 28.3208451679271
7.12 42.8957936639035
7.13 46.6054861705295
7.14 57.4751131195749
7.15 40.9671002313728
7.16 52.1509139556677
7.17 50.4510478231139
7.18 19.5083187646823
7.19 34.4925486208513
7.2 29.1811750237447
7.21 49.1455375926899
7.22 40.4155084865429
7.23 42.2440103672907
7.24 24.7870389916752
7.25 42.5580978851286
7.26 47.0464977648963
7.27 44.0946268241781
7.28 40.4176670439597
7.29 33.3759175858058
7.3 53.0407436865671
7.31 30.6608903801292
7.32 23.4733097218383
7.33 32.9419639975437
7.34 53.4108119380859
7.35 64.8202890797452
7.36 61.8675987924075
7.37 31.4763638327473
7.38 45.8006184905579
7.39 52.2464304746201
7.4 26.7619392561523
7.41 53.8396863430065
7.42 38.9379944902494
7.43 30.046263184082
7.44 26.1927673638161
7.45 41.7504681528162
7.46 32.2386230661729
7.47 59.7507327346183
7.48 28.1346920981271
7.49 61.5661470240645
7.5 23.458167145732
7.51 36.517553775964
7.52 60.6215347821267
7.53 32.4812017924391
7.54 22.0080297244933
7.55 54.5198542324398
7.56 50.7188979616025
7.57 50.7040261847007
7.58 53.1340052217436
7.59 42.7101483410378
7.6 28.9487707113408
7.61 61.0675754809137
7.62 32.6487206128579
7.63 48.1639143765988
7.64 42.5439024165841
7.65 54.3561073210497
7.66 58.8917800710711
7.67 18.9409676790633
7.68 41.0768419340699
7.69 49.5267269871756
7.7 35.9216778357287
7.71 46.5879346202465
7.72 47.6993096378604
7.73 46.3590186059047
7.74 37.6337426141976
7.75 35.9255746693843
7.76 60.1146220901134
7.77 43.0854680814382
7.78 47.4006553346067
7.79 25.5658562894787
7.8 26.1176316802394
7.81 50.8461056976451
7.82 41.2034534001731
7.83 51.9375578397471
7.84 33.2976363775545
7.85 43.9285691108859
7.86 54.1404140645459
7.87 46.0238251838158
7.88 37.2903736295084
7.89 67.0088778027158
7.9 52.2396839496082
7.91 36.4588395989612
7.92 43.8377139374938
7.93 53.8505599061015
7.94 37.6104544248977
7.95 44.6260134416045
7.96 50.4719680663679
7.97 31.8769990289603
7.98 32.4382606612784
7.99 46.2359504333919
8 62.7634200057151
8.01 49.7415728237226
8.02 42.7076668673161
8.03 51.0614318576193
8.04 65.0432685694215
8.05 54.2231737449088
8.06 32.839686715041
8.07 31.6336367268203
8.08 50.1802315714437
8.09 45.8965007433285
8.1 44.7007482442583
8.11 44.7528664767633
8.12 54.0469279777237
8.13 56.7967758078726
8.14 48.1107966354915
8.15 54.7280634634842
8.16 64.1353224581889
8.17 39.6837747850839
8.18 43.0014979422342
8.19 54.0697630429617
8.2 47.4415344260001
8.21 31.3203328741439
8.22 48.3256147338245
8.23 69.7156472904951
8.24 39.668081526251
8.25 64.0849409065578
8.26 32.0854958995851
8.27 32.0845342621864
8.28 50.7744772452053
8.29 58.4571424980029
8.3 59.805047424365
8.31 42.3457820429262
8.32 43.8807260366583
8.33 46.3974960716428
8.34 46.9223177758198
8.35 54.1895264993085
8.36 46.0285248789833
8.37 40.7187008256688
8.38 47.4375736309352
8.39 23.8020261010167
8.4 29.912544362252
8.41 48.6268464602928
8.42 46.1972032653773
8.43 39.9366491310368
8.44 31.8266063464168
8.45 53.0942160347536
8.46 46.7774274421995
8.47 53.3530451056942
8.48 46.4493123621263
8.49 43.8650756801613
8.5 48.7439053873164
8.51 36.9696101174046
8.52 30.7844255401037
8.53 49.4716783747525
8.54 38.204684598782
8.55 60.1346643665639
8.56 35.9700924349288
8.57 44.838427004741
8.58 47.8445751742519
8.59 44.6098609818423
8.6 30.9736275871314
8.61 55.1081024038918
8.62 53.2689732678755
8.63 57.3282783822948
8.64 51.8770152779819
8.65 50.2068439906666
8.66 52.631930727314
8.67 55.093809568885
8.68 47.5078105368677
8.69 57.9489497048237
8.7 45.064501338183
8.71 49.7175284475877
8.72 50.5644198483107
8.73 57.0392629475217
8.74 51.2975994384794
8.75 60.6634540430482
8.76 42.6852112402213
8.77 40.5462436720813
8.78 51.2209573102238
8.79 34.0258524182219
8.8 46.0516857785387
8.81 44.3502776047958
8.82 45.8243366274457
8.83 58.8020299796715
8.84 58.2546630387037
8.85 67.2055951654385
8.86 54.3464398469674
8.87 57.4749037946133
8.88 50.511614610329
8.89 31.7111831621387
8.9 44.1743299816322
8.91 48.8445743490681
8.92 71.7105302950713
8.93 42.0379382818939
8.94 32.2954012105944
8.95 50.3318020527986
8.96 33.4962700621248
8.97 61.3571413221962
8.98 25.3979846418936
8.99 44.5370443736209
9 64.0329923296009
9.01 46.9106245180629
9.02 41.4048281875765
9.03 37.2637822385426
9.04 42.8287604925974
9.05 44.0758645207047
9.06 54.8825275028115
9.07 44.5253435195037
9.08 47.9968574541426
9.09 65.3257481493055
9.1 64.8481779605696
9.11 59.7881518179696
9.12 52.9171876477718
9.13 63.6365513112793
9.14 56.2963291008489
9.15 40.0932837881292
9.16 43.4717765673362
9.17 67.2071142678403
9.18 53.2226282441927
9.19 52.9132818965345
9.2 49.8367694479182
9.21 49.1361930202757
9.22 66.9635940813016
9.23 63.8797584000479
9.24 34.9524468640486
9.25 65.2400608399454
9.26 40.0976160740159
9.27 68.7024270953644
9.28 15.8907154306853
9.29 41.1110046952071
9.3 53.2962480246298
9.31 54.3897671356624
9.32 38.9438737638707
9.33 48.9112977963546
9.34 42.668269163462
9.35 50.8360475703052
9.36 32.037313564156
9.37 58.3228995450987
9.38 62.9340932425625
9.39 58.5206935537465
9.4 47.3277113586538
9.41 56.4774264888276
9.42 56.1365519917588
9.43 57.3606895329893
9.44 51.2505426329
9.45 67.3771867587813
9.46 51.1059916853507
9.47 39.2518731321696
9.48 69.0951707893636
9.49 51.4975999842775
9.5 49.0584340552427
9.51 50.9552795392642
9.52 63.6202089678378
9.53 33.1102016174806
9.54 57.4925255960934
9.55 56.6617308449305
9.56 41.5613926121855
9.57 71.2858377453401
9.58 62.7667656134706
9.59 56.2389337006698
9.6 49.3825815227393
9.61 72.8112809470992
9.62 56.5287602317934
9.63 46.8081172878982
9.64 51.2042327897346
9.65 69.186521788771
9.66 50.8721169870351
9.67 50.8086723910776
9.68 36.6952048756693
9.69 43.2484616002904
9.7 59.807896401239
9.71 57.0161531514716
9.72 58.749923663117
9.73 50.3521042676019
9.74 53.0057344377104
9.75 71.0506494034697
9.76 71.6339789135498
9.77 71.6076848916807
9.78 47.5440733974767
9.79 52.3132947651118
9.8 34.1636048192204
9.81 52.3537104750273
9.82 56.8515952345717
9.83 48.8728077676057
9.84 48.5045865798833
9.85 61.9927360981243
9.86 36.8121581491528
9.87 60.6197506718847
9.88 63.7992144963127
9.89 51.5915353829757
9.9 55.0478294261125
9.91 67.926570162863
9.92 68.4481279926804
9.93 51.0193171115231
9.94 53.875478746006
9.95 54.5057499821654
9.96 72.7379280534258
9.97 61.3751131157274
9.98 55.8788554166157
9.99 44.3097619475612
10 73.4809395985629
