0.01 3.94612827333421
0.02 14.6402481124617
0.03 9.91411689764854
0.04 5.04574078162535
0.05 -4.92431192479074
0.06 17.8125423131264
0.07 18.1713089005139
0.08 1.43761385820994
0.09 -5.33912769336429
0.1 8.94268773514853
0.11 11.062999658287
0.12 -0.833379478662804
0.13 -20.1852397766708
0.14 1.07927411926687
0.15 2.60305658288344
0.16 0.783706220869909
0.17 -7.29396534887657
0.18 12.8974692754539
0.19 17.4793508743642
0.2 12.2161786264587
0.21 4.94307130739581
0.22 8.61210645537058
0.23 -6.24399744955862
0.24 3.97180969016878
0.25 2.36258471037419
0.26 9.56765935334066
0.27 1.64412377569868
0.28 -6.5715547266592
0.29 -16.4110292667149
0.3 -0.734414101321459
0.31 -12.7065293664767
0.32 6.53376686308949
0.33 8.23970940218132
0.34 12.4619145774662
0.35 2.02953791566776
0.36 1.31133194418146
0.37 19.8932159233915
0.38 4.42604836440832
0.39 11.7917509181258
0.4 2.54938437049124
0.41 9.14922500374007
0.42 13.7189257675516
0.43 5.61530543529163
0.44 35.0337132428623
0.45 23.6514447782727
0.46 7.57854907987035
0.47 -0.128987049327458
0.48 4.41955082856791
0.49 -13.0788808780272
0.5 27.3370449850226
0.51 17.0149230653536
0.52 10.7410478839318
0.53 -3.14740971262187
0.54 23.5036307048253
0.55 7.79681452826836
0.56 20.9879388779052
0.57 -6.64037879872106
0.58 11.2742040273456
0.59 -5.05401962660452
0.6 9.05193727633509
0.61 0.865696341475322
0.62 1.16293144571529
0.63 26.4302782376969
0.64 15.6751860150902
0.65 -0.514647103118706
0.66 14.5447543963854
0.67 16.2940692080869
0.68 -14.3871466463451
0.69 8.90504391801174
0.7 9.41577101791059
0.71 15.8934036915673
0.72 3.76941879958425
0.73 10.8458843123716
0.74 10.1421768712777
0.75 39.4813149539495
0.76 7.89633396728619
0.77 19.4987448394775
0.78 -5.68702763584552
0.79 16.2908267443194
0.8 9.09582611627398
0.81 4.78506407349348
0.82 19.5949457326064
0.83 12.0301665256234
0.84 23.0855878727892
0.85 16.0888126940942
0.86 14.528487080179
0.87 10.694510720293
0.88 17.5067457410176
0.89 18.6108513000006
0.9 22.8124049050985
0.91 -3.01617115271112
0.92 7.65798350075282
0.93 6.39464984853064
0.94 18.7218677192213
0.95 -1.23511236088256
0.96 7.91408356619668
0.97 17.9406908608399
0.98 13.9675005488124
0.99 2.60611403857408
1 7.01807468586598
1.01 12.1210062646256
1.02 6.99877854379972
1.03 1.65900313542546
1.04 -2.28444314370721
1.05 16.2877510760031
1.06 17.406965161571
1.07 16.4952890016307
1.08 7.05463196540431
1.09 7.36950706446826
1.1 15.1415674285538
1.11 17.4255080607524
1.12 -5.60882986772238
1.13 5.72307925839237
1.14 23.3011077523866
1.15 11.2166232289599
1.16 26.145643155571
1.17 17.0834085047108
1.18 11.6677947878705
1.19 17.8894819255927
1.2 24.327477046821
1.21 4.30935857354491
1.22 -0.274298801809763
1.23 14.7525382714601
1.24 20.8204699318713
1.25 19.4350041951236
1.26 -2.29125097795888
1.27 10.0693584987366
1.28 8.85863928862353
1.29 8.46296561516787
1.3 16.959987853334
1.31 11.2100242473848
1.32 39.6644892481446
1.33 2.57464959175449
1.34 32.6971264902987
1.35 -10.310233604357
1.36 16.5152837433484
1.37 20.0643193622844
1.38 -0.528907818558723
1.39 12.5047062419692
1.4 17.7704564572418
1.41 17.5154869080722
1.42 12.1247067150885
1.43 15.4820383430472
1.44 2.44388216539246
1.45 -4.17300696249183
1.46 1.90642265328273
1.47 -6.20754421611926
1.48 3.08396418479676
1.49 12.2402212793203
1.5 24.0104133616032
1.51 4.3313606337538
1.52 16.20213193735
1.53 2.93459373396558
1.54 20.6788189756079
1.55 12.2081395950873
1.56 -5.75573466030622
1.57 28.6610938900541
1.58 18.2735950557558
1.59 -0.0871536448728119
1.6 13.6553889489321
1.61 14.570245561047
1.62 5.20915930634986
1.63 6.98715934667911
1.64 1.69829779700935
1.65 3.07392152786849
1.66 3.00618012210777
1.67 2.37923385486645
1.68 11.1077885771433
1.69 20.0471459427837
1.7 2.57642257213401
1.71 26.3172825498577
1.72 13.1475488807704
1.73 25.3414701543897
1.74 25.6574944746308
1.75 31.2458063235894
1.76 3.42555014354948
1.77 25.4237984390705
1.78 26.1222497921883
1.79 21.4321079759648
1.8 28.8403812154696
1.81 13.3187641721735
1.82 7.64840089620054
1.83 0.861341402482484
1.84 13.1435702604772
1.85 12.2960818567322
1.86 10.7284802869927
1.87 17.4328465090849
1.88 20.5981830426244
1.89 17.3158062960758
1.9 28.896185215038
1.91 31.1338835870268
1.92 19.8050367137766
1.93 16.2501750383571
1.94 8.64558461924127
1.95 13.2495278123153
1.96 25.7343264284937
1.97 23.2509891223551
1.98 5.65277211876191
1.99 24.7513427459745
2 16.0201884113562
2.01 9.41499633487228
2.02 5.51370471293674
2.03 37.0293286996789
2.04 33.2482710587456
2.05 23.0560278306916
2.06 20.7970356308584
2.07 12.7539743493505
2.08 12.2983020430527
2.09 9.73144096564127
2.1 20.9726678864143
2.11 20.8243424096797
2.12 10.5963549368415
2.13 11.8388144347328
2.14 21.8825596883585
2.15 20.3820352800695
2.16 15.223904912606
2.17 1.78362641205818
2.18 26.5616404666242
2.19 38.7625590043112
2.2 3.98157756636466
2.21 39.6230637056662
2.22 9.00344660848149
2.23 17.0435235432131
2.24 6.18084824172601
2.25 18.7831308994718
2.26 31.2179876716229
2.27 10.4194254622272
2.28 26.6064069844568
2.29 25.27661710508
2.3 11.5785550572538
2.31 16.55495655669
2.32 4.3418860118806
2.33 19.4176313355187
2.34 15.9718338560862
2.35 12.0768618065158
2.36 -16.826045168951
2.37 27.1951804465584
2.38 9.92089685037778
2.39 19.1242624660698
2.4 29.8522825425503
2.41 17.5951843275728
2.42 -5.4267735765556
2.43 11.2138017902309
2.44 38.3829398205264
2.45 15.6086707553164
2.46 -0.995619403191716
2.47 13.4774422366077
2.48 11.0123519609744
2.49 24.4773126755892
2.5 15.7169401079643
2.51 20.0348165974537
2.52 20.5351059824266
2.53 20.419800997455
2.54 10.150857262806
2.55 37.2724843925567
2.56 -2.3720592843564
2.57 6.6437328527947
2.58 9.60561810893705
2.59 6.6227515263938
2.6 24.226868006854
2.61 20.6234698907256
2.62 11.3317269168519
2.63 17.8479534645816
2.64 2.96299334292038
2.65 12.9257236928971
2.66 18.867920105195
2.67 20.7726689493346
2.68 18.0153027302352
2.69 19.6815240342729
2.7 3.2160663571673
2.71 20.1005084838783
2.72 8.17326271101435
2.73 -4.38251673823796
2.74 24.9901735114046
2.75 27.2321809074044
2.76 12.1398491903462
2.77 17.5662836600351
2.78 41.0816199324286
2.79 43.3628504540458
2.8 11.5199161149192
2.81 26.1556452743907
2.82 19.6868918407502
2.83 16.1333968227551
2.84 -0.0906680026141444
2.85 28.56600469722
2.86 31.3646140273539
2.87 41.2163670463431
2.88 15.2360501801644
2.89 23.7282122538935
2.9 23.8329256362522
2.91 9.6079239034885
2.92 21.1222637671839
2.93 9.68322992085421
2.94 12.696696712136
2.95 27.4140627339284
2.96 20.796352275662
2.97 20.6974107834385
2.98 17.9523005074727
2.99 9.68103272079034
3 19.9417328588311
3.01 23.2595656883103
3.02 22.8489552189262
3.03 20.7109392074971
3.04 23.2019667703641
3.05 5.25883565971396
3.06 14.1295340047411
3.07 20.3971716078861
3.08 20.8223362802184
3.09 20.5595830641834
3.1 34.8848366856373
3.11 22.5802586957383
3.12 8.02573935207571
3.13 27.5103326437834
3.14 12.7528608701934
3.15 36.7837954750957
3.16 9.05175176212775
3.17 12.3851337352403
3.18 31.5250697967445
3.19 26.4766363571067
3.2 23.1138702116095
3.21 30.0975331493003
3.22 26.667040248332
3.23 35.4096098319748
3.24 47.7241730486715
3.25 7.53034329304428
3.26 36.8264981043267
3.27 28.4052550392407
3.28 34.0918138286031
3.29 28.5764274506973
3.3 18.3100054544999
3.31 37.7040304374366
3.32 40.7782170198849
3.33 13.6032164543767
3.34 26.2747887334298
3.35 35.7637817207359
3.36 37.5978766700351
3.37 21.9402393199729
3.38 26.9619630954409
3.39 29.1316930051054
3.4 9.4443619709689
3.41 36.8183008515666
3.42 15.0924003402822
3.43 15.5383859041072
3.44 20.458157206197
3.45 31.8833168536032
3.46 27.1267934939466
3.47 30.0055287038658
3.48 20.2734868825685
3.49 10.4667996437215
3.5 3.68246219285938
3.51 12.6748350243285
3.52 19.6802862192848
3.53 42.0894167378366
3.54 19.1923755623656
3.55 23.0272231958814
3.56 14.8353381872131
3.57 36.5817883884606
3.58 24.6070097395413
3.59 21.0835765573484
3.6 37.8003361284224
3.61 15.5842145218305
3.62 21.0796097111007
3.63 23.0220592961913
3.64 12.8973662430255
3.65 39.932192571036
3.66 30.8278421994718
3.67 20.5776499609292
3.68 37.8175406063285
3.69 17.2172302282277
3.7 8.81884153059963
3.71 27.8931793716809
3.72 11.4599096887797
3.73 9.46608494064497
3.74 23.9747218451569
3.75 23.0369452194431
3.76 20.8312585222699
3.77 36.4804023914144
3.78 21.3483123284683
3.79 37.5248357451185
3.8 20.4229334933109
3.81 38.299101349304
3.82 31.9899194750725
3.83 23.2489036250593
3.84 15.777088312955
3.85 24.7252523556792
3.86 30.5729425693783
3.87 30.4949058934122
3.88 27.9816412380064
3.89 31.0931772667679
3.9 19.8782693759466
3.91 32.3430938603175
3.92 23.1158748713249
3.93 16.5709229020729
3.94 14.8600728533803
3.95 24.3152907506917
3.96 17.7745593879724
3.97 41.7189918930709
3.98 24.4432868867447
3.99 10.8364972265909
4 29.5998446377768
4.01 9.40831021450161
4.02 8.36461279527847
4.03 30.0725121183409
4.04 22.6081444932004
4.05 21.7023600830165
4.06 15.3804180497533
4.07 37.0140815933803
4.08 23.7790748792742
4.09 31.1835913551146
4.1 20.6046227864464
4.11 11.9851250741347
4.12 12.4534284148147
4.13 9.53569181872014
4.14 26.320909489519
4.15 22.7936946317401
4.16 27.4383671545382
4.17 31.7302383190881
4.18 19.8968386967864
4.19 28.0835426421966
4.2 23.775374202566
4.21 28.2534017250347
4.22 28.8877114571311
4.23 20.1340696094552
4.24 25.8978879292031
4.25 35.3101932458287
4.26 38.8556493925147
4.27 40.0342635719549
4.28 20.8273752561795
4.29 26.074348705453
4.3 15.956132283718
4.31 32.2734720529221
4.32 21.336300319674
4.33 32.0104601864892
4.34 21.1911292936513
4.35 25.2279263062466
4.36 25.8298618245285
4.37 13.3365059493582
4.38 38.078252741238
4.39 16.8946431262082
4.4 29.9106158257358
4.41 27.1360747219117
4.42 42.0581072578135
4.43 27.781805673983
4.44 31.0603794071846
4.45 30.0321256926586
4.46 11.3346563790664
4.47 41.7936539381835
4.48 21.9442175427557
4.49 33.7200688273025
4.5 34.7356400803872
4.51 10.1603643274068
4.52 31.0675163044443
4.53 45.4917322915098
4.54 29.2921184848898
4.55 44.6727217877885
4.56 41.1464651477834
4.57 28.0895388882615
4.58 20.2462607830094
4.59 12.9268187994982
4.6 27.7435782024866
4.61 11.7099801344665
4.62 20.6968398369996
4.63 30.5696852733275
4.64 46.4377801822375
4.65 3.35834596414185
4.66 15.8210927518898
4.67 32.6946207441834
4.68 29.8866867816718
4.69 18.2492693936275
4.7 15.3509914521745
4.71 25.966641296651
4.72 31.1706793381035
4.73 31.7334102105044
4.74 25.0064134569199
4.75 34.7126313234726
4.76 29.223080865381
4.77 31.9681229105754
4.78 6.8309260248183
4.79 39.4811572182445
4.8 29.5286362914402
4.81 48.8263074115523
4.82 25.0730951502203
4.83 21.3167453009654
4.84 42.1444614755783
4.85 43.2467957464529
4.86 34.7955946051032
4.87 45.2919223024546
4.88 29.3903547842957
4.89 17.6953468854734
4.9 36.6453809425082
4.91 21.525762027135
4.92 21.212770227487
4.93 12.8696491263645
4.94 38.2822907241275
4.95 14.4629961520541
4.96 25.6532384801594
4.97 18.0521232381908
4.98 50.8753028101445
4.99 35.7476912679359
5 16.8162344784951
5.01 33.2200077077955
5.02 38.6941921643993
5.03 37.7739997675178
5.04 19.9171398115754
5.05 32.2947630155078
5.06 57.684874050096
5.07 42.7063066109269
5.08 28.3593124268263
5.09 37.8005284938877
5.1 42.7927773165948
5.11 30.4213848244991
5.12 25.8607131796153
5.13 29.4316549064805
5.14 27.7214595948758
5.15 37.6757067742213
5.16 45.7549307120939
5.17 40.9903660620471
5.18 10.3206132266164
5.19 37.5513784493692
5.2 45.4624670836715
5.21 45.2955335111542
5.22 44.9143593036704
5.23 25.7322219865296
5.24 25.8532709721765
5.25 33.7174726452225
5.26 49.9842963670259
5.27 39.2311451208111
5.28 29.6874454372762
5.29 43.2733527470526
5.3 34.0592991221975
5.31 12.753537368882
5.32 5.98493822391026
5.33 31.9861414112816
5.34 23.6889481137139
5.35 28.0397305600755
5.36 39.2966375865569
5.37 37.3324354581195
5.38 38.5245863299826
5.39 40.2151752138229
5.4 25.4449492026868
5.41 34.990392373344
5.42 27.6523244634136
5.43 27.2863708487859
5.44 28.0130351079991
5.45 25.060646719105
5.46 43.9074589894703
5.47 31.3217372657598
5.48 42.7139637918112
5.49 38.6462137518418
5.5 41.5096479561783
5.51 43.1337038307676
5.52 5.05817467996152
5.53 39.2852503307371
5.54 35.3395296791898
5.55 37.9534823001846
5.56 36.0243103118755
5.57 28.0181644995603
5.58 31.5093102758305
5.59 36.9024481517787
5.6 47.5090999631843
5.61 19.31421517394
5.62 20.0086343802424
5.63 38.9925607594565
5.64 18.1205797545841
5.65 26.8485405426164
5.66 31.7521828395748
5.67 34.5980153064124
5.68 39.8397845726652
5.69 35.7819550662136
5.7 37.1068016970588
5.71 26.2178895405119
5.72 14.1716033101417
5.73 25.0196020498542
5.74 13.4476342319489
5.75 22.5776990255335
5.76 45.7911131855548
5.77 30.4885755242675
5.78 19.168347309521
5.79 26.6306925633655
5.8 41.1745284719344
5.81 20.7833323642776
5.82 41.3066280072246
5.83 28.8768480685021
5.84 25.8001211332557
5.85 47.8765876859357
5.86 31.2524408082373
5.87 26.1212829765437
5.88 11.6934060835474
5.89 49.4987691228329
5.9 39.4135092959383
5.91 44.876882400771
5.92 56.31372112607
5.93 48.0044348664656
5.94 16.4052512199568
5.95 44.7528281549875
5.96 39.4298367109924
5.97 26.4016056545657
5.98 40.0645199562052
5.99 50.2932452555102
6 19.5642776863805
6.01 34.413786535138
6.02 35.8058708502127
6.03 28.1994586940032
6.04 31.5538288256985
6.05 35.536295209714
6.06 33.8479566947553
6.07 27.3256336756838
6.08 40.8623458723214
6.09 38.5158397784852
6.1 35.5469847337272
6.11 14.7340824075284
6.12 43.052776662717
6.13 24.5460949176124
6.14 34.8132400819427
6.15 39.0337164221395
6.16 14.097776918566
6.17 28.361087947313
6.18 38.6118648726707
6.19 24.6576649348038
6.2 47.2643888568284
6.21 19.2851790626384
6.22 45.2537903104223
6.23 37.6930001381266
6.24 45.561400760505
6.25 29.6331245890891
6.26 27.5726087273099
6.27 35.4842641630614
6.28 32.0265163065544
6.29 27.1189479243705
6.3 44.6959440020287
6.31 44.7508766938001
6.32 36.2417401963787
6.33 33.1898453674036
6.34 40.3996474799485
6.35 20.540848466995
6.36 50.57474043181
6.37 23.0745618404995
6.38 41.7602995100173
6.39 37.3594621429254
6.4 34.6464109186471
6.41 43.4445407797029
6.42 54.5237955083365
6.43 44.3672010100592
6.44 15.0332612748967
6.45 20.8566692742422
6.46 36.9907288685082
6.47 32.76697696678
6.48 35.7843717666258
6.49 35.9051547001845
6.5 48.0102421916221
6.51 47.735233618252
6.52 52.4286823495214
6.53 37.3483491967844
6.54 39.7742349049349
6.55 10.7272562331051
6.56 37.6870153692619
6.57 43.152473239369
6.58 63.6583990938798
6.59 29.9906983857016
6.6 32.7199925847183
6.61 45.3487743291559
6.62 28.5152215716423
6.63 52.4135170677255
6.64 24.2286846236131
6.65 48.7059818452533
6.66 50.6857241844134
6.67 38.1555807582288
6.68 22.9629466531861
6.69 41.5970876728779
6.7 29.6051892621735
6.71 20.2184055025586
6.72 32.0676863445291
6.73 37.1470734250105
6.74 41.655356027591
6.75 62.4619993013059
6.76 38.5747937607625
6.77 54.0780001156265
6.78 26.1595098691535
6.79 31.1068342255286
6.8 46.4671174542974
6.81 46.0147342672876
6.82 42.0073714703743
6.83 36.4561642545558
6.84 39.5883237173133
6.85 48.3902019644409
6.86 50.9182046438479
6.87 38.5319966542426
6.88 50.7184288196736
6.89 31.9771949575485
6.9 40.7179212319054
6.91 67.1216846909166
6.92 50.188215162109
6.93 46.6768107425308
6.94 53.8175293839585
6.95 26.2529036931839
6.96 32.5620259570769
6.97 52.5293300675082
6.98 41.6269342166741
6.99 37.6399293394363
7 46.8876545322112
7.01 54.7622672420006
7.02 44.1740899760577
7.03 29.2407937439031
7.04 42.4982632851166
7.05 38.1367909097647
7.06 36.8368206666267
7.07 32.5776345520375
7.08 38.5970753731917
7.09 34.1112987026324
7.1 52.4621770781311
7.11 15.5555560203445
7.12 46.5059323260206
7.13 43.3202408297171
7.14 37.2725339299677
7.15 24.8595950231126
7.16 34.0691822319387
7.17 50.8537551079022
7.18 26.552253603517
7.19 33.2566386986545
7.2 46.6254364141197
7.21 40.2967958414636
7.22 61.4375030246357
7.23 41.2448196747773
7.24 41.2453635367419
7.25 48.3652074060352
7.26 39.1057682666333
7.27 55.4717543422186
7.28 38.2883939547775
7.29 26.7663379143086
7.3 29.7144334616041
7.31 50.9295683331783
7.32 48.7900378285017
7.33 48.1642537360496
7.34 34.4127237048134
7.35 29.8769814081294
7.36 34.1924512678017
7.37 36.4703407275735
7.38 30.639968621967
7.39 34.8414456972507
7.4 31.3660947871259
7.41 41.6474116060846
7.42 39.017732478771
7.43 52.1584298029269
7.44 30.8065847420132
7.45 54.1231070206917
7.46 43.4364766459337
7.47 46.7770154141122
7.48 36.9106791595421
7.49 20.9206089492065
7.5 31.7020875071021
7.51 34.3118276178217
7.52 32.9144509867486
7.53 38.8986725492916
7.54 44.2704202340476
7.55 35.1960362423098
7.56 44.2903583715883
7.57 56.2811700392332
7.58 31.3920769539364
7.59 35.9859055434472
7.6 43.0397034219535
7.61 45.7106416037723
7.62 55.3349422542694
7.63 52.4983342371788
7.64 47.7367472461162
7.65 39.580309443741
7.66 63.868911877118
7.67 46.1264991250876
7.68 55.3983791692504
7.69 35.5116044109873
7.7 40.9118107905141
7.71 41.0149765144083
7.72 45.4612244705011
7.73 32.6303015003053
7.74 45.9119758531182
7.75 48.6655579197366
7.76 36.2608726012472
7.77 75.557269301962
7.78 35.3178761050338
7.79 51.5296614826534
7.8 33.5428045039596
7.81 37.5611040832142
7.82 44.5523027152601
7.83 44.0416548018926
7.84 56.9254567495802
7.85 62.2265098154706
7.86 45.0099465712422
7.87 55.0250706548381
7.88 39.2428008354459
7.89 60.9840545034775
7.9 47.5839082177019
7.91 31.657309091505
7.92 45.2845740478771
7.93 48.3251385246804
7.94 44.0033618199034
7.95 48.2600957913181
7.96 53.8802520450826
7.97 73.4484649856517
7.98 51.4191819877346
7.99 54.6274525870055
8 44.7583150583282
8.01 31.9822814188057
8.02 43.9531386185935
8.03 44.2960033123716
8.04 53.6417443016989
8.05 32.2521440478603
8.06 53.0161269970071
8.07 49.5368806949089
8.08 15.9443146835056
8.09 42.511904403318
8.1 51.3025232648364
8.11 44.5284247992017
8.12 43.4368683819485
8.13 41.16963908506
8.14 49.5951680693309
8.15 67.0054609868299
8.16 43.6948619171627
8.17 50.406864145302
8.18 40.95066762427
8.19 54.2027078724191
8.2 49.7768910188015
8.21 29.4356971560329
8.22 45.5135826086415
8.23 63.7331380302688
8.24 69.9441566856711
8.25 31.3228998612867
8.26 52.5424367943371
8.27 34.6709615985668
8.28 65.7446207515098
8.29 53.5405003687888
8.3 41.8802341364978
8.31 42.9889233343078
8.32 26.6300288639723
8.33 64.1231859065425
8.34 56.0132190148604
8.35 51.6121444322245
8.36 31.3760372456512
8.37 40.2088110638579
8.38 40.1290671629782
8.39 48.7563336744195
8.4 48.8489286775264
8.41 56.2650732485019
8.42 48.1738721813148
8.43 48.3664324451137
8.44 33.6411594528862
8.45 46.6867943059421
8.46 66.9532315526933
8.47 30.333198550565
8.48 45.4758668369097
8.49 51.3174187841546
8.5 53.912271992971
8.51 32.6089288177406
8.52 42.4227272825823
8.53 52.1716334764718
8.54 38.4828730646981
8.55 58.5063260283397
8.56 46.5946914113812
8.57 43.1733854016314
8.58 50.2803828461089
8.59 60.8438017371222
8.6 21.2378158257396
8.61 39.0652389947379
8.62 27.0168560175842
8.63 35.8425029904667
8.64 58.4131595408404
8.65 40.5907198968645
8.66 44.5238098962351
8.67 42.4746756126051
8.68 40.8427590201592
8.69 55.3628661080509
8.7 42.9173098043096
8.71 43.4996627477252
8.72 50.2124570729602
8.73 55.9121711390671
8.74 37.1735495675152
8.75 62.1391193476971
8.76 48.3007525798796
8.77 47.8418656972392
8.78 72.3846425729421
8.79 45.1372234131291
8.8 39.3881729259208
8.81 60.3960289998786
8.82 77.0101646919831
8.83 45.9333392820074
8.84 45.5307684640233
8.85 57.123700197092
8.86 62.6040783194907
8.87 60.3953908975725
8.88 46.0684408643871
8.89 50.7149936397614
8.9 52.1799781521811
8.91 46.1170779700175
8.92 59.7637310298406
8.93 38.5366981443096
8.94 46.9452506485888
8.95 38.9397417369818
8.96 47.2819294650448
8.97 49.4391272637062
8.98 53.3999468788336
8.99 56.74401696849
9 65.449130779216
9.01 53.1268062467566
9.02 56.5238474485384
9.03 49.9244248185346
9.04 51.6724360015661
9.05 60.0707434164323
9.06 52.2155761095886
9.07 66.368981856234
9.08 64.9646373399893
9.09 49.401335706242
9.1 29.1322665125578
9.11 28.7731159760331
9.12 61.6778529749314
9.13 57.7140653766583
9.14 59.4201060176294
9.15 44.3211044423456
9.16 51.7190602420708
9.17 50.4200643849104
9.18 59.2673707525868
9.19 49.7917243601509
9.2 38.9529283241025
9.21 56.591175444741
9.22 61.0249562802673
9.23 56.0512785842765
9.24 50.9834540667668
9.25 52.2137185294598
9.26 65.0025865897675
9.27 52.8560277631574
9.28 58.9280611972867
9.29 52.4968363541125
9.3 64.968964088477
9.31 51.0002857431102
9.32 38.1791035477607
9.33 60.6002503309389
9.34 57.0131249734923
9.35 50.3143583497958
9.36 53.2272430261018
9.37 37.864098999601
9.38 43.788749536799
9.39 42.3363038404455
9.4 40.0234588360583
9.41 54.374231550938
9.42 36.9210747216704
9.43 52.177890126178
9.44 54.3193441657556
9.45 52.4772992510052
9.46 57.5145139824679
9.47 66.3090918477214
9.48 52.3807000799058
9.49 40.0632801011459
9.5 58.6580881894103
9.51 56.7754582742193
9.52 55.2708113151672
9.53 50.5103950530754
9.54 58.4432917386174
9.55 58.7138418928726
9.56 42.7938269453799
9.57 65.0128091018245
9.58 62.0345184583681
9.59 59.0347801487015
9.6 53.4995784619833
9.61 56.555427693025
9.62 58.5801082025997
9.63 61.2494701704041
9.64 66.0186455896348
9.65 47.1326714117106
9.66 74.5566126180245
9.67 60.3784015092712
9.68 52.694400225669
9.69 45.7090244284889
9.7 49.8926355526182
9.71 52.3511307444768
9.72 53.2099944703258
9.73 43.0688624205067
9.74 38.3736111852245
9.75 46.3907058971235
9.76 46.500578468797
9.77 36.6485615211307
9.78 81.0333188661719
9.79 60.4923125649683
9.8 62.9031784787219
9.81 65.7268139500841
9.82 55.2073577944331
9.83 49.5079091325069
9.84 47.6504966958665
9.85 67.3327088291651
9.86 64.7608944093026
9.87 49.5034412352479
9.88 53.0944676502141
9.89 69.8380074280776
9.9 45.4093629677763
9.91 40.9580909747539
9.92 50.918392463093
9.93 62.6781692388887
9.94 62.0700165316748
9.95 70.6043075300318
9.96 53.678182511987
9.97 52.2421455879423
9.98 49.4749081087318
9.99 66.7455745076962
10 35.3659990851169
