0.01 3.13916768869611
0.02 19.3401598429621
0.03 4.96661168135834
0.04 12.2178336936151
0.05 6.22234120781871
0.06 -0.167712352600602
0.07 -4.00695573447984
0.08 3.10711014320883
0.09 7.05373158491625
0.1 7.69083536516316
0.11 3.50888190460281
0.12 0.141726139408802
0.13 8.52086128890009
0.14 -4.88638060335477
0.15 23.1916077934047
0.16 8.60310301346389
0.17 4.37070389433138
0.18 2.74242541570515
0.19 8.50067189344266
0.2 0.696816337741847
0.21 -1.21399778994055
0.22 8.08377971476276
0.23 2.98918696326335
0.24 -4.39308469864653
0.25 14.0052426761123
0.26 2.03578381810925
0.27 0.413633989390104
0.28 -6.04904607758737
0.29 -13.2890168258251
0.3 14.0419064713293
0.31 13.7329254102632
0.32 6.15692786849886
0.33 1.9339249865252
0.34 8.11185195974542
0.35 20.3330244983269
0.36 -6.02737164336073
0.37 19.7000520943542
0.38 5.0362322004618
0.39 6.15552099837735
0.4 21.6844558681059
0.41 2.84136035743185
0.42 13.4667116530473
0.43 18.2905968072058
0.44 4.82316327884037
0.45 4.33889636997327
0.46 11.6912301336935
0.47 7.41810797947233
0.48 9.88471476032041
0.49 0.335124796526811
0.5 11.7780371418551
0.51 1.56327138042758
0.52 0.125250433331606
0.53 22.9408685272669
0.54 4.17309908893728
0.55 -5.91564198861419
0.56 -1.65920659389218
0.57 13.1367668370885
0.58 3.70640248141982
0.59 3.74909059811982
0.6 -11.5846352047589
0.61 2.43747522207532
0.62 8.29695765876771
0.63 17.5556847130191
0.64 28.5923603898442
0.65 28.2337623768475
0.66 -1.54090223955694
0.67 -0.335222036228674
0.68 6.64782274003124
0.69 8.77478014713112
0.7 9.57966957720331
0.71 6.77802479954015
0.72 15.014223955579
0.73 2.3261808220503
0.74 25.33960172234
0.75 -10.4840420128972
0.76 13.6835941718451
0.77 3.78453290748058
0.78 -0.923360358019478
0.79 -4.38120926175287
0.8 20.3182588596833
0.81 -0.069664508391571
0.82 3.95233591091757
0.83 7.53275592599462
0.84 7.00107242160337
0.85 -4.08659016110468
0.86 -1.49842749043854
0.87 7.06645009554352
0.88 5.62214477086468
0.89 -5.03732407757435
0.9 23.5189431840443
0.91 7.78852510273795
0.92 19.3914244161154
0.93 -5.70349370487579
0.94 8.41184330905188
0.95 20.8368170088564
0.96 10.7550174521038
0.97 29.9220888114445
0.98 21.6653409038485
0.99 25.1359369222228
1 -9.92062137555517
1.01 19.209911106739
1.02 13.9886818459069
1.03 -9.00554114121511
1.04 1.11410122557331
1.05 21.3679867941707
1.06 2.48452505296135
1.07 14.7923065490544
1.08 21.5568002232961
1.09 26.1252111172695
1.1 19.7439254304485
1.11 15.4719012907454
1.12 2.80167512069832
1.13 8.80852342221525
1.14 25.1767884501641
1.15 -2.01563038427993
1.16 7.05297400694732
1.17 18.7754670077866
1.18 10.7010374419536
1.19 17.7248437171659
1.2 29.0666979516562
1.21 -6.68079851357322
1.22 6.59279201989204
1.23 8.82122423018768
1.24 19.2104193003417
1.25 19.0833069137936
1.26 30.0941628143331
1.27 9.47987832110364
1.28 23.8519446268909
1.29 4.57318373378602
1.3 27.5334819988079
1.31 9.81515785194832
1.32 26.0836446976799
1.33 14.8551083247103
1.34 40.769556762992
1.35 3.76234264249172
1.36 25.1731234712821
1.37 17.2791829952115
1.38 -4.16981061342692
1.39 12.7662710960206
1.4 26.2589030252397
1.41 4.45324401751157
1.42 11.365276543159
1.43 0.372512553356074
1.44 6.47329676241083
1.45 6.64436609342913
1.46 18.0272250454705
1.47 17.9541188510567
1.48 43.5937775735798
1.49 20.6043114262096
1.5 8.02617619076473
1.51 15.9806022603791
1.52 12.2967540514861
1.53 14.3895793829997
1.54 14.4363698488963
1.55 15.9064834866244
1.56 24.0356560596503
1.57 32.909443467629
1.58 8.15501323443924
1.59 5.97347718870803
1.6 8.81689619195956
1.61 17.387624850827
1.62 -7.12149584532528
1.63 9.96604594660025
1.64 8.74326805578312
1.65 8.49955690830717
1.66 22.9274865958328
1.67 5.2488404114565
1.68 0.415633529437239
1.69 5.33510099821373
1.7 10.5967615212661
1.71 24.1937385223019
1.72 8.33419369621218
1.73 27.7093110986273
1.74 6.71064254872703
1.75 26.2686791224784
1.76 30.6264500475766
1.77 8.94456567442035
1.78 9.30486294401306
1.79 -1.57730554898067
1.8 34.8232127161702
1.81 14.629932520123
1.82 11.5753061394488
1.83 14.1464812914205
1.84 16.5350262484332
1.85 18.0685139233474
1.86 20.0223770340579
1.87 31.0984760229562
1.88 13.6843095580348
1.89 35.1263692068754
1.9 15.5929347027329
1.91 11.4469386127818
1.92 10.1053095842932
1.93 21.6458495801141
1.94 24.7990074957897
1.95 2.33062748952671
1.96 15.2642312327625
1.97 9.56539730288406
1.98 21.1395076113239
1.99 -9.75133966162564
2 28.0572902923558
2.01 23.165691131651
2.02 -19.8356288400079
2.03 30.4845187165152
2.04 16.6826868072615
2.05 6.86029469813017
2.06 14.8956766956313
2.07 19.1143423016475
2.08 17.9077628427147
2.09 21.1952887354591
2.1 7.29179520199404
2.11 11.3340699487901
2.12 1.50257626145783
2.13 30.6070416400757
2.14 -1.69576513742764
2.15 2.44394761021204
2.16 16.1544724794001
2.17 18.4625940849864
2.18 12.3790111640078
2.19 19.6858730781816
2.2 21.2363585426723
2.21 26.3513602608943
2.22 19.8774736775568
2.23 14.4438310647969
2.24 -1.08418522548387
2.25 -5.78824959763099
2.26 38.0888415337326
2.27 31.0422708185783
2.28 15.2237827459171
2.29 10.570206652835
2.3 11.5114129026219
2.31 14.5857826294842
2.32 15.001828344282
2.33 8.81528605462988
2.34 11.0428107603469
2.35 14.7330119762479
2.36 8.86573529391425
2.37 3.35634814841264
2.38 3.17662686705186
2.39 18.9552362317239
2.4 28.5006763160953
2.41 22.6272190234927
2.42 -0.203855356450115
2.43 26.3143979325411
2.44 10.4118493175211
2.45 20.6160460331789
2.46 22.9866094238367
2.47 15.0402079227789
2.48 26.6034323402448
2.49 22.4180647580217
2.5 3.36083894002656
2.51 -2.68489922997399
2.52 45.9845246324237
2.53 13.7967441855291
2.54 23.7254650552796
2.55 13.8662311344364
2.56 25.9156631515377
2.57 4.57380087796851
2.58 10.5837028943197
2.59 22.4755944809333
2.6 26.0104832180272
2.61 12.3159615395524
2.62 33.0789052176789
2.63 30.9239943113803
2.64 25.7123600215639
2.65 24.424222858414
2.66 13.1868721484641
2.67 20.115528739322
2.68 12.6669852860748
2.69 24.9971496789949
2.7 18.6239758834582
2.71 10.333549331373
2.72 25.1717056937777
2.73 31.2877130959223
2.74 1.94972710595371
2.75 16.9589458535895
2.76 15.7971618005792
2.77 31.4850210080049
2.78 39.9944117126159
2.79 16.0852107995138
2.8 43.175384547818
2.81 2.81122649442474
2.82 9.43512823135374
2.83 14.1038746984484
2.84 23.1233448240185
2.85 34.2973266857329
2.86 2.43522620610261
2.87 26.4490074897017
2.88 23.2733770063497
2.89 39.4981564042748
2.9 17.2121235006198
2.91 12.1115964190691
2.92 40.8084201863826
2.93 25.1116828695766
2.94 20.5008800604574
2.95 5.89566384638118
2.96 38.5382707687679
2.97 8.6525264492218
2.98 24.0374092458054
2.99 16.5757760999752
3 4.85727868246807
3.01 28.756896014889
3.02 36.1122307256728
3.03 21.9791400966502
3.04 14.3870059091819
3.05 13.1658832794739
3.06 7.41245514373259
3.07 32.519196266375
3.08 26.2578190244304
3.09 18.3974995291217
3.1 24.7473347339068
3.11 25.6188124326993
3.12 33.7162720073781
3.13 23.1325645646697
3.14 20.7394252216979
3.15 24.6926924703758
3.16 25.2487765298455
3.17 13.6261206357313
3.18 16.0716484307468
3.19 27.2646694718456
3.2 18.3546259214694
3.21 1.83364041182723
3.22 21.5116104650016
3.23 23.3757537106935
3.24 21.5974974838001
3.25 14.7419155614474
3.26 26.9388123992455
3.27 13.1824546146134
3.28 16.3589965643399
3.29 14.7467590931545
3.3 8.200133875849
3.31 5.46640491164044
3.32 16.2876238314467
3.33 18.8157871149091
3.34 10.5352293130295
3.35 27.0982310190221
3.36 36.7416457218602
3.37 17.454062969277
3.38 20.5579713237341
3.39 19.1035189942332
3.4 32.5211488612087
3.41 20.0356322901221
3.42 37.7013434890422
3.43 8.58802629218091
3.44 22.3428674161903
3.45 22.5876944779577
3.46 3.81167154698799
3.47 36.3816227264159
3.48 28.1780571530688
3.49 16.7933208878456
3.5 15.705126831487
3.51 16.3515089305274
3.52 21.8861158123456
3.53 27.3637979690497
3.54 25.0194940659722
3.55 18.847735829325
3.56 21.2880849683569
3.57 36.0552427399173
3.58 27.1893404473049
3.59 26.1900468905992
3.6 22.8779348200843
3.61 35.5404503993865
3.62 17.8864441610465
3.63 9.95794317473768
3.64 23.7197906071751
3.65 30.4627536786885
3.66 17.5689238229767
3.67 12.1910687815149
3.68 22.0150889778676
3.69 -5.9195417005017
3.7 27.6160358891911
3.71 12.0903425081483
3.72 10.9874403284063
3.73 34.7654814036691
3.74 27.3239035222645
3.75 30.6371459788317
3.76 28.1630369580164
3.77 23.9891713038092
3.78 18.1164373112114
3.79 42.4154993505515
3.8 38.3008040446916
3.81 23.8171401307971
3.82 13.5151932400591
3.83 8.78939245882301
3.84 32.6174619128334
3.85 15.3889957205583
3.86 15.3819021280025
3.87 27.4507718850177
3.88 25.9386864147566
3.89 25.3365452209552
3.9 10.9492104748336
3.91 33.6294586094953
3.92 24.1500825174009
3.93 17.511551548067
3.94 17.6164567558709
3.95 18.6873437567427
3.96 24.9883749932998
3.97 36.3173503606872
3.98 37.4573540297967
3.99 29.7841286211083
4 18.5338674901469
4.01 11.1481821625576
4.02 21.2507076042203
4.03 33.7171601322199
4.04 26.2952005436502
4.05 17.9496943589062
4.06 24.5947260424486
4.07 33.9452015098613
4.08 32.5426934889933
4.09 20.9553057049702
4.1 19.5779334918895
4.11 16.2509683215161
4.12 30.03799283161
4.13 47.0352495732526
4.14 33.7783608038305
4.15 37.0510203951175
4.16 41.8103241178616
4.17 21.0248068663226
4.18 7.51491062833082
4.19 34.5304853274792
4.2 28.3312913897373
4.21 29.7263841753555
4.22 16.105879143087
4.23 5.55658895227268
4.24 32.2898821862312
4.25 24.1884180650786
4.26 30.9512712047463
4.27 29.5963887605173
4.28 28.4564232869999
4.29 38.5473166212736
4.3 37.9103339462488
4.31 26.5867413670447
4.32 11.3067509382307
4.33 15.1657093096285
4.34 32.8350265440761
4.35 35.9104171471246
4.36 29.3701822831151
4.37 33.6922529056358
4.38 29.7882116748339
4.39 13.2865944831269
4.4 40.8792582829998
4.41 51.7301027219395
4.42 27.020371446415
4.43 10.7305748711246
4.44 25.2814392699759
4.45 21.4555629666298
4.46 38.8143847609679
4.47 10.826917384598
4.48 17.7034635927497
4.49 25.5367538542531
4.5 20.1058052678455
4.51 38.2756149127345
4.52 15.8735618005824
4.53 31.4599229406678
4.54 37.158547738801
4.55 24.8210262218831
4.56 25.0105572777334
4.57 3.91321653090028
4.58 26.6910167537687
4.59 23.9429442218595
4.6 28.2468074402436
4.61 24.5850754179189
4.62 18.6236931818873
4.63 38.4657785709614
4.64 6.03943413338778
4.65 43.3513995004141
4.66 42.5265292442044
4.67 22.5111070480904
4.68 25.2916834331776
4.69 42.786072242671
4.7 21.8775993811554
4.71 32.2561524524021
4.72 14.2169554766746
4.73 43.0864582212084
4.74 22.2470714245631
4.75 9.9043126221495
4.76 31.5657543494991
4.77 34.9161524313889
4.78 40.1159111130929
4.79 21.4708576967962
4.8 25.2021853380357
4.81 22.2794347025269
4.82 40.9234063149069
4.83 41.9725077229146
4.84 31.1479952726871
4.85 30.5974360305331
4.86 25.6954739216012
4.87 60.0038170436515
4.88 34.0220324171546
4.89 15.9980562783213
4.9 44.1597197722475
4.91 32.6418007139062
4.92 40.772929858304
4.93 21.076392618236
4.94 12.610153657821
4.95 29.7285413115414
4.96 25.2689767332664
4.97 26.9832973739799
4.98 19.8112713803394
4.99 19.8077166044266
5 34.5938136977563
5.01 30.0858832932161
5.02 47.3106556457855
5.03 30.6322822304719
5.04 4.76490251060185
5.05 23.0617453317805
5.06 28.0960942941476
5.07 45.2396359812712
5.08 27.229563207786
5.09 25.4029896393971
5.1 13.1569541003419
5.11 28.70348332194
5.12 35.2690629515598
5.13 27.26398968861
5.14 47.4141527822741
5.15 39.3377450971655
5.16 20.0634874008021
5.17 21.7477442050308
5.18 20.2126922546442
5.19 45.2865402575066
5.2 44.321070884207
5.21 31.5933859096492
5.22 29.1578216947494
5.23 32.5934116427703
5.24 19.1980754456255
5.25 29.431720940885
5.26 28.7162216862435
5.27 6.73419228608762
5.28 35.4087429125634
5.29 47.9716887585052
5.3 34.5397050541595
5.31 24.9699357732131
5.32 29.4064607491341
5.33 13.7910716587981
5.34 52.8091148835359
5.35 25.409457626215
5.36 46.8922179410581
5.37 35.4164614750386
5.38 18.8170323218688
5.39 26.0232119896467
5.4 36.3881958942697
5.41 37.1705928808018
5.42 43.9325073406074
5.43 50.544085711433
5.44 22.4841203872674
5.45 29.2999910237956
5.46 46.0084920536274
5.47 20.2637400721577
5.48 41.5592763117717
5.49 36.6636749538356
5.5 33.1355186141219
5.51 45.3263361929081
5.52 45.059192644248
5.53 41.0177062997941
5.54 19.4551184038222
5.55 35.4499166778859
5.56 29.2179765589636
5.57 19.5220159303048
5.58 16.6675123084925
5.59 64.4727611683529
5.6 42.3354410040405
5.61 43.1604363883721
5.62 41.2614698649374
5.63 32.6505670618924
5.64 22.15579185609
5.65 32.5992377020813
5.66 27.2897627282188
5.67 32.738680524436
5.68 13.0874216085292
5.69 38.0541408832969
5.7 13.0348043636033
5.71 30.6681835482964
5.72 6.76433226602294
5.73 35.2646807755493
5.74 32.3808937570948
5.75 43.3974826469289
5.76 44.8950585443733
5.77 31.1868311556185
5.78 39.9728841299121
5.79 36.6902915692474
5.8 45.1369250126239
5.81 32.5527885737739
5.82 43.8809651300273
5.83 43.6092497412998
5.84 55.6793787794029
5.85 47.5606043156191
5.86 28.1010753058668
5.87 19.9490494041749
5.88 46.7562339970093
5.89 26.3214629900664
5.9 30.9267544612411
5.91 37.2421818601741
5.92 63.3120652062878
5.93 1.0643388313625
5.94 39.0257987882488
5.95 26.0417675104038
5.96 33.8012527185652
5.97 24.4038523484803
5.98 29.9509406866829
5.99 36.1728178834814
6 36.5043108045915
6.01 43.7433843592404
6.02 21.5372425382939
6.03 39.7818025129612
6.04 44.4038098321731
6.05 45.5908125997871
6.06 52.2071904837572
6.07 33.6912405432431
6.08 29.5757114806431
6.09 34.8688306936927
6.1 40.6010735901205
6.11 30.1220351590934
6.12 32.7139241150206
6.13 40.1021800489825
6.14 20.6397235963597
6.15 31.2939702664509
6.16 41.567829918517
6.17 39.385246939942
6.18 30.9868844321126
6.19 43.5366947023683
6.2 44.2691212241276
6.21 46.1455928345602
6.22 18.8751417232474
6.23 25.5112614036528
6.24 25.8074063150358
6.25 17.3704500736461
6.26 37.3499027743765
6.27 8.1865186794987
6.28 29.7313721038062
6.29 35.0206055217238
6.3 29.4533318794097
6.31 42.9362440193132
6.32 29.7854137320225
6.33 42.2011355279248
6.34 28.0573576316643
6.35 34.4262542223889
6.36 30.6067191258221
6.37 53.6605409767102
6.38 40.4067846234454
6.39 32.1838723272998
6.4 53.380959548094
6.41 43.6473612260489
6.42 25.7112008085265
6.43 37.990258703739
6.44 30.399814067762
6.45 31.5246642036941
6.46 29.5456362396244
6.47 31.5315458389629
6.48 52.105070688524
6.49 39.2941904257115
6.5 38.2121399285195
6.51 23.5133316174132
6.52 52.7032925094842
6.53 51.1201591879879
6.54 43.9031164951362
6.55 20.0057205797113
6.56 26.7937512833163
6.57 66.171157366744
6.58 43.8494700848759
6.59 36.4719145125891
6.6 35.5089458780189
6.61 40.7877795740308
6.62 42.9386901777882
6.63 26.9336316730237
6.64 39.9183111356972
6.65 38.8169703298722
6.66 37.0343089383682
6.67 54.680131329263
6.68 43.2635336484179
6.69 65.8375054493626
6.7 34.0012311382915
6.71 41.3259549455081
6.72 46.919657470316
6.73 24.9635720755921
6.74 19.6838325243804
6.75 28.2094517143349
6.76 31.0126305004027
6.77 25.3620774646886
6.78 37.1481586599837
6.79 47.0191171647952
6.8 55.7584032024132
6.81 27.7472522997231
6.82 23.9395323842516
6.83 31.4794294015791
6.84 43.7822150175868
6.85 37.3584267689834
6.86 39.3911798155853
6.87 34.5510896132662
6.88 50.5796959457576
6.89 43.086697113858
6.9 30.6869860957494
6.91 38.032257168761
6.92 38.5854463502265
6.93 57.4662920016611
6.94 37.2463758612266
6.95 47.1422843951842
6.96 43.4625057656988
6.97 41.2015245429224
6.98 36.0168322269448
6.99 54.4489566669014
7 39.0028533608048
7.01 41.5041753762871
7.02 26.6232977046507
7.03 56.713023953017
7.04 37.5022027173942
7.05 36.1416443874514
7.06 35.9583611002022
7.07 36.8306449850291
7.08 44.0479305950508
7.09 36.5916960366372
7.1 37.0963931754458
7.11 33.2410347733522
7.12 54.8920471793616
7.13 51.6864310994535
7.14 60.4672042832754
7.15 37.6349198069963
7.16 46.3592907118516
7.17 48.438231575337
7.18 47.3206601250891
7.19 30.8801860679115
7.2 41.4871013154642
7.21 33.0886495806669
7.22 39.7742484155763
7.23 33.9327431103184
7.24 51.3372098182482
7.25 45.4168592059734
7.26 46.4403004724982
7.27 49.5198449453923
7.28 49.8365868004447
7.29 35.0509457026768
7.3 37.0939647442583
7.31 43.9201098242579
7.32 47.3964184311134
7.33 67.3758636431734
7.34 36.6006749130773
7.35 48.8598097609413
7.36 58.0753096299412
7.37 52.5787919093517
7.38 49.7045077916789
7.39 44.2634400685521
7.4 42.0021187748527
7.41 51.5522377062718
7.42 32.6738903596333
7.43 50.420724979383
7.44 31.1884844324875
7.45 15.727471995491
7.46 47.0917138876505
7.47 34.2615566037765
7.48 35.9390994540634
7.49 11.2425345225303
7.5 43.7663143238451
7.51 37.2856387664889
7.52 42.4737696094014
7.53 38.6187828185482
7.54 41.7884787878912
7.55 32.1977894632133
7.56 33.0288500437959
7.57 50.7349394730053
7.58 45.0696042036341
7.59 24.4444174001474
7.6 63.5248130379696
7.61 51.4482193237381
7.62 48.8434204428522
7.63 39.5365537227696
7.64 52.788087771935
7.65 51.6314068872318
7.66 60.9899229626204
7.67 45.142026445112
7.68 52.1310534419846
7.69 43.2902385419209
7.7 49.4161896269486
7.71 54.1022910699111
7.72 40.2183585021337
7.73 34.3294158483797
7.74 51.018312123306
7.75 59.8076370522683
7.76 52.9979899051068
7.77 50.4514845796793
7.78 44.256987748051
7.79 43.6607769180254
7.8 48.3996138620993
7.81 60.0630650130641
7.82 58.9018021106945
7.83 38.9584143120675
7.84 52.3469476798651
7.85 49.1472416839604
7.86 77.1778829833799
7.87 50.877914001194
7.88 37.7956340891549
7.89 28.7315320710384
7.9 49.6048233774624
7.91 60.4035442247894
7.92 38.7540551991745
7.93 59.184685098541
7.94 41.4048675370974
7.95 44.1298392203068
7.96 43.2495581738269
7.97 44.9613800082557
7.98 31.2837091057377
7.99 49.9856191227081
8 54.3576544555424
8.01 52.0184651275458
8.02 36.626943597463
8.03 45.0281401391282
8.04 30.8032607244118
8.05 36.5676707290988
8.06 47.4286636334652
8.07 37.6711675253504
8.08 52.8620035880092
8.09 43.9359655027136
8.1 50.1375350738933
8.11 51.1561132424249
8.12 39.0326275155441
8.13 55.4520068541273
8.14 55.3395598275239
8.15 28.1437509166767
8.16 46.508028800029
8.17 39.0408357090994
8.18 43.5585367365119
8.19 67.2321432104309
8.2 38.7171886501265
8.21 53.9550849951595
8.22 25.4192241273945
8.23 50.5321543912698
8.24 55.0768024048365
8.25 38.9670139358699
8.26 53.1999718439395
8.27 36.3619998825517
8.28 44.4172768314135
8.29 52.9436695889811
8.3 49.3937459337805
8.31 53.5720427921667
8.32 65.0036074236859
8.33 74.4825705209286
8.34 41.9087928725492
8.35 58.5995262392636
8.36 53.2898750707394
8.37 36.2050051481214
8.38 37.4465704852776
8.39 53.7142615069305
8.4 40.0193234374598
8.41 38.4152338563235
8.42 53.2951972638931
8.43 42.2029522015898
8.44 60.6213590153913
8.45 50.5900507512946
8.46 64.3288201756817
8.47 53.9013750053451
8.48 63.5001197710915
8.49 72.262811845205
8.5 43.9139824459128
8.51 47.5638456248017
8.52 39.1974501975818
8.53 53.6853678782805
8.54 43.0723487879185
8.55 53.8407131897842
8.56 35.9119280911609
8.57 63.1286003462112
8.58 65.5320768234273
8.59 49.1623234864806
8.6 57.977640915732
8.61 46.6133360639938
8.62 45.857982452659
8.63 51.5721208097122
8.64 56.1733325379232
8.65 52.5969141996431
8.66 32.8677506893702
8.67 48.9455881316089
8.68 53.3104367207254
8.69 50.3483476938362
8.7 65.5562235024495
8.71 44.5297107473108
8.72 37.8707154145067
8.73 41.6663959101126
8.74 55.7227907585707
8.75 60.8259809768786
8.76 57.1758907597849
8.77 48.7214871077964
8.78 63.7328277927645
8.79 50.813696573618
8.8 44.7567989059797
8.81 49.0475832546941
8.82 80.6564191311229
8.83 56.6006703046628
8.84 52.037666804418
8.85 49.2356276853389
8.86 68.0133975440968
8.87 28.879280308661
8.88 54.3391854070077
8.89 40.0863418491291
8.9 24.5062170392572
8.91 56.3183003244826
8.92 53.8363976732676
8.93 60.9288550673017
8.94 51.3253154263001
8.95 47.0794582935125
8.96 54.2247129336464
8.97 60.7777337368729
8.98 60.9251102973954
8.99 45.4176276643723
9 54.0544481621942
9.01 68.9030470625186
9.02 56.5353417247274
9.03 57.4259868502811
9.04 47.1114517155886
9.05 40.171247129325
9.06 20.8477649144909
9.07 37.7375977572289
9.08 31.5528134186935
9.09 64.5696334422433
9.1 42.9794734928653
9.11 62.740054592029
9.12 47.6996249245589
9.13 47.1859015274354
9.14 66.2545083088682
9.15 33.6035718893484
9.16 60.5904595989864
9.17 48.4579149779868
9.18 61.4027283081726
9.19 56.6668280035565
9.2 56.9241345430423
9.21 37.7151576239245
9.22 36.1738154659412
9.23 61.9049260111622
9.24 44.7765688408928
9.25 56.5572124651535
9.26 51.02239829384
9.27 51.5827910459956
9.28 41.7770641787829
9.29 63.0974703040882
9.3 61.0175667235359
9.31 37.1988261570532
9.32 31.8190686772474
9.33 61.7539544364785
9.34 72.940941121074
9.35 32.6456924203292
9.36 47.7492864497421
9.37 50.6776079085678
9.38 57.081078069906
9.39 37.9134141860435
9.4 63.2782166006536
9.41 64.4104732222315
9.42 55.8958683184368
9.43 35.8307640362082
9.44 62.0904847603908
9.45 53.5818069659994
9.46 46.080462825933
9.47 55.7300274509787
9.48 50.4759945940892
9.49 65.4582261262939
9.5 59.1629219640264
9.51 56.9153730250079
9.52 45.4578720121022
9.53 65.9420261667245
9.54 64.2434129167586
9.55 57.5708859582215
9.56 53.6802665493585
9.57 53.1756729574373
9.58 46.7913870708421
9.59 37.6651533172267
9.6 67.1199533959593
9.61 78.3497557392787
9.62 59.084239891502
9.63 57.4674622321746
9.64 65.1529622555209
9.65 57.6511226953645
9.66 68.7159532293905
9.67 55.0664750062497
9.68 35.1993573396293
9.69 52.2159587776187
9.7 37.9670465685136
9.71 57.7769991762395
9.72 49.9724604156351
9.73 31.4191539010244
9.74 56.935629480031
9.75 38.2679651287696
9.76 54.5527118087234
9.77 60.6781810043365
9.78 43.7022594025846
9.79 39.5672859032988
9.8 64.5715934997328
9.81 53.3091264465783
9.82 64.6048965415263
9.83 48.7624002598959
9.84 62.9452445866063
9.85 50.566412084362
9.86 58.3271543113071
9.87 51.9077897887132
9.88 63.7200995477325
9.89 55.7827479935536
9.9 51.82088932468
9.91 40.1003164025422
9.92 47.8586689253529
9.93 67.3657371502793
9.94 45.4180427246475
9.95 56.5817769592609
9.96 67.3063820666144
9.97 57.6788565766956
9.98 48.6625605347533
9.99 55.649406514853
10 48.8314596868863
