0.01 2.89492749581165
0.02 -6.09468909847185
0.03 17.2519880983643
0.04 13.3307309428836
0.05 -4.79529528201867
0.06 4.95454441778626
0.07 -2.27244135572157
0.08 5.52273476760677
0.09 -10.9402095783428
0.1 10.3053003264757
0.11 3.1449234708646
0.12 7.30523595665718
0.13 2.05552326447994
0.14 0.644435352929388
0.15 3.04600794556692
0.16 -1.23511199591579
0.17 -4.08947920681723
0.18 8.68077928572105
0.19 10.5568664256622
0.2 9.36538759238193
0.21 2.88298935656465
0.22 0.845609528456267
0.23 -2.00843337176928
0.24 6.59286158186066
0.25 17.3678760376128
0.26 4.56350542711715
0.27 15.8683200637149
0.28 21.169215393707
0.29 16.0264570110225
0.3 11.3522167118776
0.31 9.02004993511776
0.32 6.98284427393708
0.33 5.99698830181774
0.34 0.20971987932792
0.35 4.20905229962719
0.36 9.30410783625403
0.37 4.45158704109832
0.38 7.75967826850684
0.39 1.75329688739401
0.4 7.97205181824717
0.41 1.16921279327615
0.42 0.254651001219543
0.43 -6.3337529916865
0.44 0.0181978864315102
0.45 5.22211314618396
0.46 -4.8037776703806
0.47 -2.82504534173352
0.48 9.15276578678034
0.49 -3.65602764317476
0.5 -2.843794055285
0.51 22.3714377945269
0.52 17.8012770374926
0.53 19.7519708083738
0.54 18.9383761843808
0.55 21.2146312943607
0.56 8.8725150596973
0.57 2.34271858927249
0.58 2.69995315707652
0.59 4.58603095385116
0.6 -10.2513491998132
0.61 -1.11541253406265
0.62 16.4449470641493
0.63 16.3809661655813
0.64 9.96229771321696
0.65 20.6105196965505
0.66 35.3321618227966
0.67 9.31278789266699
0.68 12.1240679014215
0.69 18.2936841280336
0.7 -4.48071427216724
0.71 21.7889745751075
0.72 23.4345565558994
0.73 -0.79098414701149
0.74 1.8621269568958
0.75 3.34806212776217
0.76 -1.87289288854809
0.77 10.1246480921878
0.78 23.8634840047015
0.79 5.39859769245155
0.8 16.9854531237332
0.81 17.315885684543
0.82 1.99231131299432
0.83 7.13994339799676
0.84 11.3765666339661
0.85 18.6400418053884
0.86 -13.0067043238864
0.87 6.70364006465336
0.88 13.600488004415
0.89 1.81123162608432
0.9 29.0477296071569
0.91 11.3868121313398
0.92 3.24657766802121
0.93 2.95352999432769
0.94 11.2362741199214
0.95 -0.701028474002086
0.96 13.9149842606191
0.97 12.1834286017827
0.98 14.6454771842995
0.99 8.94273772468365
1 24.754004639997
1.01 21.518810637447
1.02 13.607867478655
1.03 18.230330338594
1.04 8.16803129705705
1.05 23.6167187061622
1.06 -6.82212986977693
1.07 7.75650094194738
1.08 22.2251931271475
1.09 24.4610570560957
1.1 11.725854582978
1.11 18.8490878096249
1.12 -7.68922039223008
1.13 -4.0912161880459
1.14 -10.1124946084113
1.15 3.37988198064177
1.16 24.7416979509704
1.17 24.929664280615
1.18 12.0519475737151
1.19 14.1068811465561
1.2 2.01996320441657
1.21 11.961632368616
1.22 15.3802472479892
1.23 5.77670871173297
1.24 4.41807889846983
1.25 11.4630494708873
1.26 11.4525190507537
1.27 29.0213521809562
1.28 3.01889671743893
1.29 34.8117269212531
1.3 14.505643152006
1.31 17.5525870405551
1.32 11.2799791281826
1.33 -12.2797575582375
1.34 -2.51829021046208
1.35 16.4013655930158
1.36 5.13183335960331
1.37 3.08963154889411
1.38 3.64779570075941
1.39 12.6916463060453
1.4 5.93747200253589
1.41 -2.74307882752461
1.42 15.2934401889703
1.43 22.8133155463905
1.44 13.8551911477958
1.45 4.29614740089577
1.46 5.70126015079268
1.47 10.5695178326458
1.48 19.2447181527988
1.49 -2.95615520640939
1.5 3.6732073419609
1.51 28.8936232472169
1.52 23.2724414758236
1.53 13.5746440646349
1.54 10.6756151126876
1.55 10.0330550226977
1.56 -3.14474273017129
1.57 16.1337819297528
1.58 20.0703939236197
1.59 15.2576033696261
1.6 29.0056601184149
1.61 16.686090238848
1.62 12.3675622637552
1.63 14.0713991622701
1.64 17.1588608225313
1.65 19.5281232028925
1.66 21.0388566702508
1.67 8.12897548802751
1.68 11.2927369843872
1.69 13.7598622266562
1.7 -10.1073476519915
1.71 21.6305857895008
1.72 18.3948744752427
1.73 -9.33383089584211
1.74 1.72312818187452
1.75 0.606203738935985
1.76 24.8748386531434
1.77 14.3821311660809
1.78 14.9321134050582
1.79 18.6223365689971
1.8 6.96717269245123
1.81 -0.301063706042184
1.82 12.4414839269814
1.83 0.119321907671045
1.84 33.9951284344338
1.85 7.67456242389678
1.86 26.7938113303707
1.87 25.6686592600458
1.88 11.249467922471
1.89 10.3325623951019
1.9 29.3802481837099
1.91 20.6404777757908
1.92 30.6714733175598
1.93 10.7838842003174
1.94 13.1555648865853
1.95 18.9170813578848
1.96 12.4148319367371
1.97 14.5633397373657
1.98 13.9197826879026
1.99 12.2453858790712
2 0.735214634610536
2.01 16.3186168834873
2.02 12.3657499039344
2.03 24.6937203192477
2.04 1.78716155582179
2.05 29.886164195748
2.06 4.03875096538131
2.07 7.85683832802478
2.08 5.12848092265322
2.09 0.746216575565608
2.1 -8.6292941763859
2.11 10.8526943570111
2.12 12.1604082504025
2.13 21.6616834761215
2.14 16.6835925695792
2.15 10.0134394566798
2.16 -5.30077426440562
2.17 31.0758912274337
2.18 14.4301737590048
2.19 25.2769248799158
2.2 25.1851747075533
2.21 20.4346983921521
2.22 -0.194400331252428
2.23 13.7806050930824
2.24 27.5971256375832
2.25 18.1702614463463
2.26 17.331495523714
2.27 23.199112987174
2.28 24.869089693963
2.29 13.1769922366739
2.3 19.4286668376806
2.31 6.29146517725173
2.32 5.74531377048673
2.33 1.47096292992891
2.34 4.15386511392391
2.35 15.4245439781837
2.36 21.7641796311569
2.37 7.2548651204204
2.38 52.908465466202
2.39 5.171635491416
2.4 17.1813223576597
2.41 7.77032833345215
2.42 12.6542585132096
2.43 30.4806239653752
2.44 14.7802109992379
2.45 21.2187149632676
2.46 24.0418178837114
2.47 30.5226175354875
2.48 4.44095759143969
2.49 26.404959450369
2.5 4.82680339080699
2.51 20.2976084547863
2.52 2.30567764281087
2.53 13.4528716288241
2.54 18.198905911273
2.55 16.2717959409151
2.56 5.9142799780939
2.57 12.5920167229169
2.58 14.5426877576776
2.59 27.7138395630567
2.6 16.9906378565056
2.61 26.0362383141708
2.62 21.2864780965799
2.63 14.9495084258738
2.64 27.2865085044977
2.65 10.2114312189486
2.66 11.2471086334199
2.67 26.1596122390597
2.68 -3.69283507094213
2.69 24.2520185207262
2.7 18.6963377014819
2.71 17.6279781485585
2.72 14.0924987515564
2.73 6.73703645772345
2.74 25.4724148885645
2.75 19.5806309115247
2.76 3.85624508154606
2.77 11.4133421369624
2.78 7.70148103761502
2.79 26.8955548072492
2.8 33.7746308745587
2.81 26.8453326962462
2.82 13.9612101841896
2.83 -0.0268836361879004
2.84 13.0742844404348
2.85 18.6931951002755
2.86 18.2164947072861
2.87 29.1830065933421
2.88 15.489938218514
2.89 38.533176909882
2.9 29.5128246871346
2.91 19.4132471664837
2.92 12.4390869247883
2.93 31.0190194027599
2.94 23.0622572511911
2.95 21.069363700223
2.96 27.6478326933001
2.97 33.7749290553621
2.98 24.3057823852361
2.99 21.0932564307653
3 28.721434145872
3.01 26.6489915724808
3.02 16.3251612246941
3.03 1.25023415780515
3.04 31.2365921639365
3.05 3.70308580824244
3.06 11.3083218882658
3.07 30.8428512419728
3.08 13.1518420998305
3.09 -4.58398537946703
3.1 7.94189649904703
3.11 10.8234663874229
3.12 17.9417221791924
3.13 23.1059869727095
3.14 26.0701043964325
3.15 18.1132746198058
3.16 45.0108953587618
3.17 29.7294735929377
3.18 14.2530335427441
3.19 29.3864449244168
3.2 29.6261099803278
3.21 14.5835820109719
3.22 33.7803419804985
3.23 28.333104713989
3.24 26.8154773336362
3.25 17.6679930447914
3.26 26.8734033813091
3.27 23.7912161104379
3.28 18.5226529897087
3.29 42.9680926299572
3.3 32.1898450234428
3.31 19.7899699551334
3.32 14.8511875973459
3.33 31.2950720754425
3.34 16.1581419610214
3.35 16.0298844018371
3.36 26.6114827189656
3.37 20.9497173515236
3.38 13.9230348708978
3.39 16.1259104043262
3.4 18.1817882379737
3.41 23.7941902746909
3.42 28.1570189081616
3.43 15.7987624671123
3.44 24.6825235541121
3.45 19.0369540899778
3.46 17.4643353902351
3.47 9.44465667075964
3.48 2.84596293536197
3.49 23.224725925909
3.5 13.7790474212656
3.51 6.52553891210584
3.52 16.4328966881459
3.53 26.6156931524921
3.54 20.0680694656714
3.55 16.1653007582812
3.56 20.4279355808334
3.57 41.2222591155151
3.58 17.4747446487743
3.59 21.3823901603161
3.6 16.2970568849184
3.61 30.2277396804057
3.62 12.5884658682416
3.63 26.0354267791192
3.64 25.2270714612345
3.65 25.4081834690746
3.66 40.0990324100513
3.67 11.3739752933382
3.68 21.8150517944796
3.69 25.5239564544209
3.7 29.3110272245974
3.71 41.2557994496942
3.72 15.3054200591624
3.73 16.3513188652474
3.74 23.7776845395228
3.75 36.6534842476573
3.76 39.2624386720863
3.77 20.9593045284277
3.78 17.2355792102981
3.79 27.5403705741605
3.8 11.6530838195056
3.81 22.8454072446072
3.82 20.265943740638
3.83 32.0917698780622
3.84 6.93808420546734
3.85 22.8115962875912
3.86 18.7328659990844
3.87 20.7434557344042
3.88 17.8680919698929
3.89 24.7362006373247
3.9 26.5549405871415
3.91 25.2031312562358
3.92 29.2760443604831
3.93 36.8376062492386
3.94 26.5245417262641
3.95 10.6107339985458
3.96 18.9695733895161
3.97 29.2770667796396
3.98 25.8528524407043
3.99 45.0720043119836
4 32.2553806387453
4.01 37.3991551200507
4.02 18.4538083227359
4.03 32.4537183893766
4.04 14.4541132765055
4.05 -1.17313162038895
4.06 32.4304186710602
4.07 17.3372108744141
4.08 19.1688191037089
4.09 39.763239707878
4.1 17.4080533803961
4.11 47.6999304421315
4.12 25.5579716356865
4.13 27.6598612104926
4.14 24.4586728895166
4.15 18.5152631372733
4.16 23.1413997824076
4.17 16.1169708500946
4.18 34.9388304674261
4.19 50.443864450208
4.2 17.6526710746533
4.21 27.4968840998663
4.22 30.6935299749746
4.23 30.3529105742416
4.24 19.2515630412861
4.25 32.9665885455139
4.26 29.5555066620431
4.27 17.2513263433577
4.28 41.9546565624983
4.29 43.0813847745935
4.3 25.1945874324466
4.31 15.2685079612489
4.32 46.2562424086136
4.33 44.1179974741006
4.34 23.6522624794282
4.35 21.7443657924133
4.36 18.0644046641637
4.37 27.3363539376246
4.38 14.9664223875952
4.39 28.7001224611844
4.4 33.0229413868619
4.41 31.0030904723644
4.42 34.187952197299
4.43 21.1468762251355
4.44 2.01105639723239
4.45 29.5071618318682
4.46 41.5793602420118
4.47 32.4164171738678
4.48 43.5193079300948
4.49 23.5186608354192
4.5 13.5610039968632
4.51 33.5285550944354
4.52 25.805193251001
4.53 18.3819981235606
4.54 36.5657031899608
4.55 30.1621719948849
4.56 7.67172594463971
4.57 37.1424627601906
4.58 5.78594919990877
4.59 29.8189609160653
4.6 20.4325037196619
4.61 32.6540302803574
4.62 35.6844094566607
4.63 25.7318284939839
4.64 41.3452236984806
4.65 33.6705134951148
4.66 31.7773997221048
4.67 15.6101123946413
4.68 15.039194511425
4.69 19.7573753506812
4.7 9.55347051722629
4.71 35.8598272435963
4.72 36.765585818954
4.73 22.4178004592986
4.74 25.2012783951576
4.75 28.7006986594753
4.76 46.0737724329598
4.77 37.4860969176917
4.78 41.0122702578452
4.79 27.9368266996105
4.8 47.6130562245378
4.81 20.2194572363767
4.82 28.0842873909923
4.83 18.4834969188529
4.84 29.8973018894811
4.85 33.4072553605154
4.86 17.490733309631
4.87 25.4112594908583
4.88 38.0213548528094
4.89 22.6432775314553
4.9 25.6543645850577
4.91 13.1005740855307
4.92 -0.61332748400816
4.93 21.0491573069887
4.94 35.3877379807749
4.95 26.9198618606752
4.96 7.12168579207358
4.97 25.7066272474646
4.98 25.9208187558984
4.99 35.4804141562224
5 36.4700935715942
5.01 39.1735304844323
5.02 38.1393946526543
5.03 25.6842728361565
5.04 38.1850471481258
5.05 31.4531000316758
5.06 48.2695031872212
5.07 40.7190285217442
5.08 44.3346541144306
5.09 37.5460061166853
5.1 47.3568953096994
5.11 26.2276317676073
5.12 31.87070671558
5.13 32.3032661748691
5.14 33.8236716411002
5.15 23.8231761869781
5.16 37.4729584872334
5.17 43.4545450212806
5.18 22.498865071152
5.19 27.1705044904337
5.2 34.6416911671246
5.21 41.8800521537147
5.22 26.2115306785934
5.23 14.2042507406342
5.24 45.254472028362
5.25 9.5052463208036
5.26 42.4133797337794
5.27 27.6560123282492
5.28 26.6851600072006
5.29 30.864760927725
5.3 34.4240774875937
5.31 22.121263605654
5.32 37.9613627640184
5.33 41.7593010187614
5.34 19.6153676896916
5.35 27.0315709477778
5.36 37.9052297098453
5.37 21.9573062440245
5.38 32.7016604541641
5.39 35.6317499226827
5.4 17.2064358407555
5.41 32.8634435725493
5.42 38.6587506682685
5.43 42.0068432140231
5.44 30.2286620601112
5.45 27.7476228804446
5.46 43.9822841488115
5.47 28.7810103497156
5.48 48.648081140277
5.49 32.5865345106988
5.5 35.3566155209977
5.51 40.5058884445631
5.52 37.6366588879376
5.53 43.7272747400609
5.54 46.6097184076779
5.55 50.7257264848266
5.56 32.5096416207806
5.57 32.0446088228557
5.58 33.71257620642
5.59 53.4121772128027
5.6 52.5161476696879
5.61 33.8923834886645
5.62 53.8472023379001
5.63 11.9491947922353
5.64 48.4655051641274
5.65 33.4342550238333
5.66 44.9976492084496
5.67 43.3635117806836
5.68 36.8401825216618
5.69 47.2371446122331
5.7 27.5805996704024
5.71 15.8504786784783
5.72 26.5807522813519
5.73 54.7749510796718
5.74 36.0188258974322
5.75 35.2768488420396
5.76 37.3185886834272
5.77 44.3367989586723
5.78 30.9336895196352
5.79 16.7444497134518
5.8 34.7443689880778
5.81 36.5477778639009
5.82 27.6844352816483
5.83 45.7138375297181
5.84 37.0498906335466
5.85 45.6494503342468
5.86 44.6114147519886
5.87 27.6789733348468
5.88 51.1023027214652
5.89 31.7754462617627
5.9 38.7426970483209
5.91 40.9995445205124
5.92 20.5373066395989
5.93 37.1270840495736
5.94 20.5215235546762
5.95 27.3743823431615
5.96 48.0307083168755
5.97 43.1045033049986
5.98 9.32701138442174
5.99 43.130382245499
6 32.5579867461831
6.01 49.2850741180114
6.02 32.6646586930746
6.03 27.2510029726834
6.04 35.765110148208
6.05 52.4705402139775
6.06 27.5411749815108
6.07 27.0938747364337
6.08 41.4800679844288
6.09 44.9841559336611
6.1 27.6221257224751
6.11 23.7516307595423
6.12 45.9632270338273
6.13 41.5269712419405
6.14 48.2241691745905
6.15 35.5694417496089
6.16 20.9376392352659
6.17 50.4814100512495
6.18 33.1339416001632
6.19 35.248535479171
6.2 38.9845940945251
6.21 33.1787027111867
6.22 34.419296771838
6.23 25.736079337154
6.24 7.66387052795837
6.25 44.9701663362401
6.26 38.2615385908121
6.27 27.5021172279557
6.28 30.7543244640234
6.29 8.95005824544825
6.3 31.1209868486101
6.31 36.2147453191016
6.32 42.8474461499492
6.33 27.9152765469523
6.34 25.8640117397842
6.35 35.3919577232112
6.36 36.6584589613667
6.37 32.6996707172993
6.38 29.1158471452884
6.39 43.009482587094
6.4 23.4031802248334
6.41 40.3995744559355
6.42 40.5405965554643
6.43 52.8082369061556
6.44 48.8353368786646
6.45 38.8206126636089
6.46 30.4768284157201
6.47 35.0104686484891
6.48 26.3389742650126
6.49 47.6014393823515
6.5 46.6486589616112
6.51 49.1212321182247
6.52 20.6927434812003
6.53 34.2109000317551
6.54 43.9570705060283
6.55 37.7186782801318
6.56 20.3912007600809
6.57 30.6014582512014
6.58 36.2820809401005
6.59 39.357545438066
6.6 36.9025196266812
6.61 37.8278342806946
6.62 33.3595044613452
6.63 33.6513034427254
6.64 38.5646500457642
6.65 43.6226284759852
6.66 64.6103760382748
6.67 43.2819949698467
6.68 44.749162731835
6.69 56.2644876749563
6.7 24.9132085225174
6.71 24.860550141653
6.72 28.7974699303084
6.73 24.7047792068491
6.74 45.6413574291873
6.75 48.1020406000403
6.76 29.6923046086425
6.77 41.5919859089759
6.78 35.7411488391177
6.79 34.6956764170917
6.8 26.7150608328909
6.81 27.183964856641
6.82 15.4909751608923
6.83 24.8647035597855
6.84 35.7392020036306
6.85 44.8494373206403
6.86 45.8612142726741
6.87 43.5672782561082
6.88 38.2813419341615
6.89 26.6119334619923
6.9 50.356276708713
6.91 36.2679526075941
6.92 38.2575450953632
6.93 62.9066867218231
6.94 37.5856576462521
6.95 21.9058207548228
6.96 50.9471022648989
6.97 36.2581238632587
6.98 49.0278972698909
6.99 50.3145114180121
7 51.3596919031358
7.01 37.2809078000056
7.02 37.7961964500966
7.03 30.5877143123108
7.04 52.2698148723344
7.05 45.4008177418617
7.06 46.3540131128937
7.07 43.4104005332178
7.08 38.2867706917896
7.09 45.0942002068205
7.1 42.8333175159024
7.11 42.3567266501269
7.12 36.8298188430505
7.13 34.2507010251186
7.14 41.6074118934846
7.15 38.491654527779
7.16 32.1976018676891
7.17 36.4113603260926
7.18 37.6700745339025
7.19 51.4243362300088
7.2 57.2380049512515
7.21 48.9624880857343
7.22 30.1224986712393
7.23 29.6632536147058
7.24 31.9206404143451
7.25 42.4794015501016
7.26 45.2609424898543
7.27 34.1773329713399
7.28 52.6674179748193
7.29 38.7483226162118
7.3 73.1627364832316
7.31 27.2398105484877
7.32 48.6783468722095
7.33 33.4024147035542
7.34 47.8087880097477
7.35 51.4096625269723
7.36 46.8175670116954
7.37 33.2839742970251
7.38 40.2484205017139
7.39 39.5598206012338
7.4 47.8764247603781
7.41 40.4624461089746
7.42 42.5366644203975
7.43 62.3290288887307
7.44 28.9551147304008
7.45 38.0566068840049
7.46 37.3982905557641
7.47 41.4222790996103
7.48 53.9227989135048
7.49 24.8471979393529
7.5 41.182940041923
7.51 69.4326081905823
7.52 21.9469962120274
7.53 42.7486183817698
7.54 31.4605207935453
7.55 56.0940966252963
7.56 51.5733906863976
7.57 43.1959464467129
7.58 37.167252032089
7.59 52.3937191392327
7.6 35.6271156161706
7.61 58.2062485955038
7.62 43.8751614310025
7.63 29.1721945200542
7.64 36.758592300975
7.65 44.3611143293449
7.66 49.0230787712956
7.67 46.7362949882545
7.68 29.7829976270982
7.69 50.8309831203302
7.7 42.0059453325049
7.71 39.2112314419345
7.72 33.6936932331575
7.73 50.623946470914
7.74 34.9904740677529
7.75 44.5217095240774
7.76 38.78719456971
7.77 39.5549231746875
7.78 43.656020949049
7.79 35.472284839898
7.8 44.3833813092908
7.81 44.8272034239093
7.82 40.757343527842
7.83 33.2338556567094
7.84 56.0961895576459
7.85 41.4320492802081
7.86 37.2000912382294
7.87 39.5592354397442
7.88 48.5836329144779
7.89 59.3824825513227
7.9 57.9502856375119
7.91 35.751314462169
7.92 32.5961269712712
7.93 63.1828814460943
7.94 36.686141131863
7.95 52.725278160583
7.96 54.1244741907202
7.97 47.7380992045327
7.98 51.695242598741
7.99 51.6391571394157
8 50.5647673543942
8.01 48.4203308410902
8.02 49.1689767109362
8.03 41.4975280450465
8.04 40.0061412702198
8.05 53.2089111964293
8.06 50.6642789149693
8.07 41.2981544046759
8.08 29.1036544478975
8.09 43.2053118105358
8.1 46.0634029317047
8.11 47.0698367637927
8.12 68.6283644137717
8.13 52.3354784733159
8.14 32.1702022198858
8.15 38.9464642546948
8.16 69.393390282766
8.17 57.6878244068356
8.18 51.0094395370224
8.19 53.4329128449241
8.2 57.0078215812419
8.21 54.7861041313034
8.22 37.5126001246391
8.23 34.6427143136947
8.24 53.4026610281829
8.25 45.6115045895522
8.26 43.0402667303399
8.27 55.4653902636862
8.28 32.5281844042092
8.29 51.8435470168185
8.3 57.7718404909187
8.31 47.5656942347635
8.32 49.8499132444957
8.33 72.2987731358503
8.34 38.0918965566264
8.35 44.0988650889666
8.36 61.6708868108637
8.37 46.0077080864751
8.38 60.4466977749146
8.39 46.1582726932211
8.4 56.9179582755251
8.41 32.557456192968
8.42 30.7493681310797
8.43 51.1043293330609
8.44 37.5331191653588
8.45 41.9219624565181
8.46 57.2670258671963
8.47 49.4090871457334
8.48 40.9212791865813
8.49 45.2065746489153
8.5 54.4233595866622
8.51 52.061335047974
8.52 63.418866846715
8.53 39.6222191700266
8.54 55.9621262647611
8.55 41.8871557836652
8.56 56.5860289808744
8.57 50.4033118201832
8.58 30.1236324339694
8.59 44.7428257868745
8.6 46.2237982362566
8.61 27.2645659544852
8.62 55.956817546672
8.63 48.8419734504176
8.64 62.7082577916518
8.65 59.3280211790355
8.66 56.1366782752938
8.67 46.3065759932216
8.68 57.3788133912622
8.69 70.6639696568295
8.7 40.4215699763776
8.71 54.9991308841812
8.72 51.4708538025428
8.73 31.676071824165
8.74 48.8712105901161
8.75 59.2825365497046
8.76 48.4649972394757
8.77 57.2592309642385
8.78 55.1919216002354
8.79 46.2238556809864
8.8 36.4696885381309
8.81 45.2433510027586
8.82 42.7292672782426
8.83 57.4556667977182
8.84 55.0445019652762
8.85 50.7266664012586
8.86 48.9170012598298
8.87 64.0702472258809
8.88 29.1350746652475
8.89 44.1618337245038
8.9 65.1878593581113
8.91 46.1594016893428
8.92 58.2477225385845
8.93 37.6401220841852
8.94 34.3845138402919
8.95 43.6572216738609
8.96 38.952639511501
8.97 70.986903908125
8.98 56.2112777515649
8.99 45.6806134494519
9 47.6580535716418
9.01 49.5925209222121
9.02 35.8372288743065
9.03 37.8963422393432
9.04 32.2023967735762
9.05 58.7467279927356
9.06 63.8581547951678
9.07 48.7178374690377
9.08 38.4047336801107
9.09 61.0909475611091
9.1 44.274594198883
9.11 54.9550208029261
9.12 51.6726926174259
9.13 64.7787975278
9.14 67.1118046694943
9.15 44.8660340765808
9.16 55.1697231853905
9.17 33.8635806225555
9.18 57.5507731605945
9.19 59.358263544329
9.2 42.2926164128968
9.21 42.495397211996
9.22 51.0263646973222
9.23 46.8968055375768
9.24 46.6463237913823
9.25 67.8431608061462
9.26 51.4336699847606
9.27 46.4759219794535
9.28 40.63486859129
9.29 51.9793445889864
9.3 48.8603426021683
9.31 61.046127338786
9.32 50.3714802429183
9.33 52.6845965212728
9.34 70.6473655752823
9.35 45.0483553909658
9.36 50.5885492622593
9.37 50.1833495907404
9.38 46.4023555835104
9.39 57.4029794700309
9.4 50.6873302014789
9.41 56.550877543432
9.42 45.087312122686
9.43 57.4946302337843
9.44 74.9444982274963
9.45 58.3439340386434
9.46 43.1400512345586
9.47 75.316028355063
9.48 67.9828816460656
9.49 55.1344591928832
9.5 43.3158604007485
9.51 64.3421863856481
9.52 42.4343497618142
9.53 29.3056879664562
9.54 58.2607825262485
9.55 42.682659371353
9.56 45.471281864747
9.57 61.5203010803685
9.58 46.0586827956792
9.59 41.6959070417366
9.6 26.5506867732636
9.61 52.2597122917739
9.62 44.2559378661746
9.63 45.9723728919781
9.64 66.6244672296611
9.65 61.5684021714669
9.66 58.0450718085047
9.67 58.2362168572923
9.68 57.5728468345555
9.69 79.8757229138771
9.7 63.6197598807441
9.71 48.9955717112026
9.72 59.7873379926524
9.73 64.4870738811486
9.74 50.2115747725161
9.75 63.1196642504334
9.76 50.7447706028519
9.77 44.0556115654364
9.78 47.2845980713229
9.79 67.0457694407829
9.8 48.0780879071191
9.81 55.3813338934314
9.82 53.9433201055858
9.83 52.52411475844
9.84 71.1851190968524
9.85 46.560574635845
9.86 49.2352493243135
9.87 59.26609910917
9.88 53.5239598303999
9.89 42.5324931493498
9.9 58.9574727888731
9.91 53.5197424061022
9.92 51.5458079817319
9.93 52.2864573729466
9.94 55.2537642717385
9.95 72.0896215085375
9.96 87.6882109725573
9.97 63.9148628267019
9.98 54.6155099468762
9.99 45.9221627063926
10 62.2192048974268
