0.01 -17.5983183887915
0.02 3.86575767499134
0.03 -5.84051940562055
0.04 18.9770663743943
0.05 7.33880892295648
0.06 12.4502125777165
0.07 -1.79737969920219
0.08 26.4488759444482
0.09 -5.68324700958276
0.1 11.8489018956751
0.11 6.27544292537084
0.12 11.5025781532934
0.13 -8.13977828757775
0.14 -3.2122804075287
0.15 8.39016957141506
0.16 11.8410781991164
0.17 -0.443337861166033
0.18 -8.34863369232419
0.19 19.1368880075087
0.2 15.8626559133319
0.21 3.47261661333508
0.22 3.32156371460264
0.23 8.85172141103376
0.24 15.1009700285447
0.25 11.6975881196166
0.26 -5.74342714105186
0.27 0.879602532881766
0.28 7.54289602007332
0.29 7.75249316877303
0.3 3.98445216717249
0.31 18.0932014133952
0.32 1.77148837699866
0.33 -13.5543689766171
0.34 15.0639882427179
0.35 -3.88290099695532
0.36 -3.44274800522272
0.37 -4.44150038456756
0.38 4.0855303092292
0.39 -8.03166136663811
0.4 9.88399242909141
0.41 -4.69880330891128
0.42 24.7971456194213
0.43 9.00062014847358
0.44 33.1339843358453
0.45 -10.9663473922239
0.46 0.763325588739947
0.47 0.383782919071191
0.48 9.38849916144175
0.49 -4.95410181500047
0.5 18.7312572244466
0.51 32.4223917117026
0.52 8.03215924185072
0.53 -9.32456079843998
0.54 -2.20508134169982
0.55 16.7538455900922
0.56 8.53842594828571
0.57 5.73285653533623
0.58 4.48837568170767
0.59 -2.10965733461397
0.6 14.7909772126517
0.61 -10.4522646683389
0.62 16.0360913262213
0.63 0.698609361547439
0.64 6.08040995527431
0.65 10.6887776463138
0.66 2.5632710923299
0.67 0.0633511866690606
0.68 10.8732561618859
0.69 1.47647898312204
0.7 9.42192459006068
0.71 18.7452664166595
0.72 -0.548906876685549
0.73 20.8741264976898
0.74 12.3131832132486
0.75 15.4525415304162
0.76 6.7493229330734
0.77 12.0962892955408
0.78 12.4444620002259
0.79 24.4975949994652
0.8 8.87837109051527
0.81 -10.5053874176095
0.82 9.29546892533152
0.83 -7.84554625477604
0.84 -7.59866853987638
0.85 20.3802911232611
0.86 14.2524840857234
0.87 -6.8630252350771
0.88 8.9560098568049
0.89 17.2602555321509
0.9 12.5172946548182
0.91 16.2485352920949
0.92 -10.385244324054
0.93 7.76191797121849
0.94 24.3627851725193
0.95 -25.3759853422838
0.96 14.3775950719971
0.97 22.4959805467773
0.98 3.81878880694657
0.99 27.1488420076418
1 14.029096378082
1.01 -6.20476938198932
1.02 15.3866080825747
1.03 5.19316583615773
1.04 9.81150041284691
1.05 15.6740359731763
1.06 9.93810702577781
1.07 5.04517666912441
1.08 14.4430885045044
1.09 4.98369581634029
1.1 20.2997946916052
1.11 7.87217164472556
1.12 -6.40556519484964
1.13 15.1765674176244
1.14 4.45428246686109
1.15 21.1965817525349
1.16 4.40052968175287
1.17 23.7789426161335
1.18 6.15064279875102
1.19 5.3905218849275
1.2 12.8603832467897
1.21 10.3511177270631
1.22 -2.42714324999713
1.23 13.2730424395953
1.24 6.1651085191818
1.25 16.1813136626585
1.26 22.2034572572313
1.27 3.85626426380975
1.28 -2.6563889888555
1.29 4.00335793253196
1.3 -1.17445677853639
1.31 16.6007059248914
1.32 23.41850992305
1.33 5.24509871744418
1.34 -3.43716376676385
1.35 12.12587354649
1.36 17.1554468473973
1.37 12.2024924611328
1.38 13.1870932622613
1.39 19.0739743324671
1.4 8.15629767376093
1.41 -1.3489967934325
1.42 23.7138017594579
1.43 -2.89668368795209
1.44 21.9336377907545
1.45 4.8245615808294
1.46 25.8153516830174
1.47 -2.40302727989264
1.48 25.9285932571648
1.49 20.1668799878795
1.5 2.58214510306998
1.51 -6.24829065055435
1.52 24.2471229731642
1.53 33.619352130191
1.54 13.1315870995868
1.55 40.0242510442918
1.56 25.8013859550407
1.57 9.01868941204747
1.58 7.22303997628327
1.59 21.7204206793153
1.6 4.21697099929315
1.61 3.81793431548781
1.62 15.1450673689534
1.63 12.0816386717814
1.64 13.3354764309282
1.65 7.80882179422962
1.66 2.02411659130768
1.67 20.1470864626099
1.68 -0.5801817723992
1.69 15.9412067498756
1.7 16.7491649919527
1.71 29.7488438248262
1.72 11.2976574636604
1.73 9.59523587861961
1.74 25.5042951370603
1.75 9.9141169178164
1.76 -6.97871703422859
1.77 10.5114404594514
1.78 17.0996094283831
1.79 12.7348942933716
1.8 11.6083809498475
1.81 19.7878776944542
1.82 7.71018913111147
1.83 16.6056325354266
1.84 25.186578470412
1.85 -3.7876619114382
1.86 18.1820509727412
1.87 6.86912698084713
1.88 9.50866215082125
1.89 -0.335117003007721
1.9 24.4247148165795
1.91 21.0488317797186
1.92 7.2814507220524
1.93 14.609988972495
1.94 12.1779335314265
1.95 14.3868954018522
1.96 19.3798555354618
1.97 16.7020153345366
1.98 22.380703013774
1.99 6.58170259119598
2 31.8337738748733
2.01 24.5141487412525
2.02 13.5184700639425
2.03 2.66390699062352
2.04 10.7366757362554
2.05 20.7961051428102
2.06 22.1501129644161
2.07 32.0229921521887
2.08 11.171228388044
2.09 -14.3286231414772
2.1 6.80015451808793
2.11 27.2430983505117
2.12 15.4217485321417
2.13 5.70464173028807
2.14 7.56354141501677
2.15 7.62565832314732
2.16 1.41019362771247
2.17 11.0458935517226
2.18 26.2735309429316
2.19 18.9976942690499
2.2 0.0626132467372909
2.21 48.887760609297
2.22 10.174569201089
2.23 19.8094323311728
2.24 20.4186811625318
2.25 4.46794644351556
2.26 13.3503705350399
2.27 16.6531104185019
2.28 10.5614844169664
2.29 1.09432570106835
2.3 -4.50871496821275
2.31 29.219566708785
2.32 12.7536489612254
2.33 14.2816173472887
2.34 23.9777925859692
2.35 -1.94776120906846
2.36 26.483922981305
2.37 11.9067537086156
2.38 19.7491315263406
2.39 31.8179125623889
2.4 18.7904769964995
2.41 14.5612861367046
2.42 12.3254826330975
2.43 4.78315533736939
2.44 9.39305012883431
2.45 16.2019313233931
2.46 28.181508980361
2.47 21.2469796892107
2.48 3.1401315817399
2.49 -0.538564997743311
2.5 30.9027868357651
2.51 27.5426632840441
2.52 28.6496037478601
2.53 1.07470399059054
2.54 4.34514407835688
2.55 16.3979667707251
2.56 13.879972844142
2.57 28.9519719491869
2.58 15.7443743307937
2.59 10.8403164591985
2.6 12.9130139480485
2.61 13.1375081604425
2.62 25.323016755469
2.63 15.2300631045585
2.64 26.6862984577419
2.65 29.4439435801073
2.66 11.0342953751928
2.67 13.1061549619424
2.68 16.7780914871954
2.69 16.9964099078426
2.7 7.59596823522179
2.71 17.6451615624097
2.72 17.5120433796815
2.73 20.081733135181
2.74 21.7318492220901
2.75 3.64499112353879
2.76 21.8597441334106
2.77 -2.27539350427367
2.78 5.87890497144687
2.79 18.4552780860086
2.8 25.1203025204472
2.81 3.60417802557323
2.82 32.0250793644781
2.83 16.3109735716094
2.84 18.3454683665967
2.85 39.9182334274219
2.86 13.0323064678953
2.87 21.5657435386559
2.88 24.9319579113507
2.89 16.0738281041179
2.9 -4.90682389808464
2.91 19.2822932817192
2.92 27.5301611296889
2.93 25.5380724980683
2.94 15.7181476009229
2.95 9.51756366489479
2.96 10.8730732715549
2.97 30.325299323129
2.98 18.915091309834
2.99 3.30395056374753
3 40.7103666341249
3.01 18.2868663576992
3.02 22.71274820908
3.03 -2.05226277280815
3.04 8.41412142693446
3.05 19.2980636923435
3.06 18.6671362892869
3.07 43.5837772840938
3.08 29.1420604238008
3.09 35.1567163829858
3.1 12.0011058571405
3.11 9.07670321811332
3.12 19.1046881423584
3.13 28.304538995739
3.14 24.1496802460644
3.15 24.4748436084124
3.16 34.4627866909003
3.17 12.2343145135853
3.18 5.63548938133983
3.19 26.8546851130423
3.2 22.6499853172394
3.21 23.238107334356
3.22 2.28741658500248
3.23 28.917399338097
3.24 22.6393895584641
3.25 12.8335292764571
3.26 10.6839567248071
3.27 14.6803602214281
3.28 43.0385044552609
3.29 30.5642628103555
3.3 29.3677992260218
3.31 -1.27524511612508
3.32 27.4186553347771
3.33 6.15461337835285
3.34 21.6209644443571
3.35 24.0859847282966
3.36 29.8151407306063
3.37 -8.02606133028937
3.38 12.9411648338624
3.39 8.97483272154591
3.4 16.1967560289204
3.41 14.4931500392647
3.42 32.9937404127831
3.43 10.4799052099321
3.44 33.4130446464378
3.45 27.3704321582134
3.46 17.6798649302708
3.47 14.7002096986783
3.48 30.3787003830167
3.49 34.6742736987164
3.5 35.1772038978236
3.51 36.5215421018974
3.52 31.3741543892241
3.53 25.3555353431881
3.54 35.4248365426804
3.55 27.5233717693536
3.56 19.2376252070609
3.57 20.0185199519132
3.58 25.5318374112425
3.59 34.0629815099546
3.6 31.4214531443628
3.61 36.7026011443978
3.62 36.0580086432998
3.63 28.7967681393732
3.64 1.40832508016676
3.65 32.2768030580866
3.66 22.4878854267389
3.67 41.0020305021573
3.68 10.7217871755674
3.69 13.9385927577963
3.7 30.7744261893232
3.71 26.8635559802189
3.72 22.9242980699396
3.73 32.6285979964081
3.74 30.4999620872698
3.75 23.5819109892475
3.76 21.9193223512868
3.77 9.18593354853191
3.78 43.6163443829047
3.79 19.2292131720464
3.8 20.4094900281937
3.81 27.615411603301
3.82 17.6675849501657
3.83 28.4150525266623
3.84 32.1815166132335
3.85 15.9703434243952
3.86 42.6517443847955
3.87 10.7039768289209
3.88 31.7139515027256
3.89 7.5556628173721
3.9 29.7994523711221
3.91 17.3081720602993
3.92 28.2728190972709
3.93 36.0358471915176
3.94 21.7383377283619
3.95 3.75572022505062
3.96 8.25399967283093
3.97 33.0069276668191
3.98 26.8794793372149
3.99 16.8351543818674
4 30.9947625752705
4.01 31.9108421677145
4.02 15.4743884669263
4.03 22.2021415702184
4.04 35.0375407076337
4.05 2.56847856457048
4.06 6.72974097614768
4.07 16.5118228872618
4.08 32.4615387288307
4.09 36.4617770488302
4.1 28.3935317045649
4.11 39.0423031897381
4.12 23.8938905654426
4.13 24.5508562685949
4.14 31.2287968520163
4.15 5.87692536530299
4.16 31.2644103061279
4.17 15.923343141237
4.18 37.3167672706083
4.19 30.5054534943897
4.2 16.110479072398
4.21 16.4957359625603
4.22 20.8908982046198
4.23 41.2289567274928
4.24 36.2068815241209
4.25 34.6844304677145
4.26 38.7075189556697
4.27 28.1785486022945
4.28 21.5424401964014
4.29 27.0790308872956
4.3 23.3211311601732
4.31 30.3404105124967
4.32 18.2984722789097
4.33 26.8319741181722
4.34 24.5730105146369
4.35 20.4733724797369
4.36 19.720059375819
4.37 51.646966014485
4.38 41.1405393123582
4.39 39.0906868819514
4.4 25.0219299838028
4.41 3.60167086566554
4.42 38.8847662129969
4.43 38.1333035392361
4.44 26.2986866568663
4.45 15.4929179674416
4.46 34.502780785179
4.47 28.3271445418663
4.48 35.890329951771
4.49 33.3476804794798
4.5 27.8155134914326
4.51 23.9196018761126
4.52 30.2390692499276
4.53 23.8558230288297
4.54 17.1784107871997
4.55 18.4875348420565
4.56 34.7594069413345
4.57 19.4432789963189
4.58 24.6862803618895
4.59 30.4465956311673
4.6 28.8417310779196
4.61 12.7880289801253
4.62 17.6616835774895
4.63 28.5111606958391
4.64 10.590036629143
4.65 51.6469216724207
4.66 39.9130908275193
4.67 14.4494128083393
4.68 21.1039538423153
4.69 56.4084719929858
4.7 21.0118735103902
4.71 30.9826595369614
4.72 22.9934929844226
4.73 23.9985375205609
4.74 15.8410121640047
4.75 18.2977974662394
4.76 47.0273379695523
4.77 28.5588898525627
4.78 35.7187728453338
4.79 30.1352698242125
4.8 27.4998446185991
4.81 37.9459656806152
4.82 18.1128798050825
4.83 22.6284965777426
4.84 44.318820738583
4.85 32.7544001185117
4.86 14.2647645943399
4.87 5.78918492905443
4.88 30.3628069392394
4.89 38.4009061708167
4.9 33.2682500648333
4.91 25.9272979435352
4.92 37.8138437704746
4.93 16.7128713198378
4.94 59.8073049270741
4.95 23.6756588434304
4.96 17.9231900108671
4.97 35.1560699604424
4.98 40.3474617185689
4.99 16.3640136779249
5 26.7105253637934
5.01 38.2021955800228
5.02 32.2533062399746
5.03 29.6663604660277
5.04 36.7208306953529
5.05 24.5663491993769
5.06 28.7006068975804
5.07 26.5385838127265
5.08 24.9332226216595
5.09 38.1966415259859
5.1 26.7907626811934
5.11 26.2848494830225
5.12 20.3490222791866
5.13 34.1798949258358
5.14 19.2874706857129
5.15 33.8611615885897
5.16 30.5020987956442
5.17 52.432856366993
5.18 46.8492655342475
5.19 37.4304266548089
5.2 43.6290438429396
5.21 16.3772530730174
5.22 20.0294133744737
5.23 32.1100523942351
5.24 26.6008463219301
5.25 26.2813842668011
5.26 25.5639636324002
5.27 27.0447834487683
5.28 36.9861506715038
5.29 20.6183172041448
5.3 42.0991540087568
5.31 33.3719822297802
5.32 32.1697308780793
5.33 29.9530934645699
5.34 35.3802294707885
5.35 23.2782162825957
5.36 27.7245938840137
5.37 30.1176316449589
5.38 29.0074439185146
5.39 29.6079414484198
5.4 39.7163051943089
5.41 23.7269071826248
5.42 36.9186538969718
5.43 46.8206883352038
5.44 26.2961222235679
5.45 25.1824704489183
5.46 39.9436636018386
5.47 35.7854668456684
5.48 40.7907346653512
5.49 46.0985192507356
5.5 29.8446677561883
5.51 45.8948555353831
5.52 50.274907250678
5.53 34.1950853856052
5.54 24.4744755878736
5.55 52.7008965331554
5.56 38.5838539026751
5.57 38.9677573165267
5.58 21.4227918714217
5.59 21.8725549263597
5.6 32.286966970311
5.61 30.3928306880959
5.62 9.34666996378197
5.63 27.424305929311
5.64 22.4803534889494
5.65 21.2307766397694
5.66 32.8692573329937
5.67 36.1226217567257
5.68 32.0526268370679
5.69 34.7617889915292
5.7 31.7594230391754
5.71 9.73797486007351
5.72 46.4839449327452
5.73 40.98916034676
5.74 38.6045735185821
5.75 48.8919301642438
5.76 30.7809190206318
5.77 17.8018546052429
5.78 28.41402182464
5.79 36.2222277766411
5.8 38.0500364270475
5.81 28.5431526589381
5.82 26.1658876748343
5.83 39.3073337294422
5.84 29.9267080966402
5.85 25.102173774871
5.86 34.1860396247657
5.87 29.0025222709944
5.88 21.6585080766752
5.89 45.6343525390335
5.9 33.7219025282457
5.91 35.0787610825122
5.92 14.2625685062844
5.93 41.2564731505966
5.94 45.1558083059002
5.95 45.0693065037492
5.96 47.0688059963177
5.97 14.4281455762535
5.98 25.5333116288149
5.99 46.8760789219327
6 36.2569409764819
6.01 17.6494232383044
6.02 42.8254682562705
6.03 32.6285181595828
6.04 37.2045743113928
6.05 14.5447647155693
6.06 29.6639314845404
6.07 39.6198496901678
6.08 47.1813611052535
6.09 49.3843209768128
6.1 58.9371683125718
6.11 54.7489944602521
6.12 30.935258419255
6.13 27.0484077712658
6.14 45.0363101176897
6.15 25.1169220527811
6.16 34.0493211229466
6.17 27.5784305476207
6.18 53.3986780623138
6.19 31.7693980361558
6.2 41.8092850807209
6.21 51.1754088863654
6.22 42.8290821895996
6.23 27.1008000290774
6.24 31.0814496744997
6.25 27.6779232013333
6.26 52.7633599136607
6.27 30.7183112107128
6.28 46.5396471584053
6.29 35.4345297477764
6.3 44.777673741303
6.31 54.9467662059998
6.32 22.4321703327647
6.33 36.9432424907039
6.34 40.0161226629412
6.35 36.481652663109
6.36 42.1082474181887
6.37 24.5191901586988
6.38 55.8714118368552
6.39 29.6397239113964
6.4 31.9276404309108
6.41 21.7972516220758
6.42 34.314493080814
6.43 42.1044230237899
6.44 40.183049263946
6.45 51.4603948020406
6.46 39.3119263530983
6.47 14.9113786600622
6.48 32.2425319052416
6.49 35.7883615456437
6.5 18.846455292713
6.51 38.8753472008702
6.52 35.3597590799508
6.53 28.9233312539914
6.54 40.9697333923865
6.55 41.2675865454181
6.56 48.902805023721
6.57 43.2320698298508
6.58 37.857747057522
6.59 14.5072602727525
6.6 26.4566816902346
6.61 42.6549837912331
6.62 22.2982055018269
6.63 41.4538790969982
6.64 46.8441057653461
6.65 22.8851157423337
6.66 36.7593078336946
6.67 35.8267431463114
6.68 42.7010190344627
6.69 51.3113194713181
6.7 26.8038229739607
6.71 41.5220183555518
6.72 28.0718586208113
6.73 39.8229924553166
6.74 46.0224156005208
6.75 41.5897357113933
6.76 24.4281697442591
6.77 35.8157808843968
6.78 39.2313305872936
6.79 18.9110328324104
6.8 24.5565372991345
6.81 20.7980193090226
6.82 49.8462068035456
6.83 51.885913353012
6.84 36.9560616576977
6.85 16.2813339901129
6.86 58.0293691773554
6.87 45.6550718645043
6.88 31.4611991270212
6.89 30.5908158744867
6.9 48.1723420351204
6.91 32.4078806169558
6.92 47.6807872579043
6.93 34.2126367101741
6.94 35.7447904486243
6.95 40.9121027595199
6.96 41.7720081979488
6.97 53.4516480073139
6.98 34.6732968260934
6.99 38.0475146860529
7 31.4539851501676
7.01 49.1365933921406
7.02 69.8163627720759
7.03 44.1227884839852
7.04 35.0073563860882
7.05 49.48015279765
7.06 46.6763942248019
7.07 18.6648103154773
7.08 60.0015369767405
7.09 35.3452338317278
7.1 44.216219740509
7.11 33.2541414039107
7.12 24.2312514739188
7.13 38.052170951483
7.14 46.5874943931286
7.15 34.81538417101
7.16 46.7035756318023
7.17 57.4065691770484
7.18 47.3457263996966
7.19 30.435501466187
7.2 40.2393669262835
7.21 32.524504443743
7.22 33.0472112701321
7.23 63.736580195379
7.24 31.0214416830009
7.25 23.2553829673281
7.26 41.8618082944694
7.27 41.72276546942
7.28 39.9151078067934
7.29 52.7869655166665
7.3 37.041529182742
7.31 51.0133491810911
7.32 22.4337473537556
7.33 44.7914786600658
7.34 36.4697034853421
7.35 25.2701779377826
7.36 34.2489894796069
7.37 33.8980111573577
7.38 49.5737985841783
7.39 52.6372203859288
7.4 39.7614415994504
7.41 34.2603073273853
7.42 18.8682588305415
7.43 47.7844110910748
7.44 50.1690800177487
7.45 57.6790703591702
7.46 47.0352512888036
7.47 48.9393958655927
7.48 37.5756735227784
7.49 29.8587721223871
7.5 40.4819837710875
7.51 46.992174469705
7.52 26.5987515843002
7.53 40.7353258613065
7.54 44.0125084461694
7.55 61.5992867281709
7.56 52.3412353239579
7.57 50.3525653451403
7.58 37.4154646130159
7.59 46.8193288011131
7.6 24.667005920963
7.61 40.2049912373286
7.62 36.7237861339706
7.63 57.5337769650224
7.64 45.2780224048771
7.65 44.74982686733
7.66 27.5135467616256
7.67 28.2628814691015
7.68 25.7692427153414
7.69 46.8634038765427
7.7 57.5917782671847
7.71 36.5228739016327
7.72 43.4034095802353
7.73 51.3975639443755
7.74 36.2560780131625
7.75 40.3881238122027
7.76 44.2767412782058
7.77 28.2980395594206
7.78 46.8173121845076
7.79 43.8285694193246
7.8 33.8788416566071
7.81 48.1863616297236
7.82 25.3264380738045
7.83 45.9066019594564
7.84 54.4268962250387
7.85 65.4510641634793
7.86 37.4683630863694
7.87 50.712554493575
7.88 39.2519540165792
7.89 41.2935383976562
7.9 38.7937844337842
7.91 31.6978232518739
7.92 37.9247581676332
7.93 35.3847380739945
7.94 52.427907882637
7.95 37.9039246521197
7.96 54.4912089904326
7.97 35.6477199469655
7.98 45.1037874760929
7.99 49.5027432118009
8 33.5705513965315
8.01 40.3991090250268
8.02 44.3306055404453
8.03 59.7148477724216
8.04 39.8924773596267
8.05 43.694859971414
8.06 39.0859667202722
8.07 46.89577642179
8.08 30.6946809236913
8.09 50.0933037875466
8.1 44.0831775573103
8.11 36.5240460557454
8.12 47.1067134229463
8.13 34.0253506894899
8.14 58.6477831224069
8.15 59.6149091635954
8.16 44.7591366341972
8.17 54.7476251068303
8.18 50.6220160904978
8.19 51.207506573995
8.2 45.904354855481
8.21 32.0986032959503
8.22 34.0001801174146
8.23 46.9646708140602
8.24 48.4672170817892
8.25 32.7944446469242
8.26 55.2553318253924
8.27 56.6975906125998
8.28 52.5011547146192
8.29 44.6954594054226
8.3 61.2879154353437
8.31 59.5650201390901
8.32 37.5667430041594
8.33 50.1320514058174
8.34 33.958619675623
8.35 28.3154605265987
8.36 32.0113093290455
8.37 42.9873483806593
8.38 41.603749357308
8.39 39.408615408898
8.4 43.5480673391479
8.41 57.88049808384
8.42 63.2438210990418
8.43 39.8837082945324
8.44 51.0552474209271
8.45 63.4675451025128
8.46 54.8173508432657
8.47 36.2759808431461
8.48 37.3499611701991
8.49 50.0587571096634
8.5 54.7678363451978
8.51 56.2571866942941
8.52 58.3025694886141
8.53 36.438672041198
8.54 44.8989080596082
8.55 56.520841871297
8.56 34.3598392514759
8.57 61.8052541642215
8.58 51.4127250593302
8.59 46.3756385138569
8.6 39.9039571328314
8.61 26.9983468284216
8.62 55.3271403784762
8.63 33.6610449160606
8.64 43.501083378616
8.65 56.8785061637047
8.66 42.5583691299676
8.67 42.5414941814544
8.68 65.3154029169296
8.69 48.3378045344747
8.7 37.7321229829849
8.71 44.2270907550676
8.72 47.8845779634384
8.73 52.5127846608619
8.74 39.0468228422857
8.75 59.3430705828398
8.76 49.6823409787007
8.77 50.3471271178748
8.78 42.189852523929
8.79 47.5492649238736
8.8 45.367682741035
8.81 56.7606122987952
8.82 52.7917736893478
8.83 51.0015760006217
8.84 49.2490907149611
8.85 48.4659280945454
8.86 58.2120923798201
8.87 55.5581892681083
8.88 47.6953085985581
8.89 31.0843357457228
8.9 56.7040743681557
8.91 40.1013528101228
8.92 44.2716591130506
8.93 57.1695401485126
8.94 43.2417209831864
8.95 42.2622299103519
8.96 68.9717027491503
8.97 34.6884753878652
8.98 34.9152860151563
8.99 48.0137807882096
9 33.1297132437342
9.01 50.4774270906377
9.02 50.6733544946127
9.03 65.5072866016538
9.04 72.2688212794235
9.05 49.8518166766257
9.06 44.4371785758946
9.07 38.3020759614581
9.08 40.9515507190105
9.09 44.5360667982766
9.1 61.8655526052099
9.11 33.0231648166572
9.12 59.4741198383469
9.13 62.0418357227029
9.14 47.1364377471462
9.15 32.8770886687281
9.16 43.9280557785992
9.17 54.7167663267812
9.18 50.2624769142184
9.19 49.0370567812289
9.2 40.3096517865129
9.21 29.1574508958419
9.22 60.2217870211837
9.23 54.7974817800412
9.24 48.8562226207195
9.25 50.8345595923458
9.26 48.3127482046162
9.27 54.2700856884334
9.28 71.4852265919508
9.29 51.6167601397485
9.3 57.5395641927986
9.31 55.8155198829723
9.32 40.0733139790498
9.33 30.3538575779391
9.34 49.8465870555571
9.35 49.9961248075859
9.36 67.8955184381763
9.37 53.1273999746718
9.38 66.1372291456429
9.39 52.6051860996462
9.4 41.5873093995051
9.41 58.3336658836021
9.42 47.4056730669123
9.43 79.6083056784001
9.44 75.2966534726629
9.45 65.3861046486459
9.46 47.4651091021662
9.47 50.0361425141744
9.48 53.0204269820757
9.49 62.8844841980624
9.5 50.1879517434683
9.51 65.3756068762648
9.52 51.8118420948951
9.53 39.9805026321115
9.54 45.5191983699574
9.55 61.8637730896349
9.56 45.7355902894373
9.57 58.0635152844738
9.58 69.1925232570338
9.59 46.134541423163
9.6 51.3446272957772
9.61 74.3452676270009
9.62 37.181923700394
9.63 43.5733940260322
9.64 82.3147862823675
9.65 84.985034658193
9.66 62.5046497598012
9.67 42.1838509688336
9.68 60.2270803910589
9.69 54.1686476845969
9.7 53.7998834559841
9.71 52.509283433477
9.72 46.1319813984016
9.73 46.0166577336708
9.74 56.6551035396336
9.75 42.8813421027241
9.76 47.1923716795067
9.77 55.3267887527532
9.78 61.91004733357
9.79 69.8808541622009
9.8 53.252103704257
9.81 55.6388239887435
9.82 53.4319401729015
9.83 48.8115489130112
9.84 46.8768690600054
9.85 65.0709908703693
9.86 49.3875306994022
9.87 35.0673411350219
9.88 60.6993456903268
9.89 29.1909041943092
9.9 56.0874769298843
9.91 47.6850903779403
9.92 52.8332135908738
9.93 57.6817206930381
9.94 38.412221271556
9.95 26.2814020661214
9.96 69.51236488618
9.97 61.5978048919131
9.98 32.630481267058
9.99 63.3031525539833
10 52.0379385656135
