0.01 12.0102637935484
0.02 -2.50599994140366
0.03 8.80157050116908
0.04 5.38460781942559
0.05 3.77079954035302
0.06 2.91238317577816
0.07 -10.6611368681439
0.08 10.216695484933
0.09 -3.76666781334217
0.1 4.58214621170196
0.11 18.8650335106064
0.12 7.28492495187884
0.13 -1.96261077146861
0.14 8.79299882168821
0.15 11.9417920650721
0.16 17.473493328329
0.17 23.6547824689175
0.18 -9.8518856876356
0.19 14.0442189262134
0.2 -2.45646598596716
0.21 -2.43474588215015
0.22 5.89865921615209
0.23 14.4407305344923
0.24 1.64927986302517
0.25 -1.82419554351558
0.26 9.7857724716229
0.27 -0.062489440230471
0.28 10.7890804401169
0.29 -0.712389315757036
0.3 3.70045560003548
0.31 10.2117036962635
0.32 10.5427739304391
0.33 15.0820565611435
0.34 11.3207777776693
0.35 10.2557924060277
0.36 -2.02273545711341
0.37 -0.892708626981069
0.38 -1.87775383583442
0.39 2.35386558972938
0.4 -8.04971102674255
0.41 7.6870466056914
0.42 16.9764313653612
0.43 -1.47019494686722
0.44 -1.90415452756973
0.45 14.083441783776
0.46 15.6429354161023
0.47 -18.5146963581725
0.48 19.0640929071565
0.49 -1.86850131738322
0.5 15.2158732826058
0.51 6.8909988264073
0.52 12.596927373265
0.53 18.5705986206163
0.54 21.2126022698215
0.55 2.2091289584032
0.56 8.55880814940049
0.57 5.59499800716601
0.58 3.73575932858333
0.59 9.02466861933728
0.6 20.0935982919726
0.61 11.5890892186623
0.62 11.782885368823
0.63 12.4664356939789
0.64 21.0346166141568
0.65 5.215609593847
0.66 8.55201399964371
0.67 12.9091778631857
0.68 6.48178218872871
0.69 12.0383210374875
0.7 8.04267193220409
0.71 3.18692038008091
0.72 13.8665461178164
0.73 6.06759492387965
0.74 25.3152822696224
0.75 5.19442217180079
0.76 21.3652222545454
0.77 -9.70165236171711
0.78 3.49072584364313
0.79 18.0087870188671
0.8 15.1388444180052
0.81 10.5035346617818
0.82 33.9943840816678
0.83 3.71365016510987
0.84 8.98522977110347
0.85 -2.76970256043784
0.86 2.19384860673674
0.87 6.10601626355715
0.88 -8.07346401893032
0.89 19.4630791831089
0.9 28.5649584635436
0.91 -1.00301865386725
0.92 7.99394186967222
0.93 9.5239659020688
0.94 7.83493952412393
0.95 28.6533058627261
0.96 -5.81382119176713
0.97 11.1973327271481
0.98 4.43280351634744
0.99 12.4548883744855
1 23.0720141569908
1.01 5.84745566632917
1.02 1.13883701366851
1.03 20.3308952301511
1.04 5.54348467500265
1.05 5.08944926425966
1.06 2.03010123585837
1.07 6.42015824202376
1.08 30.0295855679795
1.09 16.2678144458115
1.1 12.8719214164346
1.11 21.81064421941
1.12 5.45425879958358
1.13 9.75980066128109
1.14 9.32688228182473
1.15 9.66511215424128
1.16 19.2297984969443
1.17 21.6388873064842
1.18 18.0115164288028
1.19 33.2918886378313
1.2 13.8398208092872
1.21 -4.99420809270954
1.22 13.2123378881673
1.23 5.95986876357379
1.24 -1.30379433229213
1.25 14.8822954395827
1.26 20.0239574992836
1.27 9.15425842369937
1.28 -8.35839047920967
1.29 10.013064385704
1.3 22.1045990773891
1.31 19.4577341538652
1.32 16.8770642049761
1.33 3.51461034031071
1.34 2.37208858565655
1.35 9.37072883121098
1.36 5.19724281134995
1.37 13.0063614177474
1.38 -5.58852825626597
1.39 13.3838700259002
1.4 -10.9202461214268
1.41 3.42831548544642
1.42 5.11779455707824
1.43 19.5803775438565
1.44 1.58416030248079
1.45 -5.1881058170554
1.46 5.4607699884422
1.47 10.1825399803201
1.48 15.1133040303907
1.49 18.3880141324471
1.5 12.2070203291063
1.51 24.4905863099824
1.52 6.06012014150376
1.53 -5.82780461482745
1.54 29.2125809427746
1.55 25.0120749597374
1.56 13.4465748826856
1.57 4.77976587357188
1.58 17.1042663177013
1.59 1.49875140303831
1.6 23.9789765760287
1.61 23.4754577318023
1.62 4.8564570871896
1.63 25.6254170565911
1.64 22.4962322127059
1.65 12.2445434825571
1.66 13.8186383139455
1.67 4.46951035392161
1.68 11.7969259164506
1.69 17.9638946925205
1.7 18.7817793558192
1.71 7.66667053345871
1.72 3.81466746601151
1.73 10.2560627755888
1.74 -4.94929883250929
1.75 20.480604290909
1.76 1.02706417805599
1.77 3.15954271127626
1.78 21.0699192986883
1.79 4.44115227835038
1.8 23.6173570110129
1.81 15.6419269841758
1.82 28.0649440048008
1.83 5.81584600224915
1.84 -5.601214973251
1.85 20.7168843715557
1.86 8.48714947719834
1.87 17.1143877413789
1.88 18.4639953363174
1.89 30.2814982747174
1.9 5.23698071500456
1.91 15.8046379921989
1.92 -2.52611063259144
1.93 27.3392256802454
1.94 41.2697208960951
1.95 22.2702624987633
1.96 22.2445974818178
1.97 28.5002502336388
1.98 17.3784690140922
1.99 26.3074472220346
2 3.54408330437474
2.01 6.70932063825762
2.02 4.2766652150167
2.03 23.7310264608256
2.04 8.18272819239414
2.05 30.0777046122753
2.06 16.2948661584622
2.07 11.3089286414549
2.08 18.3418039917691
2.09 32.0802166156606
2.1 39.1385957909716
2.11 22.8095638194803
2.12 24.6299411026813
2.13 8.51991639960843
2.14 12.1084959707624
2.15 0.286859976379901
2.16 14.5141365122317
2.17 18.9786214014676
2.18 8.82034674174065
2.19 24.1835185443281
2.2 22.4440581943432
2.21 18.4386216245573
2.22 2.63546595798936
2.23 26.0290590146871
2.24 14.9186581503083
2.25 31.8680897538027
2.26 33.9540733259571
2.27 11.535719958928
2.28 7.76143834768143
2.29 8.78222108213711
2.3 21.9811609671038
2.31 29.372917169284
2.32 9.67805309583149
2.33 11.4266947582406
2.34 10.638604511311
2.35 20.2709715928427
2.36 21.6938830814893
2.37 27.170162957987
2.38 19.8271941220745
2.39 11.4440070127792
2.4 8.47823546450261
2.41 14.6366643810245
2.42 -0.844071263818327
2.43 19.0770443762443
2.44 -0.788229335596508
2.45 25.0400478906038
2.46 22.7573047972748
2.47 13.7998531122645
2.48 16.3651084698036
2.49 11.8759131460545
2.5 28.1764988040825
2.51 15.4609609979479
2.52 13.1184165947159
2.53 32.7967382443077
2.54 33.4122840794653
2.55 0.0226895971634082
2.56 25.0812913534354
2.57 17.2305679224895
2.58 33.6433972435884
2.59 3.8781175844262
2.6 14.9340857341403
2.61 27.2345556468068
2.62 23.6101027377117
2.63 31.9323427077518
2.64 3.82639873579482
2.65 22.0721437805827
2.66 17.3841044281373
2.67 32.831997885743
2.68 15.4908587460838
2.69 21.7511745769124
2.7 23.4513175191829
2.71 33.3637434757139
2.72 13.5487922893783
2.73 22.9307495221203
2.74 8.97908521711568
2.75 22.4851243378598
2.76 28.1111263529523
2.77 12.8469593366393
2.78 23.63202348614
2.79 35.7917515853102
2.8 6.17892064880811
2.81 24.0529697021355
2.82 9.26264559989451
2.83 36.0268408098727
2.84 19.3449170424119
2.85 4.82957757918588
2.86 9.66763398572976
2.87 20.638607541164
2.88 27.436911411697
2.89 29.0474602019754
2.9 5.10930570067382
2.91 12.9217365481197
2.92 11.6465199456973
2.93 27.4400064051783
2.94 30.9792962203328
2.95 14.8960982474263
2.96 26.2221721408989
2.97 26.689562939042
2.98 21.1610964825111
2.99 26.1871302524802
3 33.0935534447399
3.01 25.998120217841
3.02 24.9623198379746
3.03 21.5843162866049
3.04 36.1536421754138
3.05 31.5604841890206
3.06 40.8125921514989
3.07 11.8408176396069
3.08 37.4864118552002
3.09 34.2119611746128
3.1 30.5003767465714
3.11 25.4446167146809
3.12 10.0835207833286
3.13 19.8687774187392
3.14 16.2891417557258
3.15 30.819731200681
3.16 50.2594132407506
3.17 25.108199349454
3.18 26.3138834376396
3.19 9.81977433814499
3.2 23.3049510632293
3.21 31.6189983902838
3.22 16.2402631061554
3.23 8.30931000927139
3.24 24.7938142881131
3.25 10.2841226101914
3.26 16.0994464146435
3.27 12.4434452315228
3.28 21.8676446151522
3.29 15.9827202862085
3.3 8.56476799502126
3.31 11.0575986193277
3.32 26.8548041922122
3.33 29.7178864209058
3.34 21.0212557435499
3.35 24.1938043381975
3.36 11.1433927416174
3.37 20.2554086206651
3.38 9.67290190910621
3.39 29.1836611748454
3.4 45.9219032034563
3.41 34.7801829913928
3.42 25.0272228985081
3.43 30.0033328410918
3.44 19.209158560497
3.45 26.8559276802869
3.46 32.9056420621332
3.47 27.2862713100288
3.48 36.6004393692156
3.49 24.7403579870664
3.5 30.7385704308199
3.51 37.4545263906844
3.52 24.449510809028
3.53 13.7206997235383
3.54 22.9089233876345
3.55 6.9055547004035
3.56 11.5231131624127
3.57 28.9132331957625
3.58 2.98449341567605
3.59 9.95098299600709
3.6 39.5829555012967
3.61 23.9082561961897
3.62 12.9533179513843
3.63 1.78461695170265
3.64 31.3520694074853
3.65 37.91624043135
3.66 10.0091489423929
3.67 20.1056650524516
3.68 25.6108328820059
3.69 15.9921766935438
3.7 18.2696644399455
3.71 16.223655789137
3.72 26.6579354499641
3.73 25.0753259599475
3.74 31.7181198477948
3.75 25.8141573103764
3.76 27.9720989042729
3.77 35.1618539423693
3.78 9.93238503694366
3.79 21.0017979839479
3.8 14.6374630455708
3.81 11.358775344649
3.82 17.7157711457938
3.83 18.7981448372897
3.84 15.3556035622142
3.85 14.9119147556734
3.86 11.578295974229
3.87 26.476244692071
3.88 38.533892975937
3.89 25.8159352453227
3.9 38.6358544515748
3.91 19.6664354280045
3.92 17.3219994654939
3.93 9.99782658330561
3.94 17.2154155075324
3.95 8.70760027890549
3.96 11.5481837024278
3.97 13.204955292075
3.98 13.5141608133752
3.99 41.2377670341218
4 25.630250208843
4.01 32.4241520932726
4.02 16.8992448594378
4.03 25.3421545073643
4.04 23.7573141795728
4.05 13.3662540115045
4.06 24.8031974491511
4.07 37.8777530046765
4.08 39.4915200778583
4.09 21.6520071850743
4.1 20.2620260831068
4.11 34.5819781184137
4.12 9.60311890093626
4.13 -5.67518283608335
4.14 21.2731031700838
4.15 15.3549274292761
4.16 27.2944924572986
4.17 23.2741631464784
4.18 34.3378150275688
4.19 21.3095898041543
4.2 21.143665536176
4.21 24.6833925896565
4.22 16.3862664583262
4.23 16.9185111576687
4.24 19.5777360608982
4.25 12.9728815648611
4.26 28.7094608585437
4.27 27.9806863486615
4.28 18.3539194754077
4.29 17.9531077120396
4.3 34.6412500170386
4.31 34.5514356649841
4.32 1.29570568681954
4.33 16.925091796139
4.34 27.2002080845811
4.35 25.4412273083148
4.36 46.0963639056448
4.37 40.0600371763554
4.38 13.2351929024414
4.39 17.2252239893758
4.4 22.4303315831103
4.41 17.7477430160988
4.42 23.2219122808783
4.43 14.8042053933092
4.44 21.6082215629995
4.45 22.9736047421078
4.46 23.3394907909153
4.47 21.6795140995181
4.48 37.6861579904193
4.49 24.826285577478
4.5 45.0824546681057
4.51 11.3608792980426
4.52 40.0307072338562
4.53 45.8381541999961
4.54 34.8854565303687
4.55 28.3667911036192
4.56 17.6629145464252
4.57 43.5210070992744
4.58 32.3543956883074
4.59 50.8795191818132
4.6 8.00116239381991
4.61 38.996004749245
4.62 42.8310807102284
4.63 26.3796683733033
4.64 12.3096007809735
4.65 10.6856102494471
4.66 39.4192472337796
4.67 25.5075770787741
4.68 25.9307956913937
4.69 21.3350155491134
4.7 15.7236470778261
4.71 52.6507790106992
4.72 22.3009670922166
4.73 24.7906299057062
4.74 29.0675059060664
4.75 8.21078446086726
4.76 26.9199531282626
4.77 15.2829230249281
4.78 38.0918297334555
4.79 32.6793037807409
4.8 24.3338751574321
4.81 11.8712320799656
4.82 23.7831834174178
4.83 34.42952401567
4.84 40.6732619171183
4.85 38.3593259069924
4.86 40.3289323167242
4.87 27.7894645110039
4.88 24.9587608774667
4.89 38.7385417757878
4.9 22.8030231231693
4.91 30.3418572770253
4.92 36.8960751919544
4.93 14.9897558586645
4.94 34.7907381059958
4.95 24.9153379186007
4.96 47.1548660392504
4.97 25.6496888642076
4.98 26.9289272407104
4.99 16.3275881189726
5 35.3406642503718
5.01 35.7102491718331
5.02 32.7965615085337
5.03 34.1982163682531
5.04 41.8234994822665
5.05 50.0620107389514
5.06 20.2436406342304
5.07 26.5494905565328
5.08 33.8251718634687
5.09 31.4478021874758
5.1 41.593324132254
5.11 52.7086267532279
5.12 22.512515535364
5.13 31.1022431455176
5.14 28.3974167208225
5.15 55.4489655014737
5.16 39.8628980153578
5.17 41.6241768411252
5.18 19.5405475071294
5.19 39.513985683731
5.2 25.6439604767812
5.21 39.959521807644
5.22 29.8450953186832
5.23 46.1202778545841
5.24 40.8390892817275
5.25 27.9309804869437
5.26 14.1384101875568
5.27 21.9801384009368
5.28 45.6599504312583
5.29 28.5280782105942
5.3 17.3263545022507
5.31 19.6434849099202
5.32 21.0099000612416
5.33 32.2973430107178
5.34 35.0975481122056
5.35 36.2712464578248
5.36 13.7233432982222
5.37 27.0225898297668
5.38 21.4330869316728
5.39 14.6258260095878
5.4 12.6726102809089
5.41 40.9622061601914
5.42 36.9809842696317
5.43 31.9633505175979
5.44 35.0815491598679
5.45 18.12629685948
5.46 44.24155544799
5.47 30.1967963600533
5.48 25.1768604902489
5.49 17.1430545674771
5.5 37.5317884852583
5.51 20.2301949047534
5.52 42.2759935895232
5.53 23.3034107883752
5.54 28.8849388898069
5.55 28.8296870900217
5.56 32.3490123751694
5.57 47.8119930608258
5.58 31.9034723954525
5.59 52.7552995261159
5.6 33.9378252512906
5.61 25.1886274515325
5.62 40.3977607836618
5.63 29.6853785782143
5.64 55.1119106258085
5.65 33.5433126861728
5.66 39.4500989175363
5.67 19.4024659354578
5.68 27.4342333679747
5.69 28.1907988622137
5.7 25.5998089512181
5.71 42.7067753387694
5.72 36.0679564558273
5.73 19.484543045251
5.74 19.0542090061369
5.75 24.8795419290515
5.76 47.9587756532972
5.77 32.4864706535189
5.78 27.3147587459003
5.79 34.8366190518184
5.8 39.1971895800896
5.81 45.1358187338971
5.82 25.3308013189122
5.83 36.951967970981
5.84 31.6340362401445
5.85 24.4195937200388
5.86 50.5047344540397
5.87 28.9103441310606
5.88 25.0333839355469
5.89 25.3422588458564
5.9 10.1243608712958
5.91 31.215329818205
5.92 41.7150642660675
5.93 41.3982394902985
5.94 35.4235055506977
5.95 36.7877238569894
5.96 31.6730947109018
5.97 39.3179202268307
5.98 32.6733304133756
5.99 27.4260261089451
6 38.917219890936
6.01 40.4850293533302
6.02 36.2049639448794
6.03 38.6266271135929
6.04 28.8991265924816
6.05 36.4494860281759
6.06 46.643644451799
6.07 42.4437873112713
6.08 34.4885570320263
6.09 32.285675353318
6.1 40.0174650475543
6.11 42.7506637243723
6.12 40.947676503137
6.13 26.124691011761
6.14 27.3203543615632
6.15 42.7750542002764
6.16 37.8750063812087
6.17 41.6469481304871
6.18 50.535259138857
6.19 40.6907961899422
6.2 52.6058296337165
6.21 23.9967973242651
6.22 8.85847108531462
6.23 40.2348033108498
6.24 45.3171894979746
6.25 21.5552489108236
6.26 31.7701501204952
6.27 32.6019742763152
6.28 44.1652067380877
6.29 35.4664904699035
6.3 47.859323193742
6.31 42.1187556144102
6.32 37.9162510012918
6.33 23.5754924269264
6.34 31.3090720077213
6.35 34.7041259250066
6.36 30.6155911480858
6.37 38.5182275308352
6.38 45.041766263868
6.39 28.9447984311482
6.4 30.5621632654643
6.41 44.7861685758823
6.42 43.9652818260026
6.43 37.8304264809462
6.44 33.0258676202901
6.45 44.6063354512933
6.46 45.0643029711113
6.47 45.1178785106202
6.48 44.9672464571068
6.49 47.9357859467845
6.5 62.3410577166346
6.51 38.3349039530214
6.52 53.1278213407264
6.53 45.0330120855428
6.54 47.2855303120029
6.55 36.0841207856229
6.56 33.779491763205
6.57 42.735014077023
6.58 52.9828343651679
6.59 26.0515802893294
6.6 34.3269332176415
6.61 46.3710366019823
6.62 26.2626033885396
6.63 56.7161712598597
6.64 38.8222564813429
6.65 30.9388879126992
6.66 40.4856187219969
6.67 38.3396715432547
6.68 26.2269496105295
6.69 47.4553414455707
6.7 36.5167147691578
6.71 43.8266755785123
6.72 42.0270483690929
6.73 49.3334100483
6.74 27.135250219519
6.75 40.7502623920772
6.76 43.283395844091
6.77 54.5162356052885
6.78 48.0495306024915
6.79 34.6225546641765
6.8 45.7661246574838
6.81 53.3452746136021
6.82 43.1302739248191
6.83 22.642340106555
6.84 41.9669373704142
6.85 36.6593842634374
6.86 40.4785847999873
6.87 53.5021525540078
6.88 41.1991537550522
6.89 31.6946168631496
6.9 19.4516560481984
6.91 40.5541699209478
6.92 45.7347526653556
6.93 47.2487625638639
6.94 39.9023936147685
6.95 31.6689730664612
6.96 27.7100244426722
6.97 33.0086749250495
6.98 37.5463011043254
6.99 49.5136967041883
7 24.4404451720468
7.01 34.2248601451436
7.02 32.149230777153
7.03 41.9782426611636
7.04 33.6140129358923
7.05 51.129206270016
7.06 37.7998574064678
7.07 50.247648854581
7.08 43.1503095667972
7.09 46.4927184123548
7.1 25.0210426832607
7.11 28.7032440094875
7.12 34.7567444269113
7.13 27.7028985611209
7.14 46.9454903101864
7.15 45.7851865368421
7.16 49.3844009363166
7.17 30.9267244676082
7.18 57.4290185545677
7.19 43.2528421924357
7.2 30.8585444209274
7.21 33.7106351953255
7.22 37.1128692153914
7.23 54.2105465196415
7.24 47.210392747532
7.25 27.5941824749045
7.26 37.2047619445589
7.27 19.5963432889498
7.28 50.5415454237246
7.29 33.2222120761624
7.3 55.5041378225176
7.31 28.9585204472147
7.32 19.9366646762786
7.33 40.5187614669043
7.34 47.2169015428243
7.35 24.7977367126348
7.36 44.4657162092932
7.37 47.1549799731417
7.38 32.6724609151484
7.39 32.0438048531649
7.4 42.6003156340541
7.41 48.0664834625094
7.42 47.2199802291898
7.43 41.424538349097
7.44 36.9780567058527
7.45 35.1024566151762
7.46 36.9489281299651
7.47 38.8996003398943
7.48 39.0767864797068
7.49 46.5652833618977
7.5 66.8800924909426
7.51 41.0490281501683
7.52 37.5016553889132
7.53 30.0909207319092
7.54 40.6619452385064
7.55 55.203140463499
7.56 28.9195437389636
7.57 39.5071875035396
7.58 49.9635932373607
7.59 40.5572490934934
7.6 53.5774898186037
7.61 45.0537077632687
7.62 51.888301635388
7.63 43.6546233736512
7.64 40.8721121747684
7.65 34.6546790648286
7.66 34.4074784301374
7.67 52.7237720338068
7.68 61.7313757893689
7.69 15.1449838393207
7.7 51.4411708445889
7.71 61.7071675595715
7.72 38.8370083255031
7.73 40.8807242849962
7.74 40.6741971808808
7.75 53.6608556416829
7.76 50.6163293990884
7.77 53.0728305906731
7.78 55.1832435467175
7.79 54.5561211709856
7.8 68.0206859489354
7.81 68.1616844921727
7.82 52.4098933688104
7.83 34.6979565905039
7.84 48.2719224198854
7.85 35.6656957043678
7.86 52.8107636147378
7.87 36.9721967734684
7.88 42.9804298311356
7.89 48.168869715735
7.9 36.8127559476319
7.91 45.1141887739653
7.92 43.3583986965863
7.93 39.6329728475583
7.94 65.8054230989099
7.95 31.0419329795852
7.96 39.6862814862757
7.97 49.405342214392
7.98 43.4733976253685
7.99 43.9854975375645
8 54.6646585006141
8.01 58.3601389800614
8.02 44.3799263628225
8.03 45.5842128810381
8.04 40.703278189004
8.05 58.9449706366516
8.06 44.4736297938028
8.07 47.128444005
8.08 61.0943862217805
8.09 54.7937909366602
8.1 50.149173387803
8.11 43.5107296349585
8.12 60.6784070468043
8.13 50.485971953926
8.14 32.6246270667545
8.15 23.667602679095
8.16 51.8527225655299
8.17 39.4077741550014
8.18 23.4580506559726
8.19 57.3719668992293
8.2 40.7561946407175
8.21 38.8941100022711
8.22 54.9028402899291
8.23 53.1202476974525
8.24 34.6919486967852
8.25 43.4327903320386
8.26 61.9448012608336
8.27 41.7560713302425
8.28 58.1223850881106
8.29 46.921749841436
8.3 26.5471791885533
8.31 38.5255228191169
8.32 70.9498666724004
8.33 38.5913638372865
8.34 45.4902234204559
8.35 63.6219293753009
8.36 57.2868093926088
8.37 32.7864544861013
8.38 40.955956235279
8.39 15.7346975965104
8.4 41.1923201004531
8.41 37.3262389135957
8.42 49.4339781684129
8.43 53.0268079902854
8.44 54.3183574500142
8.45 41.2312901917223
8.46 41.349185255794
8.47 61.311703555424
8.48 42.8390067799481
8.49 49.1728307523155
8.5 54.8834346204966
8.51 44.4779013641466
8.52 60.6223202918839
8.53 35.7817216999058
8.54 44.8484028372829
8.55 62.4657749073944
8.56 57.5028984169056
8.57 39.0176664717462
8.58 44.7711823206843
8.59 34.3228429718687
8.6 54.9376702744179
8.61 50.0645477188699
8.62 35.0013473635348
8.63 52.2666973512559
8.64 29.5282479193578
8.65 43.0964061156789
8.66 60.4349368424399
8.67 41.0053424512979
8.68 51.1973431714509
8.69 49.6043154657846
8.7 58.3134160450923
8.71 51.6772373029036
8.72 62.9270886726294
8.73 41.9308157650807
8.74 46.6234523194866
8.75 47.9939709546591
8.76 32.9219250783885
8.77 52.8492534233893
8.78 57.8485377215312
8.79 56.723905080785
8.8 51.0147877880458
8.81 45.9758146061394
8.82 49.5461225204531
8.83 54.7093821245521
8.84 48.6162000860264
8.85 40.5969295478278
8.86 45.0311567224805
8.87 49.2241751847152
8.88 59.9453612995238
8.89 52.3599616847764
8.9 37.9055398552547
8.91 56.1226621578219
8.92 53.9005383994518
8.93 52.8330610820295
8.94 48.457671672373
8.95 41.3184613558574
8.96 44.4555857333407
8.97 55.1998947311939
8.98 58.9712935128583
8.99 49.6822014001362
9 39.7237110094638
9.01 49.1752167621471
9.02 54.8409965244093
9.03 58.4867158006502
9.04 41.1107668267525
9.05 41.3392746400419
9.06 49.2712408848318
9.07 67.972950785507
9.08 58.5256461535163
9.09 53.7137568599126
9.1 35.576519562061
9.11 61.1328593489762
9.12 48.3641415904654
9.13 56.2068781909525
9.14 71.6369366835177
9.15 75.8699127642589
9.16 46.9201527942584
9.17 62.432681452025
9.18 50.8022369349796
9.19 59.8324779735296
9.2 61.0084250698496
9.21 32.2152799476893
9.22 45.674052027705
9.23 45.6523141057967
9.24 61.1131827473879
9.25 56.2768792161441
9.26 55.6002625056979
9.27 46.6795801098021
9.28 43.2060602381615
9.29 46.9754928015714
9.3 56.3197873123814
9.31 39.3931607818723
9.32 72.6477240534627
9.33 52.2007569180475
9.34 58.6259921158352
9.35 50.0593971137191
9.36 45.91860162815
9.37 58.8205353807033
9.38 48.3383537279675
9.39 57.3938878196049
9.4 55.8280605544637
9.41 35.9989133242236
9.42 38.6126578178423
9.43 79.5094901485891
9.44 45.6985425995478
9.45 63.0090155199205
9.46 44.7637214947729
9.47 43.3810702270467
9.48 52.8249712430155
9.49 56.5412621272454
9.5 51.2801608947137
9.51 56.5554940198753
9.52 26.8971862041672
9.53 42.292775264075
9.54 48.8366176515245
9.55 51.3856505731093
9.56 59.3122064810278
9.57 62.0994324085086
9.58 23.0781706725819
9.59 47.5983297088532
9.6 54.0732426551939
9.61 37.5322627511921
9.62 53.3995616105261
9.63 54.322074909807
9.64 39.4149959657901
9.65 68.072806128833
9.66 46.152423034487
9.67 60.945261876396
9.68 73.7983822965508
9.69 65.9117500402373
9.7 43.2953931676544
9.71 44.5080586739084
9.72 76.191686367468
9.73 55.3593791161937
9.74 47.7286260455069
9.75 43.023645910929
9.76 63.979404052096
9.77 45.0399093125587
9.78 57.8595188322132
9.79 46.1422670189338
9.8 47.1458642635648
9.81 51.7215845570472
9.82 63.9951036317829
9.83 39.0389686668354
9.84 73.2838373047635
9.85 71.0394418113907
9.86 44.8721019015344
9.87 54.4710803145538
9.88 63.1158227628035
9.89 53.4228998245637
9.9 54.9303427494113
9.91 43.82873279376
9.92 45.3263006670233
9.93 59.0054313994853
9.94 60.2824202138637
9.95 63.5913323205935
9.96 64.8881374807446
9.97 73.3616615495884
9.98 51.8156123863022
9.99 53.6799673111325
10 37.2827524257839
