0.01 3.44943133288378
0.02 -0.395554400418034
0.03 5.0514934535469
0.04 -11.9574624574825
0.05 -4.56830384998661
0.06 8.9310167232952
0.07 2.17268016394881
0.08 4.90005614643422
0.09 -6.38661772730948
0.1 -10.2528037203561
0.11 -1.56467537586533
0.12 18.9912433606275
0.13 -0.377501086177459
0.14 -19.7873983468853
0.15 6.3456225015946
0.16 14.3742617961488
0.17 2.62239549572962
0.18 9.17081117416788
0.19 -4.2756990452882
0.2 8.61665663160281
0.21 6.15543843671063
0.22 -7.49812863243323
0.23 -13.1722243057162
0.24 1.65226926640475
0.25 12.5846860597235
0.26 -4.43103010978767
0.27 0.923059893483982
0.28 -9.76742402999933
0.29 6.03459824228303
0.3 12.8625641908402
0.31 8.56246622723791
0.32 13.3163176096827
0.33 18.9899410997758
0.34 15.2981097415902
0.35 9.50809579753802
0.36 16.5341656506716
0.37 2.39325184482379
0.38 2.75917248254249
0.39 5.28515983457983
0.4 13.1724008393828
0.41 15.6826421935282
0.42 11.8006676236072
0.43 16.4069493503011
0.44 9.99434745299754
0.45 -0.22620122940075
0.46 7.84159135328219
0.47 14.0689760095795
0.48 22.4925460318294
0.49 -9.23902146760101
0.5 14.7054650336581
0.51 -2.89071380879198
0.52 5.20873494319308
0.53 -0.12293102271219
0.54 -0.794371014607017
0.55 -12.1394713330307
0.56 6.00836735289407
0.57 15.3665361468936
0.58 10.3827217027604
0.59 -10.0727771106254
0.6 26.9633116011908
0.61 13.2427537019151
0.62 7.80043751913878
0.63 22.5969145145634
0.64 11.2725840197351
0.65 30.393365511757
0.66 17.0350252528384
0.67 -20.5879621697224
0.68 19.6661786640291
0.69 -7.31147277085392
0.7 19.4220491928284
0.71 13.3195698340506
0.72 -4.6854291345319
0.73 11.0483371341979
0.74 12.8741045891767
0.75 4.80538275926159
0.76 4.65829903811692
0.77 0.623171684063923
0.78 5.15831894143161
0.79 5.63547213479526
0.8 12.6636466168461
0.81 18.4877875929162
0.82 6.67117694651166
0.83 14.6517034809567
0.84 3.98248900274437
0.85 -5.0561341414524
0.86 -12.1519663064931
0.87 24.3688514888426
0.88 1.07820547335781
0.89 8.673610054065
0.9 27.72459290953
0.91 -3.35216701090899
0.92 11.3770047769772
0.93 -2.95600674512659
0.94 13.6768836766634
0.95 6.50894020450576
0.96 18.8590940313854
0.97 11.6456189878434
0.98 11.2967782916551
0.99 16.588786469397
1 -3.22357502578751
1.01 2.81808048345168
1.02 20.8416365787909
1.03 3.32164546694657
1.04 23.3181622532395
1.05 14.5564566818175
1.06 21.0083798959881
1.07 21.0372115698292
1.08 4.78887132312178
1.09 8.68187565125038
1.1 6.98476049970552
1.11 31.2457392764166
1.12 8.17044097044141
1.13 24.6536084555106
1.14 7.9311943770003
1.15 21.526388787459
1.16 2.83681317901683
1.17 9.03612397363435
1.18 27.1760067911514
1.19 6.5585231955566
1.2 6.19763685545719
1.21 3.33634964586227
1.22 16.4112388969619
1.23 20.4284374516128
1.24 10.1203613132432
1.25 5.65948851638693
1.26 12.8403173318035
1.27 3.01951351879452
1.28 9.23963326454621
1.29 4.69206332166832
1.3 -0.0259509122680797
1.31 -3.91358370209562
1.32 0.637136925458813
1.33 9.3825714360777
1.34 9.35274406642542
1.35 13.2764424916498
1.36 25.0559488977785
1.37 -2.71561525509437
1.38 5.97502628494959
1.39 17.8366148077874
1.4 -3.86108215514177
1.41 29.5473482899218
1.42 5.26347674882727
1.43 28.6617924544381
1.44 14.4295609137596
1.45 -9.3187914115567
1.46 11.8227698255607
1.47 0.592881868769439
1.48 15.9016573234156
1.49 10.7384560661724
1.5 19.8164659008164
1.51 21.7229590498738
1.52 19.6811986211495
1.53 17.7617424837794
1.54 15.7067465584127
1.55 22.4025858501106
1.56 25.9109200020903
1.57 16.4032662390901
1.58 11.283106754464
1.59 4.4669039905935
1.6 13.7837127811684
1.61 4.50799230238452
1.62 12.9466922925945
1.63 7.87244994727383
1.64 12.2210201822751
1.65 1.68650029417114
1.66 2.06449196029903
1.67 15.2966268427248
1.68 23.1857231219114
1.69 14.3244739930635
1.7 9.76970433087975
1.71 15.4657336196779
1.72 6.88210824388383
1.73 13.7114693710872
1.74 29.6801947857628
1.75 20.0062298443256
1.76 21.984473198234
1.77 7.13331003311074
1.78 19.304195142179
1.79 8.43344980098824
1.8 21.948114727408
1.81 8.49869652317786
1.82 23.7844556990464
1.83 -3.95354024524806
1.84 0.623043838166467
1.85 27.4556310477871
1.86 27.7163280351792
1.87 9.25606582875148
1.88 15.7091598578336
1.89 12.5212326667495
1.9 -0.66566420532021
1.91 26.3441630857664
1.92 31.1913474720025
1.93 40.613606707993
1.94 10.0381413920564
1.95 18.7888209320958
1.96 -0.905039115219138
1.97 10.0296351350048
1.98 9.76688995890444
1.99 16.3223127590148
2 17.9819013348078
2.01 27.9109375247416
2.02 23.0894341951306
2.03 12.5536356584006
2.04 23.5816512457422
2.05 11.6677208283449
2.06 8.24643903638783
2.07 0.608876358260217
2.08 23.871847002725
2.09 24.6160966759195
2.1 -3.55576496132491
2.11 12.404088071548
2.12 37.9130744151732
2.13 8.17308664114529
2.14 18.7124893423736
2.15 27.2479042573656
2.16 9.98481317993362
2.17 23.3333593762987
2.18 18.8291609555496
2.19 4.85751691007972
2.2 17.1425788955887
2.21 21.7164518901235
2.22 24.4630034411309
2.23 20.0153474792562
2.24 0.865619433133867
2.25 28.7622211092454
2.26 15.4376888760674
2.27 22.2331776796759
2.28 12.4664447342508
2.29 11.0976627814841
2.3 9.34517928536892
2.31 13.9312582098325
2.32 8.96217498055773
2.33 28.8186967880463
2.34 23.2764154543657
2.35 17.8153975872831
2.36 14.5543489935381
2.37 7.0233383252483
2.38 20.082867309899
2.39 26.6668528854195
2.4 -0.497228054225792
2.41 22.0590277562415
2.42 -3.50143164220712
2.43 32.9618092639134
2.44 17.8712860856528
2.45 12.3880841236913
2.46 12.0638833659898
2.47 9.03401321718153
2.48 18.7498573461886
2.49 28.3245739183173
2.5 15.0222474310706
2.51 19.2671128418232
2.52 13.9586296042818
2.53 17.1376689960012
2.54 8.74007399000836
2.55 21.6979867988582
2.56 1.51096647962884
2.57 10.4453801745685
2.58 -1.32380342629659
2.59 14.3245453754664
2.6 19.7568222214628
2.61 28.2982411365948
2.62 16.6110737984008
2.63 30.4740894711196
2.64 26.5981614315126
2.65 27.1802995237365
2.66 12.500770924127
2.67 20.9607966890612
2.68 12.3623682505997
2.69 20.5405352263606
2.7 12.2970742224868
2.71 33.8125885963056
2.72 23.937523876429
2.73 0.420003833014217
2.74 28.0316109756639
2.75 2.39134016891951
2.76 37.8620742439524
2.77 5.65905351699272
2.78 18.2828235015385
2.79 15.3717416998864
2.8 22.9301257757636
2.81 16.9714241747243
2.82 24.2997401408419
2.83 4.58399473738027
2.84 19.571984655486
2.85 19.5038774208447
2.86 25.4170254579284
2.87 4.54812246860013
2.88 14.8703310243392
2.89 22.6234358741905
2.9 9.92454289769117
2.91 23.7272398046207
2.92 31.6274440051485
2.93 19.0024995740826
2.94 12.2009966274605
2.95 24.1138601554352
2.96 22.1176374338291
2.97 13.7185998242909
2.98 14.4037774077662
2.99 15.9265930652462
3 10.97225999992
3.01 15.0704302240562
3.02 11.8093615767357
3.03 26.3904105555021
3.04 21.5921126468602
3.05 17.5786878503294
3.06 31.2196964375531
3.07 35.596748482648
3.08 16.9448855370706
3.09 34.8221632636405
3.1 16.8226692945449
3.11 24.2433808336379
3.12 13.3889007684733
3.13 8.59967944322429
3.14 13.634523546307
3.15 32.2665488653425
3.16 28.8451876458794
3.17 11.6227284013927
3.18 20.6636151339492
3.19 28.9599293253171
3.2 28.5723670820149
3.21 33.6614654680791
3.22 44.2704690795111
3.23 17.624970327318
3.24 18.1268378829772
3.25 5.33059163407014
3.26 32.7449629546385
3.27 22.715521286427
3.28 28.0107981976518
3.29 20.164038464126
3.3 26.6696739670865
3.31 27.0782493788176
3.32 12.739209643172
3.33 22.5135936813656
3.34 2.31557834676102
3.35 17.9596427108732
3.36 26.4114013267177
3.37 25.2131277743649
3.38 -0.711402406667677
3.39 13.2552939574766
3.4 35.1802114443122
3.41 3.38815555294898
3.42 21.8316354329176
3.43 24.6071871196195
3.44 -4.35365036323302
3.45 18.7362561819832
3.46 14.723636882134
3.47 15.7122646599035
3.48 25.7787613946597
3.49 18.7837421652869
3.5 22.4842627473487
3.51 46.5310974013705
3.52 30.7012963265524
3.53 18.6358060363852
3.54 35.8229614768839
3.55 25.3876119710793
3.56 14.2085026315532
3.57 28.37945253499
3.58 15.2623357733094
3.59 23.8289529345966
3.6 13.5654965614741
3.61 13.0513584736253
3.62 15.8679356042136
3.63 26.3135095324419
3.64 42.5093034737118
3.65 32.017680724902
3.66 30.7001977416634
3.67 3.57965886350835
3.68 20.4358550744989
3.69 32.8858221397288
3.7 18.4154507072449
3.71 7.53512401315192
3.72 6.0659327085657
3.73 33.0650460674172
3.74 28.10646361388
3.75 29.0689784596279
3.76 38.245864717188
3.77 44.6284211056006
3.78 17.3443906442811
3.79 24.5097490867744
3.8 20.660880465594
3.81 38.9631392105804
3.82 18.9145473321593
3.83 17.5402086480024
3.84 14.5107560071811
3.85 5.4771913799433
3.86 15.3886213965567
3.87 18.7776528324772
3.88 22.2997905572136
3.89 17.1742960095109
3.9 13.260745532638
3.91 19.0159259569265
3.92 28.3293373499897
3.93 15.6276669720017
3.94 22.4122048205734
3.95 26.1784113085924
3.96 17.9014657913857
3.97 32.7881196964802
3.98 15.0755371976023
3.99 18.8862761806784
4 29.7502199510375
4.01 36.5957303353783
4.02 34.9181854781776
4.03 32.3501277929017
4.04 16.8325773862718
4.05 24.6074605944059
4.06 23.9677680748084
4.07 12.2437909699257
4.08 31.8729928735569
4.09 26.6242129096606
4.1 26.8176257365274
4.11 37.7266515739093
4.12 19.7471615548724
4.13 31.4940788268511
4.14 26.4303138465662
4.15 22.8195626419894
4.16 43.389295122649
4.17 23.7741552332649
4.18 27.2441333478141
4.19 13.0458704249878
4.2 34.2761575399949
4.21 6.56391139147549
4.22 11.9485988447086
4.23 19.8345561710685
4.24 38.3717862477987
4.25 24.0007257735297
4.26 21.7746737200647
4.27 26.463238205614
4.28 24.4005701971244
4.29 24.4312417246408
4.3 22.2456346420096
4.31 17.2566617185931
4.32 20.549568229131
4.33 28.7272366631632
4.34 0.521629581529126
4.35 23.4723653236939
4.36 28.6414638005024
4.37 26.2243169297607
4.38 20.2101596043566
4.39 21.2109004155589
4.4 35.9803274131455
4.41 40.573818184155
4.42 27.2441514614081
4.43 34.0860306366872
4.44 13.1143381128565
4.45 31.4645004910567
4.46 12.729739125834
4.47 37.7539588586677
4.48 34.4689429576586
4.49 19.4642147580188
4.5 47.5453851847889
4.51 26.2452816719252
4.52 10.8471696159795
4.53 21.8750495176334
4.54 23.5686492579237
4.55 48.3249882181202
4.56 29.0022032978514
4.57 32.1131562568425
4.58 33.6251108584309
4.59 26.5286380184256
4.6 23.9848761168143
4.61 32.0229239332433
4.62 10.7930038574194
4.63 23.1079589762356
4.64 11.0910177364735
4.65 30.5423569314989
4.66 37.4226603320615
4.67 28.6004649737011
4.68 27.6280144587969
4.69 43.3474931588171
4.7 19.2413193822885
4.71 45.9820545777551
4.72 15.2050127183128
4.73 13.252313721654
4.74 20.8837542397318
4.75 46.3245525236748
4.76 20.4124703034786
4.77 16.851129565742
4.78 30.7783639117422
4.79 40.692842591137
4.8 27.5961673217788
4.81 32.8342673161739
4.82 32.1795247232876
4.83 30.3892402364633
4.84 38.2824479896891
4.85 13.1854980539445
4.86 19.3194135732244
4.87 38.7627865500066
4.88 1.0606042203256
4.89 27.5842603829487
4.9 12.1661202493624
4.91 17.7225823224376
4.92 4.82513237284713
4.93 36.2499445183041
4.94 49.5758686262148
4.95 12.8476037979873
4.96 34.7023170539058
4.97 32.461220066767
4.98 50.592885532328
4.99 18.3419961263453
5 45.6628340467262
5.01 36.0053029287651
5.02 18.4895553508285
5.03 39.9944320117012
5.04 21.5229803848649
5.05 34.2556900193271
5.06 27.026869003174
5.07 30.7751782401574
5.08 29.9472079369858
5.09 31.3755052701195
5.1 39.4367386816095
5.11 33.5607905188725
5.12 33.6490577643261
5.13 29.3706266094448
5.14 40.2105242319954
5.15 31.5970573925819
5.16 30.8514843896006
5.17 31.7801515369388
5.18 24.4857564639447
5.19 23.8478076159479
5.2 37.7789958490782
5.21 28.2348498543139
5.22 32.160133566095
5.23 26.3779752307685
5.24 39.373127327611
5.25 30.5195462114381
5.26 29.870555644665
5.27 28.4654925466766
5.28 24.3022724795508
5.29 43.4953337909934
5.3 24.5758894859386
5.31 25.8381524458473
5.32 46.060156694599
5.33 25.8613913675038
5.34 25.391057354113
5.35 27.7152691661764
5.36 47.1640209971683
5.37 21.5299768059906
5.38 40.754108139873
5.39 27.1885617859458
5.4 44.3403921600787
5.41 28.1466251477056
5.42 40.2415711080544
5.43 25.0179659458755
5.44 40.2641545644693
5.45 24.6064929419046
5.46 38.310904539367
5.47 15.2296083044926
5.48 35.3309434570514
5.49 25.2797944481749
5.5 26.2563565467353
5.51 72.79506261671
5.52 35.0717514698489
5.53 28.934050117961
5.54 31.5874938140286
5.55 24.1183612333982
5.56 45.5406038304163
5.57 46.780303750634
5.58 18.1074806306151
5.59 14.8887153266672
5.6 28.3543535001693
5.61 49.2785977731863
5.62 37.5324678343863
5.63 32.8613909126841
5.64 13.6784237847008
5.65 48.5540881468389
5.66 30.0821362110476
5.67 33.6931338224122
5.68 55.9491149216288
5.69 30.6387982410608
5.7 43.3973054043342
5.71 56.401356070949
5.72 40.1921190764706
5.73 42.8120953616156
5.74 19.4937232998067
5.75 42.5797615789732
5.76 30.3333442725787
5.77 14.3712284211433
5.78 30.9666670939158
5.79 37.8889515798628
5.8 37.4313607113472
5.81 22.5915243855435
5.82 31.9477893311746
5.83 21.0200250593852
5.84 36.7050452877455
5.85 48.2411492954915
5.86 44.7601348076796
5.87 38.8999497995064
5.88 26.5468783004269
5.89 21.5867037275956
5.9 36.0019114104592
5.91 33.3968017971613
5.92 36.5034458059661
5.93 21.1818091262894
5.94 41.8740290674704
5.95 47.0903588105134
5.96 35.574899054558
5.97 32.2686877735327
5.98 43.5371129795878
5.99 23.8168894662372
6 21.7902459246244
6.01 30.1135451571519
6.02 31.0009946642221
6.03 36.6967187787427
6.04 31.3907236010843
6.05 54.609190388334
6.06 30.4808738752712
6.07 42.227548625228
6.08 36.9674988718573
6.09 12.1558801707411
6.1 34.3955077506042
6.11 35.8179384866966
6.12 31.0646514556761
6.13 45.1247257839681
6.14 21.0589403812887
6.15 32.0971096181145
6.16 33.2078616664921
6.17 39.5123526742792
6.18 29.0076661894568
6.19 24.5780492351147
6.2 32.0034555936455
6.21 27.6670447850689
6.22 15.5177945278546
6.23 51.5716219223369
6.24 56.4097492074733
6.25 29.3032621387545
6.26 24.440098155555
6.27 47.6610128246592
6.28 39.6259921124635
6.29 38.1271955945586
6.3 42.5604977374273
6.31 42.6517129331523
6.32 34.1998420217934
6.33 63.3048769860137
6.34 33.7890769289548
6.35 35.9909168513326
6.36 40.0816090195159
6.37 38.7152764828192
6.38 36.4821401146578
6.39 31.9526887983336
6.4 25.069422834417
6.41 37.0303827016334
6.42 20.9537307399706
6.43 33.3463178913323
6.44 40.3595352104419
6.45 38.733989259451
6.46 63.1007718731779
6.47 41.9451194889567
6.48 29.1623668602529
6.49 37.7220033989858
6.5 24.5516114039328
6.51 35.6210429987562
6.52 24.4170623415563
6.53 48.2952427581888
6.54 30.9821030872893
6.55 42.201422651948
6.56 50.2025711191526
6.57 26.4399896594003
6.58 21.0842450890732
6.59 26.0055779067322
6.6 23.7574405092806
6.61 24.9119398208376
6.62 43.7912913447321
6.63 31.0238198602086
6.64 29.8931260624699
6.65 40.9770433446799
6.66 32.2155597799963
6.67 35.6424728349001
6.68 37.8641757605365
6.69 45.5281736738728
6.7 45.866403096162
6.71 26.0170209968862
6.72 22.5548941221201
6.73 50.2911505304144
6.74 15.9477823944109
6.75 34.4336503731913
6.76 43.9438431614621
6.77 43.3933250987107
6.78 19.0368883211504
6.79 46.741581724733
6.8 48.1779962484897
6.81 38.1547615049159
6.82 43.723343246811
6.83 30.4587237782195
6.84 32.7998146334059
6.85 39.3168935334
6.86 48.4553063109796
6.87 36.0138865867811
6.88 39.7548524940828
6.89 34.4336861245013
6.9 10.8625992710057
6.91 40.6150782908728
6.92 42.5135840500845
6.93 41.0260101800847
6.94 54.3275317458538
6.95 42.4506430244309
6.96 45.8280847488652
6.97 37.8309409122365
6.98 31.4646705771537
6.99 42.9634614253372
7 36.3271402653473
7.01 46.9642573727968
7.02 48.237871318968
7.03 25.59884981336
7.04 38.2431590842411
7.05 38.9150524362062
7.06 43.4622951272315
7.07 38.2850677090525
7.08 45.9073961453906
7.09 40.0581635045236
7.1 51.1424981170706
7.11 33.1832282363805
7.12 46.848895347265
7.13 46.6880481564867
7.14 43.3679497462831
7.15 36.5421891021012
7.16 38.1311719703187
7.17 46.9275157957539
7.18 29.9184899134356
7.19 42.7520364813007
7.2 37.1950305310288
7.21 35.2499916606848
7.22 15.6302250882528
7.23 32.9144323228119
7.24 39.4194285505198
7.25 48.9203792998923
7.26 40.0844071612298
7.27 36.7396126159549
7.28 36.0794199040135
7.29 46.1457475278277
7.3 37.2191375620657
7.31 63.8679032327473
7.32 41.3662770984253
7.33 52.6975046570004
7.34 32.1146204553387
7.35 44.476248438636
7.36 40.3621022324117
7.37 52.2171120838045
7.38 52.7840525307541
7.39 35.1629671138744
7.4 37.8428459664745
7.41 41.9072841552382
7.42 40.3308246657269
7.43 38.4367527294305
7.44 40.1030463147616
7.45 55.8000105419655
7.46 60.7430855257895
7.47 33.1233195080545
7.48 38.9601509125418
7.49 59.9615078043918
7.5 42.1831968172205
7.51 37.1922093507724
7.52 35.0148240091269
7.53 57.1161970618645
7.54 34.2519959296817
7.55 37.8346249244293
7.56 41.7891796002479
7.57 63.5073929324856
7.58 43.1875908651453
7.59 35.680806428432
7.6 52.4650752741918
7.61 53.4077786713832
7.62 49.35876356626
7.63 50.7172545270839
7.64 50.1472338333293
7.65 52.2722550512079
7.66 50.3085070284904
7.67 21.6058800459492
7.68 42.637024784447
7.69 21.5393616912343
7.7 32.453706146304
7.71 46.4207684111452
7.72 33.3266100426069
7.73 62.5243139954663
7.74 63.8265916464382
7.75 45.6958035779154
7.76 41.8311648421777
7.77 41.2896024655138
7.78 17.8576348264197
7.79 67.074019704002
7.8 42.7929082444732
7.81 53.7415707600602
7.82 37.1054173563841
7.83 32.0504590329256
7.84 34.3520781082343
7.85 53.9650712182956
7.86 38.1191454833687
7.87 42.5638702020933
7.88 45.7194865460995
7.89 42.4351127079484
7.9 43.7694260386423
7.91 34.1902764112632
7.92 56.2203783600071
7.93 38.9772194433185
7.94 43.6577680394648
7.95 35.0869942051514
7.96 51.8578608791355
7.97 37.4139272515227
7.98 44.4442756029362
7.99 33.0999653852232
8 47.5907469512107
8.01 62.0339056499471
8.02 55.8237408192529
8.03 55.2624622898589
8.04 47.3212406701893
8.05 38.5162592031454
8.06 37.3366743598568
8.07 59.2248213951643
8.08 50.7538217738917
8.09 19.4081893339879
8.1 55.1375471529834
8.11 40.975945169515
8.12 46.4084195325395
8.13 51.1696871744612
8.14 22.0650366311814
8.15 31.0865150039863
8.16 33.4545690212145
8.17 26.4255915650384
8.18 38.7620314956739
8.19 56.9897467030487
8.2 41.1897186681221
8.21 51.0855856268942
8.22 51.7326061370696
8.23 39.1023986719181
8.24 42.9029622761659
8.25 33.1031905165587
8.26 43.4126578608639
8.27 42.3464828148306
8.28 38.2562319218381
8.29 44.6296095078892
8.3 42.9624794117372
8.31 52.5659397613793
8.32 53.1823602269455
8.33 51.4500653560076
8.34 47.7234655216104
8.35 55.8522968955349
8.36 66.9051953554092
8.37 42.5757141289015
8.38 49.497005541588
8.39 42.6513501987683
8.4 57.1379280766723
8.41 55.6111915459779
8.42 40.5975095889415
8.43 47.618556807553
8.44 38.7352710669152
8.45 62.1523492467379
8.46 60.4117516013998
8.47 46.1612057753302
8.48 50.0672513057949
8.49 50.4622182750774
8.5 50.6664158245035
8.51 47.2994074145552
8.52 47.5420892613988
8.53 41.9529920705482
8.54 45.2560704797305
8.55 52.2346644880049
8.56 50.6576491231612
8.57 65.9402899392863
8.58 50.7708331684458
8.59 48.7391203303155
8.6 30.8625510719485
8.61 66.4425656842899
8.62 54.657729306751
8.63 43.8597508523265
8.64 44.4547284369269
8.65 62.1840562288297
8.66 43.5954450465683
8.67 63.7305446685789
8.68 39.9123695509411
8.69 60.5261716874237
8.7 48.416877308177
8.71 44.1680914127915
8.72 35.4337227706358
8.73 47.9703611842263
8.74 37.7529479898625
8.75 48.3384160124129
8.76 32.8399320240216
8.77 49.7338319687415
8.78 49.1409849849312
8.79 50.0618365499547
8.8 54.5151001906466
8.81 41.8794599973782
8.82 60.0546474435686
8.83 23.8713820022418
8.84 57.0965524255464
8.85 55.3149797652034
8.86 42.8275645706905
8.87 37.8335666022453
8.88 46.2324380077671
8.89 56.102743879858
8.9 52.5409579184362
8.91 45.8456730569052
8.92 26.5837857202201
8.93 49.4862831719606
8.94 50.0587271344098
8.95 50.9260012781711
8.96 59.042522898442
8.97 46.1017468181748
8.98 80.0975570201982
8.99 59.5466037752252
9 37.2133397524832
9.01 47.8176213728386
9.02 53.3871446065926
9.03 46.8084651883705
9.04 43.6093158450136
9.05 44.6363620511111
9.06 46.0545197792831
9.07 73.1779714280882
9.08 51.6839785498993
9.09 36.9474442630338
9.1 71.4223404010347
9.11 58.9886814217668
9.12 49.5332229695104
9.13 55.5449814290802
9.14 63.3280505812505
9.15 57.6439283009608
9.16 54.96796382779
9.17 42.9187251620946
9.18 48.392843979911
9.19 46.9501433078164
9.2 49.0717577419731
9.21 52.1171161246205
9.22 54.8074083078581
9.23 43.0552198180947
9.24 60.3686951857329
9.25 44.5073969260141
9.26 65.9104269205308
9.27 44.7343835820607
9.28 61.3316356442863
9.29 61.821925440407
9.3 45.8917953604269
9.31 62.3599847766644
9.32 45.3962371636772
9.33 56.351997825961
9.34 40.2569456444585
9.35 43.6232995822118
9.36 56.9211879538302
9.37 47.6870037961172
9.38 52.2395315697368
9.39 50.1359459986003
9.4 48.9804418214635
9.41 42.658186672725
9.42 63.0045988783696
9.43 45.2105069823199
9.44 46.8603929165604
9.45 54.2432677550735
9.46 61.6456756600123
9.47 48.1502880479387
9.48 65.9403759902561
9.49 40.9147382817533
9.5 44.6722919722307
9.51 65.7214749351526
9.52 53.5062144785095
9.53 43.4083358192813
9.54 46.4118079873518
9.55 44.7012645748885
9.56 64.897345615093
9.57 56.1375201138168
9.58 45.8295707743182
9.59 69.7819646495344
9.6 72.4360645358783
9.61 65.0090605334147
9.62 82.4131289671074
9.63 54.4203782825457
9.64 39.0149505823969
9.65 71.3929459578279
9.66 42.7333401408578
9.67 52.9242527059772
9.68 48.850689324852
9.69 72.7739114631622
9.7 58.1859950054878
9.71 56.1124397405043
9.72 44.1144927843269
9.73 68.1080257076291
9.74 42.1852671542413
9.75 61.8731323820236
9.76 56.2176842171956
9.77 69.6508257656973
9.78 52.234993874145
9.79 50.8565823104263
9.8 55.410459906831
9.81 57.4170185331324
9.82 65.1844944640167
9.83 25.0557599226733
9.84 51.619047527388
9.85 42.6964128564928
9.86 64.9065724244645
9.87 44.3782968255683
9.88 54.0440536561132
9.89 62.5301769374658
9.9 50.4345266385658
9.91 42.2880213937726
9.92 44.7331458093863
9.93 59.1947009585535
9.94 47.4055983243077
9.95 66.2703687520798
9.96 54.6044341403949
9.97 62.9914776433334
9.98 56.2438874189298
9.99 71.6938801397764
10 47.9256413388582
