0.01 11.528333350905
0.02 5.18467721944958
0.03 -4.44655455066431
0.04 0.469467072853474
0.05 15.0890935481871
0.06 12.2865127682289
0.07 10.0433602092609
0.08 7.23150784398301
0.09 17.2043597590536
0.1 5.06974049579087
0.11 -4.90333005955258
0.12 3.23491769149129
0.13 -1.26595025763642
0.14 20.8168075625715
0.15 -8.50690382562756
0.16 3.36173561003044
0.17 2.84624372151288
0.18 -7.05928836760188
0.19 4.89475041127762
0.2 8.79051185902383
0.21 -5.40277912103385
0.22 11.690516872471
0.23 1.53797396390114
0.24 10.7443684375557
0.25 5.7745275163757
0.26 -10.802572241223
0.27 16.2046937973112
0.28 10.7408617496525
0.29 -7.05421672500429
0.3 2.22639122134771
0.31 7.56414544150682
0.32 -0.565563081533962
0.33 -10.3973538533028
0.34 2.0956303227197
0.35 6.2026873461107
0.36 -3.57466788765852
0.37 9.96675036565699
0.38 -14.9603253825313
0.39 0.422246373613001
0.4 20.2665781226535
0.41 -3.38110908319183
0.42 18.6417035903231
0.43 18.1791834878115
0.44 6.44177213949343
0.45 6.78348346338796
0.46 7.53487839375907
0.47 5.95429778816938
0.48 0.154171694772003
0.49 23.549488592384
0.5 15.9533208496704
0.51 1.32384782465012
0.52 15.332520426184
0.53 18.7035824848465
0.54 7.70916284103863
0.55 12.3107725647406
0.56 17.5665356528601
0.57 25.1855547872482
0.58 17.4606874759999
0.59 -9.79204059806942
0.6 6.38259208369018
0.61 16.501771565106
0.62 0.553070552408541
0.63 0.0509303095072946
0.64 2.89982944878359
0.65 5.65660913874428
0.66 9.39425838522396
0.67 5.73048395680651
0.68 9.71313169086346
0.69 10.4875687742673
0.7 7.61368906304793
0.71 18.5200998961477
0.72 14.2167290615454
0.73 -0.248318056751893
0.74 5.87552020011336
0.75 -2.35315831168086
0.76 12.9318000644425
0.77 12.7128719266786
0.78 22.2148629477664
0.79 -1.31267105274117
0.8 12.1541583465271
0.81 18.6973325748328
0.82 -13.116444710431
0.83 3.49664368004515
0.84 15.2348087051302
0.85 6.75748746332111
0.86 11.2912211388922
0.87 14.0919603000314
0.88 0.915172224188861
0.89 27.4021017750313
0.9 12.9139074204804
0.91 -0.644084163732336
0.92 14.4592864991202
0.93 -36.7046501175172
0.94 28.1191472441136
0.95 2.33558493092926
0.96 -2.97922885016113
0.97 14.405069410924
0.98 -6.0999435412584
0.99 -5.66874459155821
1 12.8700361179196
1.01 4.14189599572779
1.02 2.57690485987508
1.03 4.15188266226957
1.04 11.8362541824757
1.05 14.8179817066881
1.06 6.91285917805044
1.07 6.43971760649578
1.08 -3.86816187240766
1.09 7.92533024914061
1.1 12.7108466215025
1.11 6.90179530846856
1.12 9.1374971819119
1.13 -0.840251455775168
1.14 3.09563886557108
1.15 9.94527777140322
1.16 20.6189098472463
1.17 15.4579419025833
1.18 16.8546333874168
1.19 17.0969477839667
1.2 13.8688716025116
1.21 -8.31498395319373
1.22 15.0853997314857
1.23 -4.43790802928943
1.24 -17.4069500054527
1.25 -14.3774505268552
1.26 11.1286460840978
1.27 6.53223814501938
1.28 7.32224547988215
1.29 10.9407318086458
1.3 25.1152576927067
1.31 8.21213745711236
1.32 10.5295489585543
1.33 7.56083815033195
1.34 -12.6508852212315
1.35 10.9169620709969
1.36 30.5445212426204
1.37 4.16737856650814
1.38 7.90375787926813
1.39 2.28299427608785
1.4 -14.5295684533012
1.41 16.1457871954823
1.42 5.01382726955553
1.43 12.4202010060924
1.44 10.6461921243894
1.45 13.5560357961557
1.46 7.64472719698644
1.47 9.33830657756307
1.48 16.2394028314796
1.49 23.6105836002796
1.5 15.9143303696855
1.51 16.2446834627517
1.52 18.6016013616957
1.53 -1.76103345390551
1.54 27.0616831797977
1.55 -2.1744953552963
1.56 8.63437618829366
1.57 18.8376175167986
1.58 13.4811342324609
1.59 36.4038948675872
1.6 13.5696952962906
1.61 23.7521651311328
1.62 1.92964570616821
1.63 14.9028602276507
1.64 10.3109303494752
1.65 3.50770644592506
1.66 15.5167282723282
1.67 -9.19539076751778
1.68 19.4103050098826
1.69 29.2058644558808
1.7 18.8578221178434
1.71 25.7133042517225
1.72 13.7698251190978
1.73 32.8466366364417
1.74 5.80798457256958
1.75 22.167766258631
1.76 15.5337731191407
1.77 18.7372673404717
1.78 6.17545882532896
1.79 13.9253288854449
1.8 10.0018177405098
1.81 -0.0678342947443227
1.82 16.4795824135794
1.83 17.8810294856419
1.84 6.51404063703188
1.85 27.8469858837466
1.86 28.4969962719228
1.87 16.6464586902261
1.88 7.25358635376393
1.89 13.0756393706458
1.9 -5.00068359705309
1.91 21.8259550366988
1.92 18.8000636498522
1.93 -4.82574970547959
1.94 18.344895725517
1.95 21.5122361655311
1.96 -8.77165922128789
1.97 26.2726963068897
1.98 -0.447075310240896
1.99 20.6660987824931
2 6.25673779976171
2.01 25.8134079932448
2.02 20.6187746947506
2.03 9.3710473129005
2.04 3.89693665804801
2.05 11.5830423382825
2.06 15.9847632513348
2.07 8.2587012156069
2.08 13.3138891213227
2.09 15.3299512428387
2.1 -11.6783672531777
2.11 25.9712665398606
2.12 13.9546282049154
2.13 3.86153420911922
2.14 0.218843500639721
2.15 16.3889840143291
2.16 19.5976697657606
2.17 26.5959159010485
2.18 20.0886953187474
2.19 36.4750085741439
2.2 5.63988750430063
2.21 4.04987592824367
2.22 16.3659883599565
2.23 13.480392966772
2.24 -1.83428295783594
2.25 31.1424832181601
2.26 0.395641281241636
2.27 7.42289519030262
2.28 7.12671854431088
2.29 23.550134494388
2.3 33.920398198486
2.31 0.327625747854562
2.32 16.0671373426143
2.33 3.97116872134363
2.34 22.4397928960049
2.35 27.8380169919064
2.36 17.1351302758723
2.37 -3.02008502165922
2.38 15.5431072104181
2.39 7.40342210076047
2.4 22.2238083766
2.41 22.3177183779073
2.42 14.3952554767592
2.43 3.29728688565884
2.44 21.2244580453635
2.45 16.7492672324349
2.46 3.87451113386616
2.47 32.2194221211316
2.48 -1.75489964922939
2.49 23.9065327632715
2.5 22.2019854131032
2.51 -6.89102445280537
2.52 14.8826177752139
2.53 7.19251023515605
2.54 16.631704127331
2.55 22.1603054272738
2.56 5.14402934071838
2.57 22.3787455656442
2.58 17.9843520427928
2.59 9.29810261130825
2.6 32.6703749010379
2.61 3.99056204324921
2.62 24.9577341106799
2.63 0.688134651242464
2.64 25.8619295994946
2.65 31.0080746523413
2.66 6.09098124731554
2.67 20.0142621688884
2.68 10.1938387629588
2.69 27.9429001374797
2.7 -0.776109644253792
2.71 2.54658018814306
2.72 13.8164201574188
2.73 26.4727976189375
2.74 16.8291579408726
2.75 24.9233427097665
2.76 20.2513233540789
2.77 24.9481200717345
2.78 24.1873692851666
2.79 15.9196457023738
2.8 21.8571299538188
2.81 21.5893158631485
2.82 28.0566943897663
2.83 10.0825618763491
2.84 11.192672693734
2.85 9.5377842549222
2.86 8.85756717802514
2.87 28.3156435524796
2.88 10.1592335654919
2.89 41.4274274271396
2.9 34.3932131072726
2.91 30.9109525748047
2.92 16.9310679588755
2.93 29.0789478430383
2.94 41.8015333565163
2.95 27.8360024515757
2.96 -3.06536357451373
2.97 23.7404579919597
2.98 20.3248404276825
2.99 14.2386136307542
3 14.2073475486426
3.01 11.2392517773804
3.02 19.2759408487082
3.03 7.913606861458
3.04 23.9939348683384
3.05 19.419762965041
3.06 38.1077560469963
3.07 23.4773769779981
3.08 24.1058446584472
3.09 26.9189636003404
3.1 0.0537123185096462
3.11 15.7848593625566
3.12 19.6249080072518
3.13 33.3015590653708
3.14 14.0378390558454
3.15 17.4196925791641
3.16 10.1582714528082
3.17 27.799704594274
3.18 9.86753792122427
3.19 12.5638598703082
3.2 3.18448493094878
3.21 23.3060170556025
3.22 30.5936864074747
3.23 17.8507547533333
3.24 27.960613277806
3.25 20.4125191722245
3.26 15.5594792538605
3.27 21.4832287016909
3.28 11.5516952278086
3.29 30.0559437686797
3.3 12.5590112080532
3.31 16.4761299018284
3.32 29.9677263294311
3.33 28.1240193975585
3.34 34.0168499268554
3.35 14.3923152287269
3.36 28.5818022281853
3.37 29.2644950515954
3.38 36.5477401471263
3.39 31.1756927594642
3.4 24.5948888173023
3.41 2.65131264127111
3.42 19.6090529710521
3.43 18.1133518292188
3.44 17.2002010483693
3.45 22.4153894243904
3.46 15.7597845573422
3.47 16.0329819029738
3.48 25.5256230246869
3.49 33.3392626273734
3.5 26.6553031382876
3.51 15.762608469973
3.52 22.6886277155701
3.53 25.5765011412454
3.54 35.4995064440921
3.55 37.4138608010693
3.56 23.0134456984451
3.57 16.4024006667756
3.58 39.9962098141967
3.59 18.4779804180116
3.6 30.9337325035909
3.61 39.5126739994452
3.62 25.6255426974465
3.63 39.8182527996197
3.64 30.6090439945474
3.65 28.6674843300155
3.66 21.3035149986918
3.67 32.5443007317846
3.68 35.0073674067038
3.69 30.3670550308323
3.7 18.5567523138243
3.71 31.1044114198359
3.72 24.8111082294245
3.73 40.733465935366
3.74 14.6135299997876
3.75 13.9646638817661
3.76 26.2180967997612
3.77 26.6592936181431
3.78 24.633819412473
3.79 24.5718360959072
3.8 22.983794564801
3.81 20.3342643633698
3.82 21.54548150508
3.83 27.131882672973
3.84 24.4012865443657
3.85 17.9359872502488
3.86 25.5280048081482
3.87 7.4773757953632
3.88 13.8346621467014
3.89 34.7686826052921
3.9 27.7144968454139
3.91 36.8082792355915
3.92 33.0128746777635
3.93 15.1713259490219
3.94 28.1917972238672
3.95 30.2766967441002
3.96 33.0002303117053
3.97 15.9522948035593
3.98 14.5818799785016
3.99 25.1968050458161
4 17.6833965814227
4.01 34.5803655682058
4.02 5.78756426369184
4.03 29.7306035830414
4.04 31.6548097708
4.05 43.9501628355475
4.06 18.2326720598061
4.07 24.4936086088837
4.08 11.9659512994361
4.09 31.9230091696376
4.1 32.7971573255971
4.11 25.584357371791
4.12 14.8664498758883
4.13 32.672588061268
4.14 34.8128178602675
4.15 30.8718595602647
4.16 25.4298389603866
4.17 27.1081318099889
4.18 45.3802440452925
4.19 23.1947664084624
4.2 11.9182355817664
4.21 28.5450871798628
4.22 23.7738112998309
4.23 35.233333458463
4.24 26.8790165210917
4.25 28.8033610265288
4.26 29.8009723027217
4.27 26.5560432774734
4.28 42.2615204036162
4.29 47.9350601086788
4.3 27.4152347376698
4.31 32.7468108860766
4.32 10.3200707146183
4.33 36.65851977896
4.34 37.1620533582718
4.35 23.2072412072418
4.36 35.5672766329115
4.37 24.9753903381945
4.38 29.7320168718565
4.39 22.7762163014122
4.4 31.3816599103317
4.41 31.1497695657356
4.42 43.9540804902613
4.43 27.0560784675869
4.44 35.619926346465
4.45 48.6605270136355
4.46 21.8381511026957
4.47 28.8654404207105
4.48 23.0628652245665
4.49 40.8093117418014
4.5 24.9743048399624
4.51 31.6210374805158
4.52 32.6422030736339
4.53 38.3257140840277
4.54 32.252935183629
4.55 11.7707649596524
4.56 38.4631514203572
4.57 28.5052389950616
4.58 28.0387420826215
4.59 14.6208146684181
4.6 1.50801732735451
4.61 35.5643755195171
4.62 28.8713492792798
4.63 20.9033948137593
4.64 29.3797903958686
4.65 37.9198823063006
4.66 33.9731314524176
4.67 29.915200806397
4.68 33.5036250303397
4.69 18.6232686691271
4.7 19.2422962172906
4.71 36.8800770759837
4.72 18.5107295925741
4.73 14.8452996813209
4.74 19.6253075780854
4.75 38.2289926702591
4.76 24.8572208813204
4.77 7.98164248843026
4.78 40.5908670036702
4.79 36.6522599495694
4.8 33.8271089018034
4.81 34.9330765005976
4.82 32.2794709420935
4.83 25.8196846512262
4.84 33.9467498329654
4.85 36.523279156362
4.86 3.09045487033373
4.87 46.8500449233032
4.88 38.1776225471228
4.89 37.5127176259472
4.9 17.545326838499
4.91 22.4156530992298
4.92 26.072035843627
4.93 31.5995186759584
4.94 33.0715775740548
4.95 16.1807829423881
4.96 32.673361519273
4.97 33.0886548725805
4.98 41.5109495377426
4.99 37.931200616373
5 33.5708969093074
5.01 19.2599351858636
5.02 23.66884376589
5.03 43.6017145522458
5.04 31.427221600396
5.05 30.0997378076602
5.06 36.5486253679465
5.07 55.2213589157899
5.08 24.0091641225169
5.09 38.8716394298187
5.1 42.0977410354469
5.11 31.897773732473
5.12 10.1032373228119
5.13 40.9550461243065
5.14 33.2737150305938
5.15 26.6788427653316
5.16 24.010540353316
5.17 29.8161174809071
5.18 39.1674545969952
5.19 35.1143551109515
5.2 38.9204659197031
5.21 27.03784604406
5.22 17.4887590080208
5.23 27.3998786540122
5.24 30.8122725221515
5.25 24.8961751388525
5.26 13.1144414267997
5.27 39.8975238496808
5.28 23.0282641150067
5.29 21.5265050594856
5.3 44.4432375516638
5.31 9.49864907123118
5.32 32.6715515042138
5.33 35.5790954789368
5.34 43.1250484602752
5.35 47.4642120187968
5.36 13.12821444175
5.37 24.7300874942601
5.38 40.804084249529
5.39 42.1176389200145
5.4 49.3913327073588
5.41 25.9984262679048
5.42 37.5190529805495
5.43 45.3991628825671
5.44 28.8517519673189
5.45 23.8489705434885
5.46 41.1942293731349
5.47 17.6317280298381
5.48 17.0656966668152
5.49 56.1174127215359
5.5 25.0283877307278
5.51 0.14850254608724
5.52 32.3884837908328
5.53 32.1785922621845
5.54 48.2202160674565
5.55 39.6014303258928
5.56 18.955153302437
5.57 40.5253994610197
5.58 40.4626825645514
5.59 35.2723577606658
5.6 52.053429336383
5.61 34.7778035917815
5.62 44.4523127877183
5.63 29.1669027056069
5.64 28.504761549537
5.65 12.0491691554896
5.66 38.1289329936133
5.67 45.3645431450009
5.68 25.2361233864147
5.69 31.4942455403095
5.7 41.0301531432142
5.71 33.1379150747033
5.72 38.5249768744674
5.73 34.8682919901537
5.74 50.5520425148528
5.75 43.8233213610919
5.76 26.3182618030939
5.77 27.7433678378842
5.78 31.5845687538537
5.79 37.4182356943456
5.8 26.7535463998701
5.81 31.7273501999902
5.82 31.6053546176993
5.83 23.0927787772952
5.84 37.1670778215718
5.85 42.8804920447105
5.86 29.5882553204573
5.87 43.7106207589447
5.88 28.5183515775381
5.89 48.8436498036499
5.9 36.563038565757
5.91 42.2262306177408
5.92 35.1880667622593
5.93 28.5400159352763
5.94 40.1557637717819
5.95 40.1710691294963
5.96 13.6739569825408
5.97 28.4953559765001
5.98 22.5656449379246
5.99 33.757104576939
6 35.6886310114659
6.01 27.3468428328742
6.02 31.2811001941307
6.03 21.0718160711208
6.04 40.7132886134942
6.05 20.8986702987199
6.06 40.1419997156009
6.07 42.3644240828078
6.08 33.1185275170055
6.09 62.7531225215316
6.1 43.1275608513577
6.11 43.2929049440662
6.12 17.3877635076185
6.13 17.8353287742611
6.14 24.6108190102166
6.15 35.4555958151385
6.16 27.6025337819798
6.17 40.924064594152
6.18 46.9591504051526
6.19 39.1082716570403
6.2 44.4907651812699
6.21 43.3725959467812
6.22 36.1866052918537
6.23 46.5531765770792
6.24 38.9112281660746
6.25 40.8454769358791
6.26 28.6187951884547
6.27 15.5111862931693
6.28 44.0429969533616
6.29 42.2147184110535
6.3 44.4045181459363
6.31 30.6181222404668
6.32 49.7215358617525
6.33 40.0113702432961
6.34 37.6557913845122
6.35 33.4430693929447
6.36 39.4687095184325
6.37 29.3643007134085
6.38 22.1898805238616
6.39 46.3110139022896
6.4 41.9505161998427
6.41 41.1688295410748
6.42 20.8670803078207
6.43 43.7308271426105
6.44 36.5689744787353
6.45 25.316700576911
6.46 23.784488271194
6.47 30.645558092649
6.48 54.6691731239448
6.49 27.6202662284735
6.5 30.6629264134627
6.51 49.4774717197271
6.52 41.461862061887
6.53 23.0208584872457
6.54 38.8637676023816
6.55 43.1745845758969
6.56 35.4336250760318
6.57 31.5327983881142
6.58 31.5746321385417
6.59 54.7929283932425
6.6 29.9787546342401
6.61 39.1718132699551
6.62 40.2671016452154
6.63 42.0542170359767
6.64 29.1981071270059
6.65 40.676779832226
6.66 44.450199583893
6.67 25.8774628890217
6.68 39.1891223618763
6.69 45.047979868576
6.7 44.2496206482709
6.71 36.8148320098063
6.72 42.9987899074369
6.73 43.3255069769083
6.74 29.8992915201791
6.75 39.5670543359963
6.76 40.8120817747343
6.77 31.5626110206692
6.78 48.0484426619442
6.79 39.6284626821434
6.8 31.7818857724299
6.81 37.1312030927145
6.82 50.3569432437707
6.83 30.9181906933243
6.84 45.6722730169429
6.85 28.3500624355725
6.86 23.9003418198874
6.87 37.4290120180546
6.88 36.6508302874642
6.89 52.8448973440062
6.9 42.4136435149807
6.91 39.2802741559755
6.92 36.4095845957938
6.93 38.9206855084166
6.94 33.0024539943754
6.95 51.3391061181738
6.96 32.424130573386
6.97 39.1681372703579
6.98 40.4750806282874
6.99 30.2190286697655
7 46.7665246907525
7.01 53.5802814391291
7.02 49.5481752253782
7.03 32.2463661083456
7.04 26.9381609414039
7.05 34.001982640021
7.06 54.0040477243776
7.07 40.896282879589
7.08 48.6902026554561
7.09 35.2692363026396
7.1 49.6414050580474
7.11 37.8039998873586
7.12 46.7743452326409
7.13 28.1899150934866
7.14 45.6737466552203
7.15 47.9361089548412
7.16 40.9093645617243
7.17 41.5214135400061
7.18 60.8182226617092
7.19 34.9051374386141
7.2 51.5726824940741
7.21 30.4370676769774
7.22 53.7291672694041
7.23 48.845217102103
7.24 23.0702596207576
7.25 47.0681368598538
7.26 27.3418679230005
7.27 54.1055767921784
7.28 26.2453825183966
7.29 39.1077434021572
7.3 54.6154402316843
7.31 38.9232427061597
7.32 51.6885410675551
7.33 47.8037684925909
7.34 27.8747529894633
7.35 51.744309940672
7.36 46.3956857603023
7.37 50.5787456581845
7.38 50.9118247744258
7.39 49.0588172738519
7.4 42.7003381499651
7.41 54.2385431194866
7.42 37.1198120820656
7.43 45.5837875063665
7.44 40.1899996092621
7.45 45.5435918751846
7.46 46.2518857880005
7.47 37.492284360808
7.48 40.6459964860905
7.49 46.9873873133164
7.5 40.0907940538239
7.51 45.8284579223498
7.52 46.4937319123519
7.53 49.4331684176055
7.54 39.9182026450224
7.55 35.4285239831861
7.56 46.6954129309913
7.57 39.4409894172545
7.58 46.1566116933796
7.59 46.5072282296908
7.6 40.9363529859444
7.61 75.3663123006128
7.62 28.6998127867833
7.63 46.934234920798
7.64 40.0034154225469
7.65 13.354762312905
7.66 41.7602885704294
7.67 48.122698566442
7.68 45.3896022217338
7.69 54.2475329244984
7.7 55.3045088655634
7.71 23.6380137989385
7.72 46.2571069192698
7.73 39.8065879718502
7.74 31.9406410024104
7.75 44.916871432682
7.76 30.0232486207216
7.77 49.11192987155
7.78 41.1617003341412
7.79 38.2387672353314
7.8 41.9767864774686
7.81 27.4792624103563
7.82 51.7253446431827
7.83 59.5131368109362
7.84 42.3579696233358
7.85 41.2312146449631
7.86 46.1830897911662
7.87 64.4396970194204
7.88 36.2980966511201
7.89 36.1606915866661
7.9 44.504479170511
7.91 37.197951529665
7.92 59.5279504573693
7.93 45.2495091590348
7.94 41.0237687741135
7.95 69.3344876162041
7.96 55.1781376034487
7.97 37.5001997664572
7.98 42.4541807423707
7.99 54.0896971409498
8 49.880107510398
8.01 50.0453448121061
8.02 60.4096562075388
8.03 47.512626666883
8.04 47.1115150665838
8.05 39.7967970442884
8.06 48.7685619424034
8.07 46.0190584922621
8.08 36.1698057537629
8.09 57.8877785306066
8.1 49.058414392327
8.11 52.4572824044454
8.12 42.1794415225571
8.13 45.2935142013161
8.14 47.4717477086137
8.15 50.8519165780325
8.16 52.9864823025998
8.17 50.3830411092204
8.18 55.2783550371747
8.19 46.5404810649055
8.2 38.5686577324203
8.21 40.6565142137484
8.22 43.922986553364
8.23 40.9669652073133
8.24 45.2653185197917
8.25 46.1553815041254
8.26 34.1600134079832
8.27 27.7370252797151
8.28 45.4442020105917
8.29 43.6953711330157
8.3 45.9069488001919
8.31 56.8577229752806
8.32 16.8697183906026
8.33 49.0078248888901
8.34 44.2937145909508
8.35 34.6970909245616
8.36 43.1294373573494
8.37 55.1448450026803
8.38 58.2213060602886
8.39 55.6520905110097
8.4 32.6028596738402
8.41 40.0019429624591
8.42 50.0818747089969
8.43 45.4751853424961
8.44 50.7244195366688
8.45 42.9535148539947
8.46 59.7756463963421
8.47 35.3692751779535
8.48 55.5990509624113
8.49 53.1274149318493
8.5 54.9433155180724
8.51 35.5209990487449
8.52 38.2139704642183
8.53 42.1545321145842
8.54 47.1744208440073
8.55 54.3050704788807
8.56 56.4200692625455
8.57 44.862758864961
8.58 52.5343266599087
8.59 58.8718646469621
8.6 50.3296684089701
8.61 61.0446101307412
8.62 38.4994521077598
8.63 40.0769156143885
8.64 55.1195191033569
8.65 34.780501192128
8.66 53.8689113496855
8.67 53.660904638094
8.68 40.5300515751878
8.69 55.7351420539493
8.7 46.7803889026083
8.71 60.5028808791279
8.72 40.0561776928355
8.73 50.095121890152
8.74 54.9397018061133
8.75 45.837138259019
8.76 63.6476521221072
8.77 42.9102748991191
8.78 46.6387563802321
8.79 44.7798895211902
8.8 38.6673623095865
8.81 54.5132682787477
8.82 59.5613204272408
8.83 46.0824264649647
8.84 61.4623843344197
8.85 35.2537289087521
8.86 32.8374503137317
8.87 57.0683038038084
8.88 37.3163872350578
8.89 58.5362913742551
8.9 53.06736452072
8.91 70.2820092373752
8.92 52.5642387879284
8.93 59.1344856927787
8.94 28.6482503660408
8.95 46.755017038757
8.96 58.8868827853392
8.97 40.1627879064477
8.98 40.9154260756118
8.99 45.3283647898394
9 68.9015276905994
9.01 28.2002167082132
9.02 42.3250322433989
9.03 43.0398075242404
9.04 38.0434457106513
9.05 54.9388573347978
9.06 51.3584758366107
9.07 45.739874326213
9.08 56.0346272893568
9.09 41.5571466374696
9.1 35.1401455708072
9.11 47.3499886887631
9.12 39.3117485606925
9.13 49.8491551977602
9.14 54.0860963635222
9.15 57.8970081830709
9.16 37.6294034456661
9.17 35.8105042876371
9.18 56.4264330844489
9.19 43.4560584557096
9.2 39.8441718343081
9.21 47.1546847381968
9.22 44.8940888776177
9.23 42.5556552813171
9.24 32.6701289547858
9.25 51.9202959066069
9.26 47.3135084165727
9.27 60.8628767619258
9.28 50.454979473396
9.29 52.7236422996538
9.3 45.9522454953366
9.31 63.8629854864058
9.32 57.1807085107627
9.33 67.4961639028714
9.34 65.7464442683077
9.35 42.8403785763727
9.36 65.82534198082
9.37 64.8316993220577
9.38 48.3881169852426
9.39 43.292988255656
9.4 54.2013528875651
9.41 49.8995790389558
9.42 51.9086392356984
9.43 63.4759686024718
9.44 68.6318967877255
9.45 56.2077976332325
9.46 39.3082176278492
9.47 49.0430465757381
9.48 62.754928725577
9.49 49.319184377255
9.5 53.0245662300311
9.51 60.339035712235
9.52 73.5054576759066
9.53 44.5761583880189
9.54 55.4925319050251
9.55 62.2496466852525
9.56 65.7833793689349
9.57 69.992821355891
9.58 43.0448493543906
9.59 59.2242759061549
9.6 50.86512882596
9.61 53.5171837456322
9.62 47.9863811857834
9.63 62.0360399082132
9.64 57.5888529932615
9.65 48.0353155923059
9.66 65.53662595702
9.67 42.126219192939
9.68 63.8763787003026
9.69 61.0978504397126
9.7 74.7786273575307
9.71 41.9056602318763
9.72 80.2304682190173
9.73 44.5996183605352
9.74 47.9787918849577
9.75 54.5048220289413
9.76 69.5824193450759
9.77 70.056971732929
9.78 43.7717580913025
9.79 44.5715103811979
9.8 55.6167182599742
9.81 65.6877408152536
9.82 41.4488116364361
9.83 56.2054212665892
9.84 78.3423653626382
9.85 54.8461174883652
9.86 51.9217420676881
9.87 61.0246620277558
9.88 57.1729972701054
9.89 54.5936701919911
9.9 52.3881251234331
9.91 64.2361726908982
9.92 44.0060090071035
9.93 48.9324265470088
9.94 49.8089786041335
9.95 56.7077839538863
9.96 63.7158598051233
9.97 50.7451235391646
9.98 47.0342852613125
9.99 71.4979347356445
10 54.5177715543319
