0.01 10.1293379344528
0.02 -28.3818589952001
0.03 11.4585505848559
0.04 -10.6176424257714
0.05 -1.10533320418901
0.06 12.8329558168224
0.07 8.4300197752096
0.08 -0.370373564359145
0.09 17.1159723804121
0.1 -2.938226004347
0.11 11.6557004001014
0.12 5.45391332350281
0.13 3.00662227948722
0.14 26.9063790555928
0.15 24.097646113982
0.16 15.5933229198666
0.17 9.0097666130679
0.18 -1.17589281950784
0.19 -8.45226452590145
0.2 13.754044764796
0.21 19.6526914272766
0.22 11.1262381104649
0.23 14.9159888627069
0.24 7.78055918951699
0.25 8.18678022734054
0.26 -4.70601739565446
0.27 26.6574800381241
0.28 23.1929535869059
0.29 9.28094233599614
0.3 -3.78971655408536
0.31 -6.07767208929361
0.32 11.9044852265311
0.33 -6.32588069309347
0.34 1.36168503086985
0.35 10.9439813989908
0.36 19.5835719448786
0.37 6.68020284021658
0.38 -2.93549209460346
0.39 13.2033657829579
0.4 15.9639791336512
0.41 16.7398121919054
0.42 21.6698661064727
0.43 19.9647625693498
0.44 17.1730579594995
0.45 -1.08751860970209
0.46 10.7793213446112
0.47 -0.379393285925806
0.48 9.64274313282584
0.49 -4.78637028471743
0.5 17.1569304060591
0.51 -2.51327867195364
0.52 5.36527099819406
0.53 -9.77997163609305
0.54 8.58109027038098
0.55 -6.65647909521343
0.56 10.5695566413499
0.57 3.16587251735005
0.58 3.12335771828585
0.59 9.1000546362736
0.6 4.97017260511549
0.61 1.89872657979444
0.62 11.770139177788
0.63 3.73819870069126
0.64 25.2844697328933
0.65 -1.77072931853403
0.66 3.76982492277499
0.67 -9.95906579226213
0.68 12.2920789386814
0.69 2.17715653955992
0.7 21.0382095748433
0.71 25.145898808497
0.72 -1.02957478682137
0.73 7.24534131833961
0.74 7.02373191874976
0.75 7.593898988371
0.76 7.17999391392285
0.77 20.1756199241744
0.78 9.48232885190781
0.79 11.2941052887813
0.8 -12.7873399567371
0.81 15.1387142556924
0.82 22.5757315284674
0.83 22.4629314330446
0.84 11.8605167529104
0.85 -3.83604801719878
0.86 17.8810129485903
0.87 -3.36020642472859
0.88 6.22277169395412
0.89 18.7790943440883
0.9 5.94027802974183
0.91 11.0506633356555
0.92 22.6277629558556
0.93 -11.5570866153646
0.94 10.3197560280485
0.95 -0.762008690552149
0.96 21.436557744789
0.97 23.0876554683403
0.98 19.3527699641912
0.99 0.194864311869082
1 4.42675026699431
1.01 14.5690024260082
1.02 -4.42720060999441
1.03 12.8494712585801
1.04 26.5115840899992
1.05 4.09791379287598
1.06 -0.129238125684603
1.07 -8.36438109236809
1.08 15.7462533989634
1.09 26.6655964925598
1.1 22.150508646601
1.11 21.7546016222346
1.12 4.94697861173087
1.13 21.417802697072
1.14 5.1455218117132
1.15 5.99419924646587
1.16 11.3355817629478
1.17 1.2226231578688
1.18 12.1522655072842
1.19 -4.35614123850696
1.2 4.11416333467572
1.21 10.2609218832497
1.22 4.3423991028123
1.23 46.1572194164014
1.24 18.4557566944755
1.25 6.29121110056641
1.26 0.351777346635824
1.27 5.09563034606395
1.28 14.9060815291775
1.29 8.53957791472405
1.3 14.1825047416132
1.31 10.206775041113
1.32 4.35978831432015
1.33 3.84074145591362
1.34 7.07212621619444
1.35 10.6909485712699
1.36 21.7118504275105
1.37 20.4391767089583
1.38 13.6536513780894
1.39 12.2820536362757
1.4 13.375187042684
1.41 8.89041099960101
1.42 9.09917129078499
1.43 4.46213968626809
1.44 34.4114854575863
1.45 4.04409301890137
1.46 7.24321847182664
1.47 31.6423120375309
1.48 4.64056251992129
1.49 14.8774793244287
1.5 26.8013171519019
1.51 1.50383874418587
1.52 22.4495844265052
1.53 24.2188599084137
1.54 21.8248404331186
1.55 9.22476433416154
1.56 20.3318999969356
1.57 7.25810998216481
1.58 36.8219582133986
1.59 3.59308531704862
1.6 7.60580605840243
1.61 21.115357679168
1.62 12.8090670478759
1.63 28.398894337103
1.64 -2.06293581438946
1.65 1.03575129823255
1.66 25.0705500546333
1.67 12.7809027833785
1.68 1.36213845028223
1.69 6.77730854055297
1.7 -14.445929253996
1.71 -7.65936145519084
1.72 26.1526470922146
1.73 -0.158653356829419
1.74 17.7135998918594
1.75 3.38849938249609
1.76 35.7845684216307
1.77 1.24481796220163
1.78 0.121567937236922
1.79 14.5412520374339
1.8 8.32681705787337
1.81 14.6839514128302
1.82 4.27343716001482
1.83 17.3907092232992
1.84 32.9733515180471
1.85 17.8703117472411
1.86 18.9268216691402
1.87 21.805182517989
1.88 3.7342466594289
1.89 12.905710110848
1.9 15.4896183648027
1.91 2.92446606997872
1.92 2.03554304571759
1.93 17.9846662213181
1.94 15.0253558842915
1.95 10.4866601855588
1.96 31.0102051280195
1.97 19.0338910131058
1.98 19.639039412364
1.99 8.16706820809924
2 0.29023158776185
2.01 22.3633702259584
2.02 11.06386383016
2.03 20.0015634779065
2.04 14.7669074387838
2.05 37.8277217960226
2.06 2.23929957121781
2.07 27.1593530268104
2.08 10.4413229535256
2.09 10.9248131667979
2.1 33.9424893004068
2.11 33.102107637872
2.12 13.4596157742709
2.13 3.83894887237761
2.14 13.3845219533769
2.15 10.9413228626864
2.16 -7.45901986225127
2.17 30.8574488445775
2.18 26.9188956579147
2.19 23.8738738865404
2.2 4.2491085328048
2.21 36.4785741480176
2.22 11.0895106007935
2.23 24.2194398753334
2.24 14.1089082152804
2.25 12.4710036355498
2.26 3.77644047772909
2.27 8.59251147889931
2.28 19.9139834891549
2.29 28.2261127624695
2.3 -0.757847765605696
2.31 0.10683621775787
2.32 22.8729184359829
2.33 19.6952701262239
2.34 20.2552422723294
2.35 -9.02310964308383
2.36 19.5965110656445
2.37 27.8570885519797
2.38 16.8250463285043
2.39 10.1579582152563
2.4 -7.71501498117642
2.41 -1.17493547405333
2.42 21.3816203645441
2.43 8.52379620015508
2.44 21.8330041867431
2.45 18.1312899379276
2.46 26.7495877463338
2.47 -10.6157799044941
2.48 31.8089656076125
2.49 6.95499175816567
2.5 24.4243504204862
2.51 11.0076454151559
2.52 23.3677119165382
2.53 17.5970471003983
2.54 26.7647141628228
2.55 28.5093644409191
2.56 38.449319762935
2.57 12.2555326245149
2.58 10.8681456804367
2.59 18.4325994944919
2.6 41.5158272748632
2.61 9.58340442367808
2.62 23.8924793192376
2.63 17.3056535273686
2.64 21.2319484037632
2.65 15.5165258718821
2.66 13.5662877236059
2.67 31.0339196795314
2.68 18.2608025894269
2.69 27.2226243171964
2.7 45.242964905435
2.71 27.3267495392537
2.72 16.4161957094091
2.73 28.8525781494527
2.74 29.7553016503019
2.75 14.6767500408949
2.76 25.2035117925762
2.77 -0.798368263188927
2.78 25.9056564916039
2.79 10.706079265166
2.8 28.1482771961247
2.81 19.6424478028632
2.82 6.72596438445296
2.83 36.2538098378037
2.84 4.30684554777689
2.85 18.3664399940174
2.86 32.7636175654205
2.87 19.4615857337343
2.88 8.465263714304
2.89 33.4638738787538
2.9 14.5662434098027
2.91 13.8012834468734
2.92 36.4353281052184
2.93 23.0371420158265
2.94 19.1591464218104
2.95 28.4397682052133
2.96 24.0512493644133
2.97 11.6152653256818
2.98 29.147875092274
2.99 20.3034895881714
3 40.4891505276012
3.01 35.4243542502237
3.02 27.8779499684254
3.03 20.6270699583828
3.04 11.2280492990362
3.05 20.7413178602022
3.06 36.1369518296509
3.07 20.6824351637181
3.08 14.2855640499123
3.09 20.568809709954
3.1 27.4646718526919
3.11 37.1360055234838
3.12 7.31842967299894
3.13 -0.66596210002302
3.14 33.7071002479804
3.15 4.82150816950261
3.16 22.0097226483918
3.17 4.28907027681484
3.18 16.8329504681201
3.19 26.9084893513614
3.2 2.22591251402429
3.21 28.7699775612324
3.22 27.7655035371142
3.23 31.0282492055647
3.24 9.53486936930047
3.25 21.2489872219945
3.26 16.5022138155464
3.27 24.7649855694272
3.28 16.0086947526096
3.29 18.2296259455241
3.3 13.6895401925093
3.31 26.75262790103
3.32 8.72720530525141
3.33 20.9236602258592
3.34 38.693050904834
3.35 20.6360744967122
3.36 34.2487796264945
3.37 10.5511905164608
3.38 34.3565970158359
3.39 11.1179812487868
3.4 14.9243719649472
3.41 21.3490044604365
3.42 14.1663470255142
3.43 54.4066657160039
3.44 6.42741606590734
3.45 -4.85295635370782
3.46 21.898566029699
3.47 15.1343036071572
3.48 17.017555279631
3.49 19.9888832939375
3.5 27.7392408299775
3.51 32.8044937841788
3.52 22.359753493074
3.53 12.1263980279941
3.54 17.3564730402045
3.55 28.2233813997203
3.56 8.98117550702549
3.57 31.8139360514893
3.58 13.8970889924834
3.59 32.7010933217322
3.6 17.9368247331898
3.61 22.2298555737208
3.62 15.0244267159518
3.63 27.8106785615343
3.64 28.7237390939959
3.65 13.7465300622552
3.66 26.5822390407919
3.67 10.9917014054792
3.68 10.2326339697119
3.69 19.874166156859
3.7 20.4784025427942
3.71 33.6911920635608
3.72 39.0080265980237
3.73 11.6259857036509
3.74 32.0063131351501
3.75 20.4363209609774
3.76 16.5642334883664
3.77 22.0200661676791
3.78 34.9355637788519
3.79 20.7979059711887
3.8 21.4865274605674
3.81 15.6905289046721
3.82 34.0451060704559
3.83 13.810741118321
3.84 25.3468685327959
3.85 14.3685248049048
3.86 49.7786231462608
3.87 7.36543758100129
3.88 19.3342357243602
3.89 17.3495673306606
3.9 15.9155486237587
3.91 19.0689095885731
3.92 30.9185502559619
3.93 13.7241984737463
3.94 5.94114196930009
3.95 22.6603609471851
3.96 10.3308200438137
3.97 33.2351919365743
3.98 26.5561397214282
3.99 17.8644680497972
4 14.381106199306
4.01 55.4812677046433
4.02 35.0934143337207
4.03 12.9312199987616
4.04 6.17133177684784
4.05 19.6216553048314
4.06 20.3364658800369
4.07 12.2027035515135
4.08 24.0309083946926
4.09 18.2151041671015
4.1 26.0480827065326
4.11 35.0596312841832
4.12 20.5236947671583
4.13 27.5138588792671
4.14 36.7578944861876
4.15 28.3881703355566
4.16 38.3295917140754
4.17 36.0021556949116
4.18 30.3535324536525
4.19 18.884604266145
4.2 36.1802232000902
4.21 16.3346376949689
4.22 32.6173349267368
4.23 40.383713965574
4.24 16.6261694190133
4.25 17.4649844563482
4.26 18.7140097780925
4.27 29.5155951896279
4.28 32.1412461057795
4.29 26.3755018369658
4.3 32.9493063302627
4.31 12.6904204065099
4.32 17.3226454766874
4.33 55.820534462638
4.34 37.0711754952124
4.35 24.1611129793825
4.36 27.6725595842312
4.37 19.3639054839292
4.38 23.1511248139767
4.39 41.1820436932461
4.4 31.0753101634711
4.41 28.6843705270709
4.42 22.6973035725419
4.43 38.5723491621317
4.44 21.2825223925824
4.45 32.8219991453749
4.46 33.2322967082551
4.47 31.4190399547927
4.48 37.9963711240425
4.49 35.8912497232112
4.5 29.807293828713
4.51 34.9882914863376
4.52 31.4571609786904
4.53 15.0536214283495
4.54 29.2267219184523
4.55 35.6579278785368
4.56 39.3879193333143
4.57 21.0247073614443
4.58 33.3172528811447
4.59 28.0407477141632
4.6 54.7334968095638
4.61 17.7788386874916
4.62 36.56384494157
4.63 34.8159472399491
4.64 19.9514643580257
4.65 33.6158378543728
4.66 35.0118623467485
4.67 37.7501093623328
4.68 21.2242261481731
4.69 38.0403549526841
4.7 7.92683464744737
4.71 28.3205016411463
4.72 36.7731841622004
4.73 18.8284602460274
4.74 38.6744169502313
4.75 25.3025027482761
4.76 23.8673166155633
4.77 46.4742623679396
4.78 17.1384047144116
4.79 33.0805585995739
4.8 37.2938601488068
4.81 28.3713112792538
4.82 27.5960595007165
4.83 43.6268961006772
4.84 25.9596480600435
4.85 39.6279943706487
4.86 32.6234177798161
4.87 27.9494073098007
4.88 36.4942043024374
4.89 31.7453332877646
4.9 32.6301967052876
4.91 19.7326036754041
4.92 35.8810073333071
4.93 48.191159454325
4.94 19.3997627870079
4.95 30.4336433392579
4.96 26.12209311584
4.97 42.8628332456852
4.98 38.124976071373
4.99 43.4142471578755
5 31.7323947517035
5.01 28.5167194932367
5.02 32.1494572868543
5.03 20.6084808003533
5.04 29.945874732928
5.05 15.564946302086
5.06 38.8047046324663
5.07 32.8276970047
5.08 17.85644893161
5.09 44.9756481007984
5.1 11.9686388006105
5.11 45.4112731383489
5.12 30.580114813383
5.13 33.0330473152972
5.14 29.1397511060889
5.15 24.4621520274293
5.16 25.0432360234538
5.17 37.1936350903395
5.18 60.6519419301321
5.19 13.5021130314864
5.2 23.5849639692432
5.21 29.3024912123841
5.22 20.6997571366623
5.23 15.4543010201131
5.24 34.3033522345712
5.25 35.0272012360473
5.26 19.6398223310376
5.27 32.203607207433
5.28 38.4873829598735
5.29 48.0910746402736
5.3 33.4942762701107
5.31 21.5645364967318
5.32 38.0722473105828
5.33 28.3023558854921
5.34 30.718041413341
5.35 43.6149212600204
5.36 19.2446008586108
5.37 24.8985456295865
5.38 45.0298561432707
5.39 15.6329003839638
5.4 23.7744299900986
5.41 21.9817226334422
5.42 10.3908480051617
5.43 27.0054659949514
5.44 40.3882216550421
5.45 14.4039672997544
5.46 21.0458359815431
5.47 34.842142918181
5.48 33.0919977344959
5.49 24.5686556715955
5.5 55.1663996964033
5.51 32.3362434812129
5.52 38.0884292170093
5.53 39.6163529389372
5.54 12.9184072305885
5.55 24.1622567567156
5.56 26.2654961589062
5.57 36.1850208732531
5.58 48.8000999832202
5.59 16.5252759436356
5.6 18.7167174830017
5.61 25.9472502682959
5.62 39.8834574852088
5.63 43.5938297393707
5.64 38.1590876215023
5.65 25.4415574586029
5.66 25.6370322856094
5.67 35.3798250025183
5.68 23.1122574761854
5.69 46.3904125152189
5.7 35.6113656817048
5.71 24.896516449714
5.72 27.827339874444
5.73 34.4207063683967
5.74 27.4829833274428
5.75 38.7726392253295
5.76 33.7734728202484
5.77 21.7578480004875
5.78 20.8089523740072
5.79 37.0918181169673
5.8 43.8374943502077
5.81 38.6884967369299
5.82 24.6897310280044
5.83 26.2686054986538
5.84 26.5588807330588
5.85 32.30779195908
5.86 21.1766802765459
5.87 29.6847228122241
5.88 25.4491760349807
5.89 40.1173462999795
5.9 16.2348131350609
5.91 37.2184131250464
5.92 29.7583961177038
5.93 33.7206971362172
5.94 30.6976295196913
5.95 44.5307788596598
5.96 33.9546428677839
5.97 32.2367339816063
5.98 33.0967435139774
5.99 37.4848029897932
6 34.7986132701392
6.01 41.2814472959339
6.02 31.6230828438986
6.03 41.4513783511247
6.04 29.5083940772895
6.05 27.3434948398024
6.06 20.3317635619319
6.07 31.9587254451957
6.08 39.0545944575243
6.09 22.4167019606098
6.1 22.2230320177598
6.11 29.080474517303
6.12 19.063627977329
6.13 42.2667911411721
6.14 34.0851526311839
6.15 35.0377102761301
6.16 44.1713649905477
6.17 36.66075585462
6.18 34.4152512991894
6.19 30.0975596882708
6.2 46.018587809959
6.21 4.8258969969706
6.22 33.9821288059986
6.23 29.5625608976765
6.24 33.5836459698186
6.25 36.2863930938503
6.26 40.2013303943471
6.27 29.1283498420019
6.28 36.872159132297
6.29 18.4941769527962
6.3 41.9479106330036
6.31 49.0177434841406
6.32 27.5725828295957
6.33 47.3033022171384
6.34 49.6821178314496
6.35 40.1046475690634
6.36 52.1071853711865
6.37 40.2240143282811
6.38 26.3573634679315
6.39 36.412288218377
6.4 31.7429546948996
6.41 27.7592321918276
6.42 26.7646047529947
6.43 39.4484937205454
6.44 44.364654829143
6.45 25.0412397790149
6.46 35.9287707293772
6.47 39.3270338655588
6.48 51.3009480880967
6.49 25.66966161495
6.5 29.0577573626954
6.51 61.0645559400789
6.52 37.8257946761897
6.53 38.2669468019655
6.54 37.8551553646038
6.55 47.8743859852513
6.56 46.6660923292004
6.57 43.6339199614891
6.58 37.136185796784
6.59 42.4663785108889
6.6 30.0633644663092
6.61 36.9340173967194
6.62 37.0462399036525
6.63 40.363789632314
6.64 38.2029088922621
6.65 38.1496695864654
6.66 37.3837056876294
6.67 45.0260295143181
6.68 43.0986925154917
6.69 42.368321419699
6.7 29.7874126849632
6.71 33.8265882097957
6.72 32.8920555788897
6.73 39.9776452136841
6.74 9.9867452265114
6.75 39.6834397354993
6.76 29.0449251486984
6.77 40.3362337000192
6.78 31.2661262472557
6.79 54.6107823515364
6.8 24.8228053275993
6.81 26.5586340208353
6.82 37.9559988512133
6.83 26.3971408765278
6.84 51.1757332233504
6.85 24.1617483128246
6.86 26.9029420558793
6.87 38.0548481103723
6.88 60.3993851923819
6.89 23.056805999713
6.9 37.3427365060931
6.91 29.3699141657327
6.92 34.5667585626151
6.93 52.3127190611745
6.94 47.8471106609118
6.95 35.6486938043744
6.96 52.4507665247751
6.97 45.2774832471442
6.98 50.6815949830498
6.99 35.3580021847917
7 31.9081719225835
7.01 33.4146562969212
7.02 36.5904165802668
7.03 65.9641942590168
7.04 37.83361224348
7.05 41.8425266816907
7.06 38.0913262662979
7.07 32.3417264370886
7.08 59.9765026113055
7.09 50.0287996234994
7.1 37.4435162253831
7.11 31.9951131316323
7.12 54.5318605966046
7.13 62.4936294568619
7.14 45.6678138330169
7.15 46.4368976023699
7.16 34.9524141171594
7.17 22.4366840395266
7.18 37.6496090243682
7.19 49.0831512211829
7.2 44.2765235944243
7.21 39.1570963634625
7.22 57.9443854121169
7.23 26.8919332933732
7.24 25.1514485276751
7.25 34.37997554008
7.26 42.0532803068692
7.27 55.5779327273547
7.28 48.8876362299402
7.29 38.2448463619721
7.3 51.636950444427
7.31 43.1698636805854
7.32 41.0442623194749
7.33 47.2930998205965
7.34 48.620153620846
7.35 60.1319309565085
7.36 49.5732937893957
7.37 40.5125495637008
7.38 44.4897656856888
7.39 36.8568267084603
7.4 61.2886683977456
7.41 39.4184318000862
7.42 24.2512766477602
7.43 40.9188149800373
7.44 38.7736247324675
7.45 49.2565764026783
7.46 39.4730822701971
7.47 52.1697576678219
7.48 48.9898712366918
7.49 44.5826476797337
7.5 28.8662082012824
7.51 33.3282219085925
7.52 60.5002641001556
7.53 27.1914754596501
7.54 71.0877558147235
7.55 37.9169516996512
7.56 27.0356007527369
7.57 55.1959001222504
7.58 34.4209018088053
7.59 27.7667909878322
7.6 44.9915485645082
7.61 51.7321437208737
7.62 35.7687169310572
7.63 56.2704193634148
7.64 32.8477060535604
7.65 76.9527346246048
7.66 40.4651363024039
7.67 57.5288099243097
7.68 24.2332107903728
7.69 33.6484559336469
7.7 34.2964498502447
7.71 34.4935602671529
7.72 46.5008986812167
7.73 19.801306981566
7.74 48.4926500753175
7.75 51.5981652573114
7.76 47.5950972944271
7.77 43.4494597601763
7.78 38.6776150047932
7.79 34.1290047128112
7.8 30.6008797088334
7.81 47.5731299823246
7.82 38.8732736493317
7.83 49.1763394439016
7.84 26.0182476117728
7.85 63.3980914024051
7.86 53.5352679205123
7.87 42.364261761739
7.88 51.8945275539194
7.89 69.4935436616715
7.9 44.580212652553
7.91 48.9006481760981
7.92 41.3199025511458
7.93 43.6256411165189
7.94 47.8585073708244
7.95 53.1047209709443
7.96 39.1460162260046
7.97 38.4221897002871
7.98 34.2452988095639
7.99 49.2641408619013
8 41.1980810359301
8.01 42.6261417837793
8.02 48.2782928925395
8.03 31.7659648046924
8.04 36.4988316062373
8.05 49.5387475005639
8.06 46.2220417991018
8.07 30.4841197397897
8.08 27.445493761541
8.09 53.1871522562151
8.1 36.6352071808242
8.11 55.5843158285724
8.12 49.2446902404189
8.13 45.9621219489806
8.14 44.5460898139607
8.15 53.9732666979959
8.16 59.2262363632062
8.17 49.4830082631415
8.18 20.5016260062887
8.19 33.0664851146947
8.2 23.0842211087223
8.21 36.7649772752637
8.22 42.5936879304712
8.23 62.4738112712187
8.24 67.1977446725678
8.25 47.8826538601548
8.26 61.8564690213939
8.27 45.7946661104706
8.28 47.9183767002355
8.29 34.9997518382886
8.3 44.8713087362415
8.31 41.9916472455697
8.32 46.6605780230947
8.33 43.3483182567076
8.34 35.3207713065776
8.35 52.083234929204
8.36 51.5144660653061
8.37 48.258788420324
8.38 36.0704675610112
8.39 45.0670527275699
8.4 57.375321253767
8.41 44.0829550262164
8.42 42.4412363144507
8.43 38.9936613315275
8.44 52.2721169209747
8.45 45.1373762041213
8.46 37.9662839131715
8.47 32.0916015337079
8.48 32.6013445892794
8.49 44.4836835908883
8.5 41.5352461831372
8.51 45.2813714556674
8.52 63.5481930447074
8.53 57.7723019161966
8.54 35.08829527589
8.55 42.6828305337014
8.56 49.7577347825471
8.57 51.7463049254879
8.58 45.1000343767652
8.59 49.0268713203906
8.6 51.3548937013271
8.61 38.66656595136
8.62 43.2499763525405
8.63 40.9205537669036
8.64 46.0638985250506
8.65 36.3021998310991
8.66 39.2706221051302
8.67 42.2396370418144
8.68 64.9569400078703
8.69 45.2683600249663
8.7 53.4491124764015
8.71 49.1337892367075
8.72 46.901490644422
8.73 52.2951310144568
8.74 41.6866232471166
8.75 56.0189429107377
8.76 44.1987862906433
8.77 60.0478522503549
8.78 69.4721695524255
8.79 35.5783599526113
8.8 30.926162863683
8.81 54.7178644986793
8.82 34.6272018939683
8.83 59.186555014957
8.84 61.7490646156515
8.85 40.746703733727
8.86 38.8965556654073
8.87 41.4712394758815
8.88 43.6783703309158
8.89 54.8802051820912
8.9 56.586571896096
8.91 35.3369574054765
8.92 44.8395518336656
8.93 48.9253423953712
8.94 56.8591522371102
8.95 29.0786483552661
8.96 44.1761537836984
8.97 58.8358485387318
8.98 48.8999563493912
8.99 49.7103492370708
9 60.1600232906382
9.01 63.6694595770095
9.02 37.9904070996244
9.03 51.9561994547695
9.04 48.854163004019
9.05 65.4358936446787
9.06 41.0845491823537
9.07 44.5237742052145
9.08 37.359751334491
9.09 39.6248012630606
9.1 44.1979616663899
9.11 43.3092875576742
9.12 52.4295892251597
9.13 33.9387570342207
9.14 59.8611713629557
9.15 49.0142558489886
9.16 56.1368709289867
9.17 53.1491415835682
9.18 45.3465552349736
9.19 65.2235543481539
9.2 52.2082879922638
9.21 49.5045002902497
9.22 35.1533724306785
9.23 52.307142549156
9.24 61.3102178824542
9.25 52.8739791903527
9.26 34.2682806922008
9.27 66.0661753842746
9.28 57.258521556854
9.29 20.1789536318697
9.3 38.2696255016929
9.31 54.6758344221993
9.32 50.1787609468441
9.33 61.1368796227184
9.34 54.3436259576881
9.35 52.9754238293702
9.36 55.6219301387455
9.37 40.9875776865301
9.38 54.1079904464553
9.39 41.9081454610935
9.4 47.6483649794016
9.41 57.3325992367007
9.42 49.1410460482839
9.43 51.5320394798589
9.44 46.6374106905235
9.45 51.8863538055342
9.46 40.9621799933308
9.47 45.8853041324942
9.48 54.6934513550688
9.49 61.9764199526894
9.5 61.9685740628525
9.51 47.2906108005402
9.52 42.9807962833711
9.53 51.5286240129442
9.54 57.0974551395807
9.55 53.6701995656245
9.56 57.4198800514479
9.57 44.884057428838
9.58 42.776810646541
9.59 51.8462571352021
9.6 55.8840666669808
9.61 59.2223746176598
9.62 33.5815916384685
9.63 55.4386865609024
9.64 36.9698297778347
9.65 64.5788213283128
9.66 62.5683239324704
9.67 56.1938806690653
9.68 70.1280411405197
9.69 62.0612956913938
9.7 59.9078795689556
9.71 32.2906416458469
9.72 45.3906596584774
9.73 44.0676671591052
9.74 56.1638769056682
9.75 38.9450339998644
9.76 43.0415820693815
9.77 61.5317134478753
9.78 42.9377706858538
9.79 44.3773238085263
9.8 55.8407656644468
9.81 58.6104131291853
9.82 46.6792387589163
9.83 36.5750017034751
9.84 53.6649610832007
9.85 56.1346172655099
9.86 36.1680292070031
9.87 57.138510963422
9.88 57.1552603713086
9.89 50.0687769895984
9.9 48.6321520545083
9.91 50.4386777437833
9.92 54.4335347038012
9.93 62.7742639167451
9.94 73.278056661868
9.95 46.6287186838115
9.96 56.0972578144059
9.97 84.7506384695064
9.98 56.2324270268215
9.99 68.3426856880902
10 66.4742850555954
