0.01 -1.82537109571262
0.02 5.82448043322304
0.03 6.70829421732447
0.04 14.0113902790517
0.05 -6.87132875665723
0.06 4.37330443150413
0.07 -0.368845880635578
0.08 13.4721975023752
0.09 -4.90512922930545
0.1 24.6152605308235
0.11 2.61536728737747
0.12 -11.868699045133
0.13 8.75047119960615
0.14 15.7800837110362
0.15 -5.5487847100233
0.16 6.01641021088986
0.17 15.2287532656087
0.18 -3.48801258122532
0.19 -5.83845895049492
0.2 -0.435714986017598
0.21 -18.1907415943759
0.22 12.3460886489749
0.23 3.42651371436249
0.24 32.4958003128552
0.25 10.912545509384
0.26 -12.5373788623176
0.27 -0.791280956924993
0.28 11.153587061941
0.29 -4.92926598867045
0.3 -4.63389557443336
0.31 -2.42996408742554
0.32 17.7157283520121
0.33 8.47171530895845
0.34 18.7507300785933
0.35 6.63152440352134
0.36 8.94913472862986
0.37 -3.4294627900965
0.38 -7.68511358581309
0.39 31.9706488484334
0.4 13.8060651159717
0.41 1.63282321813788
0.42 10.7116307502821
0.43 27.7243395900739
0.44 -2.78185482471433
0.45 10.5140493661631
0.46 2.65438220665846
0.47 5.67672098299904
0.48 6.27698217520565
0.49 31.9564535237479
0.5 21.2087122870895
0.51 14.1416994853399
0.52 7.03812602782577
0.53 0.968389649303312
0.54 -1.25340081630701
0.55 2.22706596151495
0.56 19.9658156241548
0.57 9.00548410893337
0.58 14.2684269756595
0.59 13.4652772390611
0.6 4.8919081156596
0.61 6.67783549424545
0.62 25.6610837747356
0.63 19.9974177754549
0.64 9.62135773646583
0.65 4.61951077872057
0.66 22.7311996608016
0.67 6.85748747540459
0.68 11.4845022153498
0.69 18.7433620225318
0.7 25.0812223757002
0.71 7.95467170079701
0.72 13.175239497719
0.73 3.35875165390086
0.74 9.70165368447984
0.75 11.3841608580321
0.76 4.41763801184894
0.77 13.8637414363492
0.78 9.2546167202615
0.79 -16.19736915584
0.8 12.4979083610313
0.81 7.23929530940853
0.82 17.9438540389499
0.83 5.78569388737001
0.84 0.191236531373248
0.85 12.6272387391849
0.86 18.7079841141488
0.87 8.62449019210759
0.88 6.01551463732926
0.89 15.9462536737691
0.9 -3.3152536042731
0.91 20.5400503157799
0.92 11.1665766019498
0.93 14.1059500877479
0.94 2.04897897346773
0.95 2.57880408077542
0.96 13.8047845480903
0.97 7.71613780872739
0.98 -0.0545876201515609
0.99 0.799818540292402
1 -3.55714716917966
1.01 27.7551756912796
1.02 24.8639245405471
1.03 7.70221592076067
1.04 0.402999672691779
1.05 -5.04772421679341
1.06 8.93649865526632
1.07 15.0741307042649
1.08 18.4258889734046
1.09 14.6254678275505
1.1 4.06105339986845
1.11 14.774284348632
1.12 10.1574744741764
1.13 26.0919187842109
1.14 5.24615981138182
1.15 17.119779362237
1.16 17.2352469021698
1.17 -5.18696126836694
1.18 29.0702046168058
1.19 33.9658616089856
1.2 15.0139011382234
1.21 24.5561666026912
1.22 3.53325239274567
1.23 7.34742060460996
1.24 -4.73391506734033
1.25 21.5268909180743
1.26 10.2878023755489
1.27 -3.26329502467356
1.28 13.8132075305588
1.29 7.92878076628241
1.3 9.65978618115685
1.31 20.0584835952249
1.32 7.67973537869713
1.33 -12.830061546343
1.34 4.25911190090284
1.35 11.7074235380512
1.36 3.33267243755372
1.37 34.7895434526436
1.38 22.728046379191
1.39 -9.1049364492842
1.4 -5.78177499618643
1.41 13.9142307627338
1.42 5.08052719925129
1.43 6.09458913072329
1.44 28.7044111041413
1.45 28.2710878371811
1.46 0.735076177061007
1.47 15.1760558636634
1.48 8.12954067263966
1.49 15.0409373615798
1.5 13.445946471793
1.51 24.0141156741585
1.52 13.9378584945117
1.53 -3.89727193023736
1.54 -3.04864039523919
1.55 10.1654769450974
1.56 10.2639647414341
1.57 15.8061988923392
1.58 28.5606756707582
1.59 0.986035806255121
1.6 12.5563471269132
1.61 -7.00438162294689
1.62 10.8572865473501
1.63 -6.0822146264854
1.64 -3.12733073482616
1.65 13.3268885658712
1.66 13.1315556744286
1.67 19.0292343091268
1.68 27.9433863079209
1.69 19.6112405678772
1.7 26.3776710636121
1.71 3.1214938354399
1.72 23.4870837024949
1.73 18.7890174724576
1.74 13.5331368232318
1.75 15.5338895849861
1.76 21.1396894661055
1.77 -0.620105203844641
1.78 15.1531086855826
1.79 16.4765275601671
1.8 5.65065240506876
1.81 25.652067420715
1.82 15.1316439622703
1.83 13.9895498465089
1.84 3.86790398688668
1.85 21.2496220212194
1.86 24.0603231129266
1.87 0.760968373601415
1.88 20.2560574023705
1.89 22.9671118884625
1.9 29.6153996284303
1.91 10.858674338436
1.92 18.7245435323361
1.93 21.6856066622674
1.94 15.6334433583042
1.95 3.37275179761669
1.96 27.3936479111071
1.97 12.1616699644806
1.98 17.1738434084586
1.99 18.5073468068352
2 24.612606435314
2.01 24.0588073738919
2.02 11.4445763880899
2.03 10.4778721832057
2.04 23.6586244253512
2.05 3.7817960462938
2.06 8.35583250089303
2.07 33.5251358655183
2.08 18.9323845825624
2.09 8.36648364196923
2.1 12.6923141012662
2.11 31.4912106138265
2.12 26.8532058910416
2.13 10.9906506166057
2.14 25.4970735709321
2.15 7.7040129590944
2.16 20.7109731662424
2.17 11.4350744715174
2.18 16.277728300684
2.19 -5.69522836483806
2.2 3.38258182856785
2.21 31.0475031822691
2.22 -8.26746924774126
2.23 21.965052634448
2.24 27.1656901231868
2.25 9.61257018655626
2.26 27.8529662325121
2.27 9.08393413664363
2.28 10.9620888642248
2.29 15.5816937542522
2.3 7.31132436129381
2.31 18.4397516868299
2.32 18.0743446829297
2.33 22.7639234720412
2.34 10.7472342716686
2.35 11.2395544501464
2.36 16.8237470163239
2.37 14.1294558908284
2.38 9.85839557834928
2.39 9.75280688030215
2.4 12.0046065038166
2.41 19.3166848299415
2.42 15.5125551412329
2.43 8.74850938404181
2.44 25.4505216446438
2.45 0.551055632895665
2.46 21.1890131366955
2.47 14.0232445693848
2.48 4.43147988015942
2.49 19.0575191275927
2.5 -0.251186424290747
2.51 13.3846454884195
2.52 -0.814056994022923
2.53 34.9937702606842
2.54 15.2532319237797
2.55 5.90005817313932
2.56 18.9643658443755
2.57 7.02299204074476
2.58 11.6237417632695
2.59 29.303057276894
2.6 6.8598008462556
2.61 16.3220282129925
2.62 27.6014062815257
2.63 25.9479518279533
2.64 23.9461066317171
2.65 21.1410827876815
2.66 25.3428948871951
2.67 19.816292583818
2.68 17.7271556183648
2.69 8.3855614210197
2.7 21.3576790025856
2.71 22.2117339383851
2.72 27.9246525946554
2.73 23.8565409977809
2.74 33.1551213858304
2.75 33.4321411813449
2.76 9.52526438381297
2.77 19.0017325875607
2.78 18.4642408516185
2.79 12.7825865953135
2.8 25.3796178913835
2.81 10.7015812654345
2.82 11.5335071872249
2.83 7.33585756917218
2.84 12.2505331988422
2.85 16.9694043961887
2.86 -3.12442898768406
2.87 12.7270051425313
2.88 6.93751263917645
2.89 21.5125317584676
2.9 30.1188905515022
2.91 34.642201835109
2.92 17.2588666783263
2.93 11.0572488864118
2.94 11.4450914310956
2.95 19.7047192170477
2.96 35.7274281705694
2.97 9.54545838122469
2.98 20.4299083304376
2.99 39.8347073126967
3 26.1056717912032
3.01 18.150135492596
3.02 14.1319846175759
3.03 30.8040921169544
3.04 26.8407958862226
3.05 6.3514331473243
3.06 18.9339990196653
3.07 27.1508103398849
3.08 25.152861969764
3.09 18.0927168980701
3.1 24.0411433425309
3.11 31.0126685196808
3.12 12.0319533748584
3.13 32.4411363648133
3.14 13.697058242325
3.15 28.254835510366
3.16 29.1842780960549
3.17 42.5631846837803
3.18 29.6637032572415
3.19 33.2601191731005
3.2 12.6641222296397
3.21 11.241164636168
3.22 20.7289937884838
3.23 16.2203367107934
3.24 10.6460633855429
3.25 31.3081004986466
3.26 36.3928998596283
3.27 34.4150034905209
3.28 31.6851298488369
3.29 9.81680528677915
3.3 39.0243724790749
3.31 30.7667856619898
3.32 29.8655134703482
3.33 10.8298494066281
3.34 32.3995110493763
3.35 16.334970937247
3.36 7.9219046409565
3.37 15.7006369335529
3.38 22.6630974980476
3.39 30.1874911331998
3.4 6.45336305043102
3.41 39.1547172273247
3.42 35.0512085166355
3.43 12.800100833016
3.44 19.7242551534173
3.45 22.2000909864476
3.46 37.6411306592212
3.47 5.93625478846114
3.48 25.0591250820675
3.49 17.9822201045951
3.5 26.551993909773
3.51 23.9399565981531
3.52 23.6186445027386
3.53 21.1013160189597
3.54 13.5983561351885
3.55 34.6867305732679
3.56 -3.36592208291246
3.57 33.1298147959698
3.58 9.56430231395429
3.59 24.0279581943203
3.6 22.8963145756272
3.61 6.3454451734874
3.62 36.9269234580588
3.63 29.2989647095698
3.64 36.1910004107783
3.65 15.1227429716327
3.66 31.0198857992422
3.67 11.1341793148613
3.68 14.6715440948686
3.69 17.9439729379223
3.7 21.4805844647064
3.71 28.6825402815576
3.72 5.8392211913243
3.73 19.0586129098344
3.74 17.4244259427653
3.75 21.5527952417937
3.76 19.0152947159864
3.77 12.5056387164279
3.78 12.8178785035477
3.79 27.5106953642667
3.8 23.2191364573951
3.81 10.1498102530361
3.82 16.9449495465144
3.83 19.8261060543796
3.84 18.3265835102297
3.85 13.4180626998917
3.86 14.2306909201246
3.87 27.9244107644013
3.88 15.7533230408808
3.89 22.4652864392581
3.9 14.7938684426282
3.91 28.1243009853959
3.92 27.1054237171671
3.93 25.2887181509479
3.94 11.3847938194795
3.95 33.1979169904801
3.96 12.9109291795178
3.97 32.8239306768532
3.98 18.7160534504808
3.99 23.3124399396474
4 22.5545276958524
4.01 7.29217350518615
4.02 6.98492265767256
4.03 10.7908767357287
4.04 19.956349751224
4.05 27.5543119342147
4.06 14.3656895499141
4.07 12.1151930885855
4.08 31.0256176003577
4.09 39.0621337299928
4.1 31.4235107413143
4.11 30.4043969273282
4.12 34.2898681480244
4.13 24.8766629098716
4.14 18.751768978029
4.15 32.5260281791041
4.16 23.9079763083353
4.17 20.2925646173391
4.18 50.4949059052475
4.19 22.4034937077581
4.2 26.3506248089765
4.21 20.7277450216895
4.22 10.7351608744791
4.23 18.7314359236038
4.24 15.4726684042318
4.25 47.454440515379
4.26 19.363982770929
4.27 16.9887793826918
4.28 25.2029073875663
4.29 33.8249497730394
4.3 34.8015707819729
4.31 25.2887326080151
4.32 12.2459682420334
4.33 40.721573170098
4.34 23.8458770760963
4.35 25.5969725841521
4.36 27.0235370323451
4.37 23.5275707323357
4.38 30.1070853346891
4.39 22.0506690724647
4.4 27.1772693467838
4.41 32.0589081296808
4.42 20.3826677473366
4.43 33.5919847811336
4.44 20.2085074852509
4.45 20.591368303645
4.46 37.8628934786087
4.47 21.7857001078312
4.48 19.4807692795681
4.49 18.186122440662
4.5 51.8163461350228
4.51 21.9554185893465
4.52 44.8601674976341
4.53 35.3190351063454
4.54 19.0878637927951
4.55 19.9946546009613
4.56 33.6175784414455
4.57 24.5712520273242
4.58 25.8289563932035
4.59 39.61103486174
4.6 43.3119523036551
4.61 13.49383704811
4.62 31.2682024108575
4.63 33.8984882375848
4.64 32.6597867380783
4.65 15.8210408027661
4.66 21.7693559438804
4.67 25.8712506877235
4.68 16.6228635332153
4.69 22.2631681487275
4.7 44.0980966760918
4.71 21.5354175384594
4.72 30.7756043211018
4.73 40.3831373228599
4.74 63.7130498421238
4.75 38.5415916300872
4.76 28.000927513284
4.77 28.3101383588493
4.78 27.2424510939108
4.79 26.1532335479874
4.8 37.5863919744441
4.81 29.7967128056756
4.82 24.1051041229763
4.83 23.5475633523795
4.84 39.7669619998498
4.85 37.2136873172273
4.86 16.7412833874831
4.87 29.335850441918
4.88 36.3841148411947
4.89 28.3743171782793
4.9 22.9187655111721
4.91 21.4735522559239
4.92 31.6344267014895
4.93 24.1594678380221
4.94 23.3322423460841
4.95 33.6901909978117
4.96 25.8186350755417
4.97 36.9150456821694
4.98 42.4660136583299
4.99 20.8195148576305
5 41.6157930378859
5.01 20.9846077928567
5.02 16.5411755319686
5.03 21.3878461046753
5.04 20.6948197503408
5.05 39.4471676596922
5.06 34.4136921288959
5.07 42.1664334646092
5.08 42.9537023040099
5.09 37.8339067495214
5.1 37.4406841321155
5.11 43.2153110721809
5.12 26.2740389159049
5.13 23.6542360360944
5.14 35.7881942438621
5.15 37.4413714139902
5.16 48.2510258561385
5.17 15.3254881725196
5.18 33.8144897546488
5.19 36.2482061486384
5.2 21.1526607573188
5.21 16.9145792021645
5.22 21.7357547990684
5.23 20.9913793264633
5.24 34.5059475717095
5.25 27.2361773073752
5.26 34.2457795438399
5.27 18.5809802940201
5.28 33.5666576949877
5.29 26.9814774275641
5.3 28.3091922017624
5.31 9.16315085294754
5.32 23.1550758287861
5.33 16.6267424814582
5.34 25.6234520829065
5.35 30.318877734444
5.36 45.0682333531731
5.37 33.7257561500004
5.38 29.2825838005247
5.39 19.8201745185636
5.4 32.1626662755823
5.41 12.520945391753
5.42 23.5038261162747
5.43 19.5180225382797
5.44 49.5493289796979
5.45 34.8136285610254
5.46 40.4968536876223
5.47 21.2014134284312
5.48 48.0305028527695
5.49 31.008983213267
5.5 28.8263808172654
5.51 42.2607409492702
5.52 36.7448261410979
5.53 30.922817981893
5.54 19.1326604623428
5.55 40.9202991565894
5.56 48.5161016336003
5.57 52.5479068632254
5.58 29.694761386032
5.59 23.6949009983238
5.6 25.7271871181379
5.61 39.8706831413311
5.62 26.2046601865027
5.63 36.8642504328769
5.64 36.1306258497898
5.65 40.6114323798528
5.66 15.6522991203025
5.67 36.8857056038423
5.68 27.9305682569349
5.69 45.6648735744631
5.7 33.8776192882097
5.71 32.2457491993939
5.72 21.2419447024983
5.73 22.7523286977044
5.74 58.273075686441
5.75 44.9285631859544
5.76 44.4864813250933
5.77 21.6413267994764
5.78 15.5520579860336
5.79 50.1478099395284
5.8 47.2033811897224
5.81 19.8322673616081
5.82 24.9300129338105
5.83 32.5965117936522
5.84 28.5653564204552
5.85 22.2768745650077
5.86 33.1843520395901
5.87 23.6170368237932
5.88 19.0514934823593
5.89 37.7795158466368
5.9 47.727336708002
5.91 39.1662768261835
5.92 33.9847572756586
5.93 37.629732798286
5.94 33.914362972345
5.95 28.4526482452567
5.96 40.6545211621275
5.97 45.0040079767415
5.98 36.3405358268071
5.99 17.8233861767396
6 22.4582323827055
6.01 32.8567326316707
6.02 29.187466965135
6.03 43.4612191753556
6.04 23.7885901146217
6.05 62.2526085765385
6.06 59.5534424731525
6.07 24.8939141004428
6.08 35.9896055626625
6.09 34.5639993899864
6.1 25.4498034341377
6.11 34.4505902374374
6.12 17.8501040422927
6.13 47.8249789488483
6.14 23.7109320420681
6.15 43.0916926953959
6.16 36.2023777790846
6.17 18.7441304645176
6.18 33.6999986561505
6.19 52.3496003336088
6.2 37.6137169911397
6.21 56.0577065725925
6.22 37.2700043093648
6.23 50.5568391889972
6.24 31.7088411402894
6.25 43.827531654835
6.26 32.6669998535628
6.27 44.9705893918183
6.28 32.3931548407338
6.29 30.3809318740403
6.3 43.5230653728295
6.31 32.6919684168125
6.32 58.6222004120025
6.33 54.2633709139408
6.34 24.1908555508449
6.35 51.1548467997381
6.36 32.752894883292
6.37 36.395342138565
6.38 13.5487879113609
6.39 23.850696062153
6.4 35.0247671905676
6.41 48.5657638953313
6.42 29.7205862427237
6.43 30.8028612774443
6.44 45.8498714281382
6.45 33.208802941757
6.46 43.3787327475539
6.47 33.5681862039978
6.48 28.3942911467411
6.49 48.7748603254922
6.5 13.3801312266846
6.51 29.9312793522939
6.52 57.9258907167267
6.53 41.5415052426332
6.54 63.8019435707548
6.55 22.5838599679698
6.56 19.7360906549402
6.57 40.5045285987804
6.58 34.3720705667521
6.59 58.5845131922148
6.6 31.2938664385374
6.61 35.1401809971252
6.62 48.2498636171183
6.63 47.0427681344874
6.64 53.6995275709577
6.65 29.5964064132204
6.66 43.2595584346668
6.67 21.6744658427271
6.68 35.2277030464149
6.69 40.0457193662414
6.7 33.0001156768467
6.71 34.6707519534871
6.72 39.7409283023303
6.73 34.8653386644163
6.74 56.6732506457043
6.75 21.7303763652058
6.76 35.2487023887037
6.77 56.5798827558961
6.78 40.3065033068986
6.79 37.269720524278
6.8 38.6016154715372
6.81 47.704951826687
6.82 28.7470971476149
6.83 53.7211679247779
6.84 38.4950403307692
6.85 48.1080967150634
6.86 43.8482140183837
6.87 31.3788040682346
6.88 36.0872143524229
6.89 45.2893004344108
6.9 19.1056754004181
6.91 45.8220526115274
6.92 29.3989674332668
6.93 38.1625638622479
6.94 43.3924760658289
6.95 53.5969999380809
6.96 27.9666000886467
6.97 52.0294683355794
6.98 45.1094107206145
6.99 27.5533459146995
7 58.7415018560287
7.01 27.3452328598361
7.02 27.2949235016758
7.03 48.723609352351
7.04 55.8039526039231
7.05 27.0589585046446
7.06 21.7612800045693
7.07 46.9460134044544
7.08 24.4443321035203
7.09 38.4355602196175
7.1 28.8826653588488
7.11 37.7936132004283
7.12 19.7209624405468
7.13 44.558915133173
7.14 34.8154225309542
7.15 50.1185692442043
7.16 40.973190883333
7.17 28.3315135612796
7.18 56.9487163781433
7.19 44.6116654565193
7.2 32.1267529888676
7.21 33.1784597501028
7.22 37.2814576884804
7.23 41.1062105452962
7.24 37.8505820281371
7.25 46.3042648731465
7.26 42.1444686375618
7.27 52.619251263422
7.28 44.6428070874531
7.29 44.2352416352225
7.3 31.2761869145618
7.31 59.1190699011519
7.32 55.2458322193596
7.33 47.7607080532431
7.34 52.4405783068021
7.35 44.5513858297278
7.36 45.8809704492799
7.37 37.2517458952117
7.38 38.1515737968658
7.39 47.0331007193772
7.4 37.6714944816101
7.41 20.1968363033623
7.42 54.7420213450632
7.43 40.2744338873731
7.44 19.3082981174499
7.45 45.2703869024936
7.46 38.1137992440598
7.47 17.4328420132513
7.48 51.0306859471218
7.49 52.3146843954818
7.5 47.2034148422155
7.51 48.1196826563597
7.52 45.3490744666836
7.53 14.9772667004874
7.54 38.4611657024486
7.55 39.7711786360346
7.56 16.7877895838759
7.57 45.5640604502754
7.58 34.7137923158425
7.59 56.9356365003689
7.6 46.1227307113084
7.61 46.7113485564318
7.62 54.4118732528745
7.63 30.9854322279756
7.64 34.0234553452463
7.65 41.5023466710522
7.66 49.4875954882339
7.67 41.8779839771604
7.68 43.863788015664
7.69 58.0639753396266
7.7 49.9758044027789
7.71 48.6226272983467
7.72 51.8644884211254
7.73 59.0126393544615
7.74 56.6818046727944
7.75 42.4545726330863
7.76 68.4841950958984
7.77 22.6368120092997
7.78 56.7852039285986
7.79 47.6142081925948
7.8 40.9677717279519
7.81 25.3164230390376
7.82 46.4416455431058
7.83 60.5778726101556
7.84 45.7183965515907
7.85 48.5659993355939
7.86 38.1678650877114
7.87 59.0595692471835
7.88 56.5941403814505
7.89 66.1039965240228
7.9 61.9902380369412
7.91 50.0980925342247
7.92 50.1953097717777
7.93 30.265753685978
7.94 45.3751355828204
7.95 67.2655751716076
7.96 32.3659755709218
7.97 41.7587109975701
7.98 47.8713222504489
7.99 50.8929237026978
8 43.410015507792
8.01 58.174031805872
8.02 44.7986241397065
8.03 30.3329206087638
8.04 67.8243735019689
8.05 57.3515352835418
8.06 39.345977157338
8.07 34.2276182747047
8.08 45.4642313612392
8.09 34.2866284223214
8.1 71.2065646103357
8.11 42.562499447683
8.12 52.9635933584841
8.13 61.9114045608445
8.14 42.7971871190447
8.15 44.6024296376386
8.16 51.7292299004826
8.17 24.7409506503334
8.18 31.8422701556643
8.19 50.9002655676614
8.2 60.3960452180017
8.21 60.5133331520532
8.22 35.9534664106496
8.23 40.8529839084075
8.24 44.5739089158589
8.25 41.4789085028608
8.26 43.7010872340702
8.27 43.6714142408779
8.28 53.915647056849
8.29 56.1519130064211
8.3 42.816664191227
8.31 45.177155917194
8.32 61.229932834614
8.33 60.1079980769978
8.34 42.3440278203537
8.35 54.6248482978346
8.36 58.8906932592569
8.37 46.3310645140383
8.38 40.4222206016074
8.39 48.3747116011578
8.4 34.3341308479688
8.41 48.9872053215439
8.42 37.0427646491133
8.43 53.4185224623108
8.44 49.1192022962804
8.45 46.7502690019596
8.46 26.2716552453994
8.47 54.5457863943055
8.48 38.9252352965409
8.49 51.2485513812023
8.5 51.6946357186434
8.51 26.2930724463997
8.52 35.6596474847684
8.53 37.5528395889248
8.54 35.9359362653497
8.55 47.8534586622325
8.56 58.4217200274112
8.57 56.6750660277487
8.58 47.4931016236328
8.59 54.6004164407607
8.6 53.4641035740522
8.61 44.7911338531958
8.62 40.222364419487
8.63 34.0930184680678
8.64 34.93974812061
8.65 49.9274827542156
8.66 29.2479021007888
8.67 48.6618842149875
8.68 43.9108520018972
8.69 62.7359000424824
8.7 63.5598543700555
8.71 39.2654297122477
8.72 44.9308625395514
8.73 39.2371727810076
8.74 57.1676489681627
8.75 37.3121236122537
8.76 43.2309521449139
8.77 23.1486644713636
8.78 54.3990676996664
8.79 68.4543516510102
8.8 34.7428517875921
8.81 50.447197983846
8.82 27.2054163569892
8.83 23.4784702312928
8.84 64.1713489078915
8.85 53.6857039508066
8.86 31.1034959858605
8.87 47.0975413659084
8.88 40.4815105872843
8.89 56.2444872474835
8.9 50.2243749286852
8.91 42.242392367159
8.92 43.8888918645205
8.93 47.6379917228138
8.94 52.6908659685944
8.95 45.2070388013036
8.96 52.3323116562199
8.97 59.9061350372069
8.98 59.9951499713752
8.99 58.4420331415849
9 61.3760815833884
9.01 48.378274823642
9.02 52.3617887187855
9.03 34.3688483467807
9.04 40.6972674850475
9.05 56.6389853716603
9.06 52.5807890912957
9.07 53.4200525109113
9.08 50.6887266141308
9.09 44.4607538971037
9.1 52.9511703574534
9.11 36.2915627388494
9.12 73.2118579176618
9.13 66.9317519975716
9.14 45.5059300017259
9.15 47.1453617171255
9.16 68.0098391115473
9.17 40.6043181732763
9.18 66.258874076785
9.19 42.1721087629724
9.2 50.8963406651239
9.21 58.3219560312711
9.22 63.1639128921939
9.23 46.9219406955402
9.24 27.0769444544738
9.25 58.383318588424
9.26 34.857511154514
9.27 35.0716493405593
9.28 49.6820156552556
9.29 36.7101473906281
9.3 40.9711129601083
9.31 44.5138092111473
9.32 49.244693293898
9.33 42.8479091065232
9.34 38.8939332125779
9.35 41.5647450271403
9.36 44.5597389234366
9.37 54.8452627414928
9.38 58.7662397987626
9.39 55.5951750012631
9.4 48.1502450441179
9.41 38.335165503181
9.42 55.6566511419582
9.43 50.6255468934519
9.44 46.4915401194794
9.45 52.2839633739262
9.46 60.2516059945077
9.47 40.3252362428035
9.48 57.5196198420336
9.49 60.6908660766683
9.5 52.4216817223691
9.51 57.9228839777592
9.52 62.5662392496376
9.53 43.2158552064594
9.54 48.7509998266535
9.55 59.5556691857211
9.56 46.6892112329239
9.57 48.6407626166178
9.58 60.7413174165038
9.59 51.977257435957
9.6 53.8343912466089
9.61 83.156284776503
9.62 46.1280066751636
9.63 54.336607287003
9.64 48.3329361404816
9.65 55.9294993098569
9.66 52.63802227583
9.67 34.6434666615409
9.68 68.3146923106552
9.69 27.1027438390263
9.7 36.3102638538024
9.71 61.2959998789243
9.72 65.415213540391
9.73 75.1177363631615
9.74 45.3031175573408
9.75 45.8573697315591
9.76 66.0994501938665
9.77 55.550563927825
9.78 57.199209737152
9.79 52.9699897091308
9.8 56.4884467579608
9.81 59.2352051331843
9.82 62.9212668203234
9.83 53.4415907244769
9.84 59.5183459548208
9.85 57.5734796151694
9.86 48.5804198948617
9.87 56.9063363004625
9.88 43.5131590236284
9.89 69.0016047653944
9.9 45.5520897133155
9.91 45.4041528204216
9.92 46.660412519215
9.93 45.5835788612967
9.94 61.5795894805279
9.95 42.9923583872286
9.96 64.7941813202133
9.97 46.9145923330455
9.98 44.1802408077771
9.99 69.685875173693
10 43.9522087901927
