0.01 -1.79802847408987
0.02 8.97409752214636
0.03 11.2903568119509
0.04 12.4700343234946
0.05 -13.7733743739507
0.06 -1.95826735176788
0.07 8.61384529698891
0.08 17.6639920648763
0.09 5.9645076270328
0.1 22.5834446441838
0.11 7.37179793921707
0.12 12.6827801474628
0.13 14.206649037024
0.14 -3.56267019683355
0.15 16.6968437843136
0.16 11.054379095186
0.17 -0.131458236235592
0.18 14.0512565539713
0.19 -26.7420774999773
0.2 -10.7353848308359
0.21 1.42997987210753
0.22 21.3495779924587
0.23 -6.41627645245566
0.24 6.5168657472369
0.25 1.20588304691202
0.26 -2.87580640078306
0.27 -2.96779532084302
0.28 2.10299861131542
0.29 -3.40203863103429
0.3 32.8324931925961
0.31 10.3631829496287
0.32 11.4524742450834
0.33 -17.6249612563809
0.34 10.9538589338658
0.35 6.40332434927956
0.36 -4.89393521131599
0.37 -7.51933688803287
0.38 -4.60469543091612
0.39 6.65283796986877
0.4 -8.04964579031643
0.41 3.49533735308137
0.42 24.9927081912903
0.43 9.01000384536085
0.44 11.3509654414206
0.45 6.35910176797178
0.46 2.63871981369282
0.47 14.1306397822475
0.48 6.22785440119211
0.49 -26.944754065383
0.5 12.2522836326781
0.51 9.80595344210319
0.52 15.7981254666207
0.53 -4.62488042961205
0.54 22.1071008943649
0.55 11.7109048431446
0.56 8.17442556574443
0.57 15.5784446736702
0.58 -13.0941590986184
0.59 8.31792690197232
0.6 1.82716135876907
0.61 21.6055602020893
0.62 -4.96178363928128
0.63 0.507397785084894
0.64 -1.35148511143427
0.65 -0.398808252444285
0.66 12.3316598640578
0.67 14.1098297457561
0.68 23.2418592346039
0.69 11.5914942445116
0.7 10.7036095120962
0.71 -8.0044514933911
0.72 33.1966890088061
0.73 -0.990645764050733
0.74 -1.49767367877679
0.75 17.4796439383191
0.76 21.9860317561414
0.77 6.35072195917535
0.78 10.8222062465869
0.79 -6.58663649887404
0.8 18.1366641403741
0.81 15.2106660955414
0.82 36.0997257914906
0.83 13.7528835243471
0.84 13.5292064812983
0.85 7.1909983309054
0.86 8.38280239253247
0.87 7.34894158570413
0.88 1.04282322352934
0.89 -10.6157689252282
0.9 24.724315993288
0.91 4.89735059161847
0.92 4.40665318556205
0.93 8.59807779706978
0.94 17.4690819740358
0.95 24.8792916264088
0.96 22.3555578974032
0.97 7.77517474392609
0.98 16.6351346540415
0.99 17.3822696606427
1 17.2404989597804
1.01 14.2271744130844
1.02 -0.923603388032484
1.03 3.296335721264
1.04 28.0147010970513
1.05 11.9364181246644
1.06 12.7201677676062
1.07 2.87118947768984
1.08 3.28852030078507
1.09 -0.13358544275726
1.1 -1.13234560072277
1.11 16.5859710826847
1.12 9.7111682022167
1.13 10.3769330734062
1.14 17.9184036648186
1.15 7.96604748833903
1.16 -1.14616236231169
1.17 16.8793781078517
1.18 -0.562526357374818
1.19 10.2236573626064
1.2 -0.69026729720489
1.21 15.0530850364147
1.22 -12.0639061905715
1.23 16.0364835420227
1.24 25.6410687582698
1.25 14.2913107059466
1.26 11.7127147144538
1.27 23.3778750071056
1.28 41.7680932457377
1.29 21.5316571376017
1.3 1.73068270677021
1.31 28.4939763928572
1.32 20.385346181159
1.33 1.51390848311233
1.34 34.3534244924675
1.35 9.59330177982958
1.36 2.26981487571116
1.37 -3.31689148059787
1.38 20.3844768287967
1.39 18.1612136435212
1.4 18.8678259028097
1.41 2.4883355593819
1.42 10.6441367795032
1.43 -4.70832759591174
1.44 -2.78189771604961
1.45 20.9440933797407
1.46 -3.13509501218556
1.47 24.7504169822597
1.48 1.46696897474091
1.49 6.62948976190312
1.5 6.30228539651823
1.51 13.8349179129862
1.52 23.7712088643252
1.53 -1.52928887707342
1.54 7.19365267799664
1.55 12.601388157121
1.56 17.8969405944629
1.57 9.38047120601364
1.58 19.0125353457997
1.59 4.83795062146281
1.6 26.6949384149992
1.61 31.1967137433102
1.62 10.524833111535
1.63 23.9748210145192
1.64 18.0275237820172
1.65 8.60711863889176
1.66 19.7782316827696
1.67 3.48822293849708
1.68 1.90780357308254
1.69 7.4129917044376
1.7 9.57680188755866
1.71 5.14517321777887
1.72 45.4835304476618
1.73 16.204454744082
1.74 15.5885218337284
1.75 13.2681638324903
1.76 -2.66012100075296
1.77 11.338655910073
1.78 7.32497688219632
1.79 8.15407821434605
1.8 9.21773368841939
1.81 22.6036879177979
1.82 29.8069229425173
1.83 30.5460508823073
1.84 -1.95315941694068
1.85 1.53924340384998
1.86 28.8939747942693
1.87 5.54915028736407
1.88 31.2881603097917
1.89 14.7237663650153
1.9 10.0577683013496
1.91 12.4330548223918
1.92 20.1900041539042
1.93 -12.5992692325676
1.94 29.1842275447745
1.95 29.4505697469499
1.96 17.7476163866686
1.97 15.4373479153023
1.98 14.0359639779424
1.99 5.2028421889613
2 6.98561751855116
2.01 19.1695530578079
2.02 37.822062126919
2.03 26.0343921487376
2.04 28.0947422670625
2.05 21.034658731424
2.06 30.9166693511584
2.07 19.8574247147336
2.08 18.7231428448471
2.09 24.3494639224604
2.1 30.8390717897098
2.11 25.8625895811741
2.12 21.2044379301691
2.13 20.067936633899
2.14 0.0686724052900765
2.15 5.62890387245883
2.16 7.01643260866517
2.17 19.9123744169381
2.18 -3.0701385836146
2.19 16.7942222980607
2.2 21.8365424013425
2.21 5.14416277880859
2.22 3.92225049621893
2.23 4.89771941435197
2.24 23.6653756197292
2.25 11.3895094883747
2.26 35.8437760362254
2.27 18.870045055106
2.28 17.8085183866937
2.29 28.3883368508688
2.3 19.8992644170378
2.31 11.8440570290235
2.32 11.4462342082112
2.33 4.70593176353264
2.34 20.1363621287935
2.35 4.31576138358455
2.36 9.71696622677602
2.37 8.84486850040525
2.38 23.3091606482781
2.39 27.6365182772249
2.4 18.288985118192
2.41 10.0143856733093
2.42 17.2398816627878
2.43 33.8477485469394
2.44 6.087268230502
2.45 24.7454913055262
2.46 17.9243571254196
2.47 24.8810097561999
2.48 26.1882050704624
2.49 19.7271018414877
2.5 33.5917748209608
2.51 14.5269569092834
2.52 29.520481025034
2.53 32.3693739305703
2.54 10.7540272983896
2.55 27.670069675447
2.56 23.9142616850477
2.57 29.0937138104652
2.58 23.3428073224349
2.59 -4.9728701198338
2.6 10.6808554495362
2.61 20.1066237893275
2.62 -2.91342169351671
2.63 8.48604283625628
2.64 11.4922275246076
2.65 16.3648825298137
2.66 25.1343207126389
2.67 19.5738531523428
2.68 16.6681056585983
2.69 13.4653549897857
2.7 16.8452001385384
2.71 4.0933124589625
2.72 17.6852646532442
2.73 24.0901307067486
2.74 17.9376517668694
2.75 9.497699329476
2.76 30.2239847757129
2.77 32.8271461030469
2.78 30.0850713135787
2.79 13.8320267607414
2.8 16.1739008072135
2.81 18.1608699078417
2.82 16.7779525143082
2.83 38.9610594682815
2.84 13.4953087338901
2.85 22.4439958384764
2.86 14.3283874708405
2.87 24.3632863044614
2.88 32.303447114927
2.89 20.9221317291302
2.9 -7.42373096456524
2.91 11.9601836410405
2.92 19.9515945956058
2.93 -4.16864687605244
2.94 8.08829822643477
2.95 22.454752632974
2.96 25.6145761603358
2.97 10.4091136440485
2.98 18.218637141606
2.99 27.3901524997848
3 3.84683971389766
3.01 20.6827598541731
3.02 0.604414515349475
3.03 28.9439369369029
3.04 8.73478028680821
3.05 7.25936845260208
3.06 40.6932722147527
3.07 23.5419076717604
3.08 16.0989267700792
3.09 30.8395053102003
3.1 33.789719391016
3.11 15.8314925165668
3.12 14.8462908370707
3.13 30.3228506064758
3.14 19.2182361960025
3.15 21.4243491703773
3.16 8.86899826886176
3.17 6.96143410349691
3.18 16.8419322601274
3.19 19.7678688810129
3.2 39.2998927084508
3.21 6.91155872369277
3.22 25.3929547547359
3.23 30.4858554623892
3.24 10.4455958599714
3.25 18.7637246755517
3.26 -8.84437446675475
3.27 15.1566075033737
3.28 20.6171925292165
3.29 20.9821952261128
3.3 25.822254177655
3.31 22.6532581105699
3.32 22.2122871829458
3.33 28.173924551199
3.34 12.7138046697658
3.35 19.866751138918
3.36 18.2308124954631
3.37 35.6596776043116
3.38 25.3284870869706
3.39 23.9005117194492
3.4 -4.7443371498983
3.41 18.3874086647423
3.42 17.0654020706667
3.43 26.1305550806932
3.44 44.0753856758144
3.45 12.6394504931262
3.46 20.6924583409819
3.47 11.1588127350557
3.48 3.38655557064482
3.49 18.0785491784398
3.5 14.0896850821268
3.51 11.0466416737892
3.52 24.7360840294556
3.53 23.565446984067
3.54 35.8932589956528
3.55 2.91342196626047
3.56 27.3543602852085
3.57 15.5902705465328
3.58 22.3197049053998
3.59 24.34759448192
3.6 7.19152925434748
3.61 11.938769048253
3.62 14.1453601044443
3.63 32.9563612902763
3.64 23.5459996178746
3.65 30.0224471234847
3.66 18.2664746729358
3.67 21.7246874543982
3.68 31.6691153941401
3.69 18.4094423915565
3.7 30.7321946074698
3.71 36.9539449879446
3.72 23.0409440280627
3.73 24.2626870563464
3.74 27.1698603269334
3.75 33.4322734451437
3.76 33.5835934970292
3.77 34.8462087899627
3.78 24.4290694933973
3.79 12.0648238652066
3.8 18.679170929328
3.81 19.9336642701903
3.82 42.8045455238649
3.83 27.7465256171925
3.84 7.80202368921918
3.85 29.2177844387457
3.86 22.9582755127216
3.87 30.2759410843694
3.88 11.4453109550795
3.89 19.7930591454985
3.9 48.1376349599474
3.91 13.0460409611497
3.92 34.1918964176101
3.93 37.2264465883212
3.94 37.8287735467126
3.95 39.1942467047204
3.96 26.2085622581631
3.97 20.4346228044018
3.98 16.4105786637639
3.99 33.5070353560579
4 37.6358709134363
4.01 35.0499616084076
4.02 44.1365649292432
4.03 44.6292433729593
4.04 18.4021609337837
4.05 43.6077446293814
4.06 22.3825248865268
4.07 20.9699131186407
4.08 0.480545377426136
4.09 21.3648517598513
4.1 12.4543686244902
4.11 25.3144811532318
4.12 30.093034555432
4.13 21.3910934675453
4.14 29.7801460551534
4.15 40.2745463239486
4.16 43.9102706426241
4.17 18.1148846449794
4.18 28.5223431231181
4.19 29.9278099163167
4.2 30.8935144712637
4.21 2.05056562815022
4.22 27.4819860882278
4.23 24.7461776960039
4.24 21.3333214153967
4.25 49.251849775979
4.26 18.1473246668096
4.27 21.384371517536
4.28 28.5445410201275
4.29 18.2873497205697
4.3 22.6989555794757
4.31 31.4047623728323
4.32 21.2282799729955
4.33 38.6938273802894
4.34 22.0323126600811
4.35 34.1700673324695
4.36 19.7746299566751
4.37 30.6591428695619
4.38 13.6951676391908
4.39 42.1955661491775
4.4 24.1463290951839
4.41 28.1563984459572
4.42 25.8432814058164
4.43 46.4189906136353
4.44 20.294885701
4.45 32.2185748594062
4.46 40.5328789790988
4.47 44.83582960825
4.48 19.7727083409394
4.49 31.0700973904463
4.5 27.2739703658904
4.51 13.8736711842435
4.52 34.3983276413417
4.53 22.7222158765565
4.54 31.7957869568031
4.55 20.715915839161
4.56 12.9566609752962
4.57 25.3971620924331
4.58 32.3459986130535
4.59 23.8125353594967
4.6 30.5777261021316
4.61 17.4420606499722
4.62 23.3354280086687
4.63 24.8920898315475
4.64 30.4845532966586
4.65 20.0932760420418
4.66 43.6909239953099
4.67 8.15664693330438
4.68 26.9444010662417
4.69 27.614360101019
4.7 31.6702024603242
4.71 21.4635619663421
4.72 42.2634680023919
4.73 19.8563330604844
4.74 34.2901391649702
4.75 30.897454532964
4.76 12.9341071583495
4.77 24.6215650575733
4.78 26.4083384996963
4.79 43.2211823274462
4.8 23.7507534071776
4.81 28.7676602703664
4.82 18.2382096670738
4.83 39.0066940914879
4.84 36.929588594831
4.85 24.5963566094247
4.86 21.5671279002951
4.87 29.1295224027619
4.88 16.2850531940542
4.89 37.0892795870369
4.9 30.9847870146036
4.91 20.4089129002717
4.92 39.7383684418368
4.93 17.2278073922283
4.94 18.0342833131857
4.95 26.5039227574901
4.96 46.0126567971437
4.97 37.4897081075905
4.98 42.4080657297613
4.99 27.7329819239271
5 15.0002903943853
5.01 40.3868543786401
5.02 44.5837853827529
5.03 43.4474906662913
5.04 24.4243201081723
5.05 18.2780895115915
5.06 18.4350828016944
5.07 24.9906785350144
5.08 38.1815987694117
5.09 30.2749625708148
5.1 37.7308285290937
5.11 50.6403485242094
5.12 19.1872103578427
5.13 24.3016242639541
5.14 19.016306863483
5.15 33.6240001563044
5.16 34.5143561616561
5.17 14.8755874917257
5.18 23.9321274158668
5.19 33.8246576698803
5.2 18.1575666461044
5.21 15.8545926811361
5.22 45.3534138157216
5.23 43.9390603346344
5.24 33.9710665204474
5.25 40.8989024433565
5.26 24.7179207793046
5.27 48.1075229094348
5.28 51.4489016043906
5.29 24.6024356600428
5.3 22.8246747498938
5.31 36.5368399638167
5.32 33.2313888718197
5.33 25.6825065605252
5.34 39.9766871651615
5.35 26.0742437685685
5.36 40.7217936484768
5.37 27.757121803053
5.38 34.4200407367964
5.39 54.7836900194728
5.4 14.344783368133
5.41 43.5383899621596
5.42 35.330313501644
5.43 24.4253517008513
5.44 27.6316022474006
5.45 47.0584217497053
5.46 40.4145208116915
5.47 35.3372545005163
5.48 36.0176332354533
5.49 25.2251069313206
5.5 22.0802942618898
5.51 37.1504924006062
5.52 18.5257729527038
5.53 36.2206111502301
5.54 22.5943999413114
5.55 34.6615715590891
5.56 22.8436058253486
5.57 32.8116498845928
5.58 15.2036086720263
5.59 31.411534404426
5.6 36.4302093782258
5.61 47.5291456975877
5.62 34.0407192659006
5.63 22.1972745827583
5.64 31.7104639048245
5.65 28.9773437164696
5.66 40.1317085133262
5.67 18.2190157008599
5.68 35.3350302366311
5.69 34.2321634636849
5.7 25.9790665496208
5.71 40.9315020003084
5.72 42.0433031104025
5.73 35.0240770442878
5.74 38.7145410921187
5.75 38.3868806560398
5.76 33.6079156018708
5.77 9.45445677002536
5.78 9.03841254975502
5.79 41.5157727015166
5.8 54.6852748574519
5.81 55.4010941872934
5.82 40.2273792328543
5.83 48.6683684758215
5.84 50.2222844269303
5.85 46.1548654529439
5.86 23.3034601649098
5.87 26.9865821740692
5.88 35.7874142771633
5.89 50.8050428899041
5.9 41.5284676260664
5.91 32.3618537540532
5.92 26.3571766080498
5.93 53.5575014180804
5.94 29.6900003968557
5.95 29.6990840370994
5.96 50.6702351173375
5.97 50.0315231737283
5.98 50.0149252831985
5.99 48.7991612356692
6 12.2180555562984
6.01 12.9134783126835
6.02 50.5639727267131
6.03 22.8610244826784
6.04 31.3603177300219
6.05 42.7690944135288
6.06 37.0047746075639
6.07 29.7472484229685
6.08 24.1058690283086
6.09 43.7327898392955
6.1 45.4643892200638
6.11 35.5905408222493
6.12 25.1166729561415
6.13 51.1655452038535
6.14 37.4787409564456
6.15 30.9540418754546
6.16 22.2201279237786
6.17 36.5089208892111
6.18 40.553324274513
6.19 42.4843962801059
6.2 31.9169832893387
6.21 15.8449239725048
6.22 35.0868223734346
6.23 30.9220641224609
6.24 35.1506577050596
6.25 56.2997697548742
6.26 48.0163675439908
6.27 44.369745564827
6.28 39.7587021564511
6.29 35.0980871175138
6.3 35.1103836313556
6.31 24.5783398421651
6.32 35.8288474752006
6.33 31.5757174594653
6.34 25.03664327794
6.35 23.3649451458923
6.36 35.5681455403105
6.37 42.0346751668531
6.38 49.5856981223025
6.39 61.204987870605
6.4 24.4965634357463
6.41 40.6607316975516
6.42 39.7207171056666
6.43 42.1933287569097
6.44 32.0207322163858
6.45 39.8298861044209
6.46 38.0041790012889
6.47 38.9029183653705
6.48 40.2047413960064
6.49 44.2073735411506
6.5 42.1874015169582
6.51 22.4099079298988
6.52 22.9445142448243
6.53 41.6235537904799
6.54 20.6171802206658
6.55 35.0389455881077
6.56 24.2531344519644
6.57 56.2200197554895
6.58 31.425031926099
6.59 53.5782042723805
6.6 18.6502829354652
6.61 38.9741066434222
6.62 11.096351774499
6.63 38.2150298953938
6.64 34.2974035333583
6.65 27.2666794376608
6.66 26.2594124813264
6.67 18.3394734132363
6.68 32.2124578834774
6.69 39.4209177434564
6.7 64.0710467080748
6.71 50.8399377878308
6.72 29.4864947358311
6.73 39.9234081819256
6.74 19.176370543513
6.75 38.6871755302022
6.76 4.73637776695778
6.77 35.6531174175236
6.78 31.090294415152
6.79 47.6440092816823
6.8 47.9250770190235
6.81 41.143934026476
6.82 29.9649389528128
6.83 35.4210053827103
6.84 44.5450842156655
6.85 40.4558630325399
6.86 13.7014563641733
6.87 34.6272582718536
6.88 30.6942061389452
6.89 38.5829311750829
6.9 35.3995118444852
6.91 35.1469992187857
6.92 31.7230897497639
6.93 34.6852292099299
6.94 46.0041720831487
6.95 56.9817068102241
6.96 45.3433616566321
6.97 34.9927920168098
6.98 65.3732210799026
6.99 52.5399836124238
7 47.6905058792665
7.01 28.712191552756
7.02 27.9518076217483
7.03 28.5777476300017
7.04 44.6083364140189
7.05 32.8357611362239
7.06 43.6432606538332
7.07 56.5095350371966
7.08 50.9274162679426
7.09 47.5382466546978
7.1 37.0083850559664
7.11 60.2849892076799
7.12 52.4463320793315
7.13 55.8189976083377
7.14 30.3235108540606
7.15 36.7643423026909
7.16 30.2632987309853
7.17 29.2230072229143
7.18 49.0801291208583
7.19 29.0254109207422
7.2 41.3759022715613
7.21 31.4270190019649
7.22 52.6075938222502
7.23 38.2410785069223
7.24 40.9166674926524
7.25 35.5850388357106
7.26 62.8009754188181
7.27 57.2873962107062
7.28 54.1002588524091
7.29 42.7331349287627
7.3 35.2002345969305
7.31 12.1553298192464
7.32 41.578853610959
7.33 45.9688885453216
7.34 41.0431634011915
7.35 23.1544365602822
7.36 38.7045585984319
7.37 38.9932785737194
7.38 34.4133663031266
7.39 49.6050258893635
7.4 47.515331882939
7.41 54.5501993801608
7.42 47.520110992983
7.43 47.3700544858704
7.44 49.9985396728416
7.45 37.03090210526
7.46 45.3445833209544
7.47 57.6737838997243
7.48 56.9436346564246
7.49 57.6952666332871
7.5 28.2790047620523
7.51 53.0426895461174
7.52 49.0818078745834
7.53 50.335450103498
7.54 44.3579189962508
7.55 75.0941501417461
7.56 65.5629036107689
7.57 44.1108401268379
7.58 40.4845112930452
7.59 33.111717579474
7.6 40.945678299777
7.61 39.5795250352319
7.62 46.6402331564128
7.63 51.8760538167544
7.64 44.8122991872367
7.65 51.1741901151854
7.66 34.7592789862786
7.67 45.8511696496602
7.68 40.1282580002667
7.69 50.5959282193603
7.7 43.7154004518581
7.71 42.5870490376806
7.72 60.4353786472859
7.73 46.2928073599699
7.74 53.4776751568688
7.75 38.6107966454788
7.76 37.38118189684
7.77 20.8788289105743
7.78 45.7231686195299
7.79 50.8660443595484
7.8 27.6138203838045
7.81 38.2668376878837
7.82 70.4738250833594
7.83 51.0648867839419
7.84 56.1203840929514
7.85 47.7462172992415
7.86 52.8271225164407
7.87 26.9115007165205
7.88 38.2113010157319
7.89 28.7007175027902
7.9 24.579917318645
7.91 50.5961365451725
7.92 49.8602287675154
7.93 45.7096427608472
7.94 29.9916573963845
7.95 56.3451134297916
7.96 31.7263475888285
7.97 51.3938810962048
7.98 42.0516904438819
7.99 40.785217023845
8 38.3199893738702
8.01 26.4134613905315
8.02 51.9315619558836
8.03 41.4898818735952
8.04 23.944709875289
8.05 36.7314992692561
8.06 54.88213255993
8.07 37.9472083940667
8.08 29.1283958754569
8.09 58.7427543810877
8.1 34.3172486225093
8.11 26.0375524814675
8.12 52.3844652233884
8.13 40.7947864750945
8.14 52.115478787726
8.15 36.7874733689472
8.16 48.5386605720339
8.17 42.7955472720017
8.18 56.2616136871636
8.19 45.1616284322405
8.2 36.9777496574284
8.21 55.2566186436559
8.22 20.3955023250347
8.23 54.4084934402831
8.24 37.8774541512228
8.25 36.6157046948787
8.26 55.4957216172634
8.27 63.4817519177685
8.28 46.3681087773223
8.29 46.7715250111875
8.3 52.842179431907
8.31 35.1366169993321
8.32 68.1256396813833
8.33 63.2503507019713
8.34 41.8012651914304
8.35 56.3231614957505
8.36 51.6926248896154
8.37 57.1991709893619
8.38 58.8313513018136
8.39 36.6517372111457
8.4 50.6217659806716
8.41 56.6595479598609
8.42 49.265446665996
8.43 39.0285176250997
8.44 54.0688963765147
8.45 36.2290487238334
8.46 32.5686552107556
8.47 49.768312927562
8.48 40.6330056658578
8.49 54.8880117389128
8.5 43.4686550642238
8.51 47.1537630899922
8.52 48.2933553458311
8.53 54.8939469971292
8.54 54.9784885544222
8.55 34.4917208744319
8.56 28.143244629281
8.57 39.1027860128467
8.58 41.6871209469582
8.59 54.2253885918006
8.6 49.1293072997754
8.61 53.8362137941863
8.62 37.1115453802444
8.63 57.5359528549415
8.64 47.9092235475549
8.65 58.8937500323762
8.66 41.7101817188479
8.67 63.6560538537354
8.68 46.481332275879
8.69 44.5303103229202
8.7 33.0402381922899
8.71 63.2266466668421
8.72 34.9902726034119
8.73 46.6335868410215
8.74 21.1041144931847
8.75 49.255584357619
8.76 54.3716766691739
8.77 32.5817850059808
8.78 47.5999341136818
8.79 55.6783907839828
8.8 43.8866476850749
8.81 66.7180079981321
8.82 47.1564937568272
8.83 46.9516369420781
8.84 44.9669668070334
8.85 37.4977709303693
8.86 39.122677401028
8.87 31.5493379559252
8.88 66.9304822685788
8.89 61.5291092102914
8.9 44.5254867924397
8.91 45.2116218015818
8.92 54.9977602976963
8.93 69.2491599172347
8.94 56.2482711361755
8.95 59.0365034186144
8.96 54.1862933927206
8.97 46.9972016295191
8.98 38.2683692949917
8.99 44.4079795929212
9 53.0876482769427
9.01 54.9937566341302
9.02 59.9053141751209
9.03 42.2694601861815
9.04 34.5644917289876
9.05 52.1960667270761
9.06 53.1027587057657
9.07 48.3159532177052
9.08 28.2102466168887
9.09 65.3395917420968
9.1 57.8551250674813
9.11 55.4930205638067
9.12 38.9126635839405
9.13 59.3817083437191
9.14 42.306548281416
9.15 47.5772099244673
9.16 42.4181301017611
9.17 53.6159482270686
9.18 66.9072388156565
9.19 57.8022214494073
9.2 52.9634323729507
9.21 46.9539576713445
9.22 52.3798922833636
9.23 53.6055664527143
9.24 39.2481358716564
9.25 57.7548477499502
9.26 40.4128750080541
9.27 68.7515355536948
9.28 34.5056782176152
9.29 54.6909353793299
9.3 58.787717669119
9.31 47.5521876039295
9.32 55.4836600592624
9.33 57.0941734284457
9.34 30.6573924634035
9.35 48.4566472719035
9.36 61.6921830546101
9.37 46.7273189369563
9.38 49.8126346193872
9.39 46.9127276466045
9.4 66.7798436093563
9.41 52.2385485373987
9.42 55.2354028177589
9.43 44.3152685693887
9.44 42.8641584092145
9.45 36.4053356725986
9.46 42.0826268219561
9.47 57.2303649869649
9.48 41.3122071494733
9.49 56.2524298607285
9.5 60.7509325014303
9.51 43.5850627712895
9.52 48.9219531177233
9.53 50.518987119079
9.54 36.5347400946135
9.55 68.363422566426
9.56 47.7084312852182
9.57 60.0207377470732
9.58 58.7013327727941
9.59 42.2586923640371
9.6 47.6840415324319
9.61 56.7835334873638
9.62 72.0019533934411
9.63 43.7580147473787
9.64 61.2227371845552
9.65 54.4467962011746
9.66 61.8699064178463
9.67 52.6517488091161
9.68 58.7871412936914
9.69 42.7486480983046
9.7 66.1285431109979
9.71 57.3611528444409
9.72 52.9627997904803
9.73 46.5045129660981
9.74 44.513073705107
9.75 61.7235166138303
9.76 77.3418000892319
9.77 42.0080858420164
9.78 44.8902897860007
9.79 55.5299911146356
9.8 55.4361009358866
9.81 43.9741268039346
9.82 61.5032047395434
9.83 59.994783309153
9.84 57.072880342149
9.85 62.6445473101435
9.86 59.8870392821411
9.87 42.3301310117229
9.88 46.9839046235908
9.89 48.9313318969966
9.9 43.5267561367439
9.91 60.079740608643
9.92 50.1943817904541
9.93 53.1578857145469
9.94 43.054189801576
9.95 60.5090789255898
9.96 49.2516883387885
9.97 54.5345944472199
9.98 27.6994128202527
9.99 51.3962044718257
10 58.3099618541701
