0.01 26.1288246053402
0.02 -3.28706564217174
0.03 7.30209948249747
0.04 10.0414286747794
0.05 0.680406571054866
0.06 -18.4775322836644
0.07 5.18492456931986
0.08 -6.05935175163276
0.09 5.8042206008301
0.1 -0.808138656209024
0.11 -14.0017672290294
0.12 6.85474062294472
0.13 -2.20504271796047
0.14 -12.2390446292184
0.15 1.69878062151542
0.16 -7.1091213405581
0.17 0.487644181043351
0.18 -7.94411603361209
0.19 4.135186999235
0.2 9.62742691954141
0.21 12.5969140115593
0.22 -2.36931355279228
0.23 8.34363028299594
0.24 8.63492808373466
0.25 8.3315355241699
0.26 -3.1674509250406
0.27 8.85731200958526
0.28 14.7360856560849
0.29 7.3432598851567
0.3 16.1766285212616
0.31 21.2784788771244
0.32 4.80940949446189
0.33 8.23266052141958
0.34 6.79639168629068
0.35 9.9132026888418
0.36 15.8787006793356
0.37 -2.11844328452803
0.38 2.94447968216659
0.39 4.07239006179463
0.4 -9.79350087252892
0.41 11.6859732420883
0.42 8.56259911741627
0.43 5.63567796378389
0.44 16.5841706757762
0.45 -0.774640063281264
0.46 -12.6978713596635
0.47 -26.555207710207
0.48 -1.7483307652251
0.49 2.40013964005947
0.5 2.92555712035034
0.51 -6.56893278615344
0.52 7.09026099688017
0.53 13.131683543728
0.54 8.25951285295909
0.55 2.09842590687333
0.56 19.4875396181763
0.57 4.16071345494461
0.58 19.540870866345
0.59 38.564850565414
0.6 10.1658010500873
0.61 16.926612041807
0.62 -0.641685415771009
0.63 17.1699875307461
0.64 0.360576218344698
0.65 5.193789229303
0.66 7.03119847531593
0.67 11.3552703305214
0.68 -1.35469372268474
0.69 -11.1430078004439
0.7 3.32863019807623
0.71 4.42747512316388
0.72 11.531993381983
0.73 15.6738025857657
0.74 -0.652434826941306
0.75 34.8475387472119
0.76 8.42748799370502
0.77 11.9335856393601
0.78 2.18068434287394
0.79 13.4991569761085
0.8 13.2456637854617
0.81 14.5839449155349
0.82 11.5546476907829
0.83 4.83492215183939
0.84 24.6368850598065
0.85 9.61334615003813
0.86 8.02950418511696
0.87 5.84243190330785
0.88 -2.91754347781385
0.89 -0.565663629298681
0.9 7.8855748585245
0.91 -5.59449665834829
0.92 17.2196558625713
0.93 8.61353719908788
0.94 15.9975845533643
0.95 9.50975781550416
0.96 4.1524390298025
0.97 2.25923368986084
0.98 14.9168047719636
0.99 11.883477283381
1 14.2961664382243
1.01 4.59932106926082
1.02 28.5683006240515
1.03 -0.0151297494551805
1.04 20.7761881252501
1.05 9.44264279109557
1.06 10.8749644185572
1.07 0.0326605103738533
1.08 6.5147582096386
1.09 21.4289118386383
1.1 -17.3088315564652
1.11 7.97346910296792
1.12 1.47090179486418
1.13 18.2214047597609
1.14 13.3850302701222
1.15 10.3960057115159
1.16 26.1027221111701
1.17 11.9662038433502
1.18 32.1366949599298
1.19 7.31699408461482
1.2 12.6458445346586
1.21 19.4057894194631
1.22 24.5512534265664
1.23 31.0992171705564
1.24 15.8290426478623
1.25 4.20995649106973
1.26 -1.50248426520484
1.27 18.4174418658163
1.28 3.91573312613554
1.29 -5.52034354979255
1.3 5.73958365312992
1.31 14.2549135390491
1.32 4.33619369792361
1.33 13.179684618538
1.34 -3.71785814607198
1.35 0.69322624615485
1.36 8.84998606299578
1.37 12.8450135639315
1.38 12.8479103865485
1.39 23.8626545949695
1.4 2.85150273338505
1.41 18.4634016461155
1.42 18.6959904005532
1.43 9.68741422045059
1.44 18.1072319373917
1.45 9.15495887702363
1.46 15.8518651409227
1.47 10.8120367209502
1.48 11.520136833328
1.49 0.877150167433818
1.5 17.6165882227283
1.51 2.84303671735878
1.52 23.5289889919423
1.53 10.4338477958887
1.54 24.9364210202047
1.55 20.6490452410317
1.56 -2.34756333666497
1.57 18.3053516383663
1.58 25.041003830136
1.59 -0.247349173528647
1.6 3.02837659731035
1.61 13.183032064724
1.62 18.6111394615275
1.63 22.3330702461351
1.64 11.1467149222743
1.65 24.7637485607843
1.66 15.1065285110789
1.67 12.8942393766182
1.68 16.1085081539686
1.69 9.30891981600251
1.7 16.1806283448857
1.71 10.1231871886259
1.72 7.62369919963266
1.73 -9.46635483845288
1.74 13.2236639614667
1.75 20.159981502684
1.76 17.1042356514788
1.77 22.571514397152
1.78 -7.2920881897534
1.79 26.7358019366297
1.8 -2.91191102130712
1.81 -3.86766175979028
1.82 0.436482524884067
1.83 16.6627903258027
1.84 14.9179673123672
1.85 13.7630018686049
1.86 8.21306027826919
1.87 12.3923169526403
1.88 11.3918566867562
1.89 27.4782710417946
1.9 -9.90976099558879
1.91 22.8188273570498
1.92 17.6297396272871
1.93 11.2855259286246
1.94 15.2749926671233
1.95 5.10085367494919
1.96 22.7809756116869
1.97 18.2329323778972
1.98 8.88139265950162
1.99 -4.79361317158968
2 22.066537803997
2.01 20.4674469618427
2.02 3.48735726497952
2.03 19.445528531349
2.04 -12.9016238703196
2.05 21.7257463596223
2.06 11.5438317002209
2.07 -2.41975207452453
2.08 25.2957370332128
2.09 11.9750762035618
2.1 29.363373478708
2.11 12.2035507921141
2.12 27.4608622017246
2.13 5.59745012009786
2.14 14.3197095843394
2.15 9.93965183423758
2.16 27.6093646117433
2.17 16.3510480019636
2.18 14.7954697735284
2.19 16.4726643620106
2.2 10.5049375865822
2.21 0.744539823671074
2.22 28.5496268403176
2.23 16.8885513246423
2.24 28.7884320817438
2.25 15.1430485494106
2.26 15.3008631018832
2.27 12.9250506217543
2.28 2.22280753207594
2.29 13.5069871650883
2.3 33.1430380643523
2.31 18.9367669626957
2.32 6.56848621200012
2.33 -4.46759950091133
2.34 19.502665227259
2.35 -1.71482918837961
2.36 11.9551472087403
2.37 18.3059190602412
2.38 29.6399038000644
2.39 24.4744314646271
2.4 30.006502630854
2.41 22.4447275341678
2.42 14.8686309077246
2.43 11.9376362268952
2.44 18.0592648539479
2.45 32.093700947442
2.46 23.842960470004
2.47 6.11088864665314
2.48 25.9889207877035
2.49 11.0829399812097
2.5 19.1333908335017
2.51 -0.0580037698100266
2.52 33.2000143909694
2.53 36.3891890807585
2.54 26.9448056163017
2.55 16.0156968622858
2.56 31.5308009629731
2.57 31.732124708161
2.58 18.3469396269204
2.59 28.7706932918667
2.6 9.29134909832435
2.61 19.5445181777914
2.62 13.1012216884133
2.63 14.9348333526132
2.64 25.1122273258051
2.65 24.7479406587293
2.66 19.3375392728815
2.67 -3.3570817021507
2.68 15.1301458366495
2.69 19.5349687823077
2.7 10.0861259555551
2.71 6.65595517367948
2.72 11.8286125215361
2.73 34.9224314106478
2.74 14.325702044626
2.75 9.67489651991282
2.76 25.7816887577293
2.77 31.6519614418909
2.78 14.5761601835436
2.79 12.1397059632854
2.8 19.453382737239
2.81 19.779926296677
2.82 11.9481757727129
2.83 33.0700106091619
2.84 8.25541769858347
2.85 15.8639473288884
2.86 27.6846352236842
2.87 11.1872816199708
2.88 26.3377573414561
2.89 -6.85453532979928
2.9 14.6600811962497
2.91 22.3974047487443
2.92 5.4158637487765
2.93 12.0209658109248
2.94 2.43038127897509
2.95 12.0539485514015
2.96 34.3810413409691
2.97 20.4678814405479
2.98 20.6599671665201
2.99 23.653572801584
3 -3.90040366053557
3.01 41.3404910938814
3.02 39.5837976285862
3.03 34.5722523186513
3.04 28.3186848059185
3.05 12.3949278661915
3.06 21.1539255798444
3.07 15.5710185519639
3.08 26.2409942637026
3.09 12.469532695286
3.1 15.3998421061104
3.11 7.44486840643163
3.12 17.5876483886274
3.13 28.2514114700097
3.14 31.2225080981734
3.15 16.1786398543906
3.16 29.7196490622664
3.17 18.1053918528377
3.18 34.3523736231769
3.19 19.9145099631072
3.2 27.2702678353811
3.21 13.9209189516672
3.22 28.2840125851264
3.23 30.1348131919476
3.24 5.16019706662151
3.25 26.1309185897295
3.26 35.4528474164279
3.27 34.2725748236001
3.28 12.9965969896233
3.29 17.1377667906752
3.3 14.542176310934
3.31 29.7171882349343
3.32 34.691692197224
3.33 35.5126482843715
3.34 15.2901617759684
3.35 14.7644147739125
3.36 18.3877856024593
3.37 21.6092293635598
3.38 38.2009215918009
3.39 37.7216667870652
3.4 19.3664396463751
3.41 18.8503807190418
3.42 8.87875792987093
3.43 23.4284668116886
3.44 27.2852239390593
3.45 22.7771130186477
3.46 18.7108276479259
3.47 24.4702043910835
3.48 37.2913351033996
3.49 27.7625142977757
3.5 43.717944731128
3.51 56.9070094237624
3.52 6.92019653206438
3.53 10.972809881998
3.54 31.3160308930295
3.55 32.5890168656809
3.56 30.2402159513209
3.57 15.1456491769716
3.58 45.6630885028427
3.59 30.8111234342328
3.6 27.0306783584326
3.61 16.537360915317
3.62 12.3103985675251
3.63 35.5516452979671
3.64 9.73552838855003
3.65 15.8142273379102
3.66 26.2895178195588
3.67 38.3161937945197
3.68 34.4692983777534
3.69 30.7835104725942
3.7 26.046131102267
3.71 19.6914407551796
3.72 26.5268439218868
3.73 -15.7046820861861
3.74 31.724493512462
3.75 24.9118820565235
3.76 14.8624879864065
3.77 27.5973153716108
3.78 22.6150546971651
3.79 40.5290012662274
3.8 24.6134769284666
3.81 33.9115274856072
3.82 30.2684714000448
3.83 20.1922927001479
3.84 36.5816151601045
3.85 22.6054169252502
3.86 40.6882702797758
3.87 33.5450016989554
3.88 24.8074589979865
3.89 27.8092898017474
3.9 34.9428000749337
3.91 13.0109886425723
3.92 29.3872999193217
3.93 4.30781315116397
3.94 42.6228417008788
3.95 20.1234671664584
3.96 49.6486996097004
3.97 41.0338979390213
3.98 8.14019715467551
3.99 29.0476583710015
4 24.0160444236418
4.01 26.9324801122306
4.02 27.7694073691504
4.03 33.168568834803
4.04 28.3193047607107
4.05 20.0152118444353
4.06 47.0546725250133
4.07 15.4704726063788
4.08 36.4131674594774
4.09 24.7166950868307
4.1 15.6464276837048
4.11 33.071349737523
4.12 16.9635082343768
4.13 16.0685542261024
4.14 17.4937303751997
4.15 26.6263605804069
4.16 32.8626868380232
4.17 23.9979868000745
4.18 23.8384000223384
4.19 14.2889324076608
4.2 13.7307157980981
4.21 44.8777490546772
4.22 22.6514351689051
4.23 40.3552293753005
4.24 33.4589488548753
4.25 31.2953117316353
4.26 11.2170243925959
4.27 14.7171171685749
4.28 29.2852532512591
4.29 37.6596604149081
4.3 28.316741168531
4.31 38.6473427731618
4.32 37.1853853068894
4.33 24.2860352262031
4.34 18.9593601927305
4.35 12.0155441681801
4.36 27.5850871017483
4.37 37.5791279967101
4.38 13.208398696931
4.39 29.7841515420924
4.4 20.089438384077
4.41 26.7296527714303
4.42 21.3783290778246
4.43 45.1783015853342
4.44 30.1385376620981
4.45 27.5177802886492
4.46 16.1189529901672
4.47 13.2911096177405
4.48 11.0072026271827
4.49 32.2870186043529
4.5 15.565295799679
4.51 26.2310497881249
4.52 16.8729445508622
4.53 28.581773234876
4.54 21.5787988651631
4.55 23.8213331644271
4.56 7.72688708085866
4.57 26.9079406907696
4.58 41.377417680545
4.59 32.0391079267135
4.6 3.07471035383056
4.61 19.7998745709719
4.62 32.8264226739073
4.63 39.8328907083115
4.64 36.814595449743
4.65 36.5296483016774
4.66 26.8154130560287
4.67 26.8867869170247
4.68 19.5968727788699
4.69 27.9446974656026
4.7 33.2916682159204
4.71 25.9944796904282
4.72 25.8410544968044
4.73 38.9102830884224
4.74 29.81244010976
4.75 19.8504844337854
4.76 33.6950801938651
4.77 19.4815001777497
4.78 14.3173412054556
4.79 38.571368026386
4.8 18.6113377326203
4.81 45.1082871741044
4.82 22.8084331091089
4.83 46.6549519485662
4.84 38.3059517158902
4.85 23.3294831229958
4.86 33.0060642510853
4.87 20.7506697092037
4.88 39.5958655048384
4.89 30.9531183446795
4.9 30.7989448428756
4.91 34.6706852350723
4.92 38.7270985077348
4.93 7.03404994831047
4.94 31.7631977143598
4.95 19.6177214687807
4.96 28.6560427559885
4.97 25.5175142221629
4.98 25.8545863123123
4.99 23.7307859891033
5 30.9859183696441
5.01 32.4886462795135
5.02 48.280432758458
5.03 19.5664408170532
5.04 18.4872515714685
5.05 26.3247646307115
5.06 33.7302709220154
5.07 28.5330775386175
5.08 44.7881538600821
5.09 25.1233200278855
5.1 30.5527416506659
5.11 19.0513331942294
5.12 31.408924694485
5.13 28.5567051598699
5.14 38.4158185939044
5.15 33.3638524375844
5.16 49.1631173565993
5.17 31.1309763664257
5.18 40.8825822878504
5.19 33.74131553153
5.2 15.6219959433935
5.21 42.0870182262443
5.22 56.6480335996936
5.23 43.8495012540501
5.24 24.9324444661398
5.25 37.1305648191782
5.26 52.081002329005
5.27 31.938237722661
5.28 40.6838115073317
5.29 41.7686557964716
5.3 26.3938191419677
5.31 31.1311899123018
5.32 37.4108723991974
5.33 29.4314682637467
5.34 51.1811244518696
5.35 26.2420148837777
5.36 40.7351773520221
5.37 35.8674949754874
5.38 25.3790067781377
5.39 46.4440650328201
5.4 38.88327460337
5.41 36.8524930817819
5.42 33.2686856485961
5.43 48.8495040882006
5.44 42.6381900950152
5.45 15.9820006119235
5.46 40.8548303743403
5.47 31.5997683652321
5.48 24.1136979146474
5.49 39.1657557480486
5.5 36.0946636169242
5.51 21.3670166256327
5.52 34.5188086841307
5.53 38.7866363828123
5.54 29.8428469310885
5.55 32.4448193421183
5.56 34.5568673038212
5.57 25.6937246472192
5.58 18.4017173756374
5.59 44.2268823101892
5.6 47.3906513222605
5.61 41.0015548230197
5.62 21.9708440272883
5.63 37.0220368390529
5.64 20.5502285896263
5.65 23.5401673967097
5.66 27.0453308898998
5.67 34.9158736594504
5.68 45.2881654533829
5.69 32.1943515178368
5.7 25.328722609474
5.71 12.9063745570401
5.72 25.1192438915086
5.73 42.8861949333487
5.74 27.5260253831394
5.75 35.2610452823356
5.76 35.5933285850117
5.77 23.3042830539234
5.78 23.3630918338782
5.79 37.4499404150138
5.8 16.6410055291252
5.81 35.8362473075548
5.82 25.3872651572166
5.83 31.0915410678355
5.84 34.8549134002389
5.85 27.9352489402463
5.86 37.0116376829026
5.87 47.4995222434945
5.88 35.4009993002617
5.89 31.4771335357489
5.9 33.9913707748916
5.91 42.4396070518829
5.92 33.9876324910271
5.93 37.827783318448
5.94 43.0755053709781
5.95 36.0745356333997
5.96 36.6276188616048
5.97 32.7460461524571
5.98 29.5961797767775
5.99 36.7422596488921
6 45.5752743373512
6.01 48.1047298979468
6.02 37.2382775742495
6.03 16.0860762797939
6.04 45.3682576633761
6.05 16.5004660294926
6.06 33.8199156740487
6.07 23.0239368364946
6.08 46.8213047200357
6.09 14.5738955575938
6.1 40.1044639462379
6.11 35.3883381707201
6.12 22.7386507382929
6.13 23.6881567423575
6.14 51.2898137337887
6.15 40.7203065626772
6.16 28.3928526930778
6.17 30.0126143071269
6.18 34.2530324728989
6.19 32.0696290678162
6.2 36.4177569409811
6.21 33.7140371692003
6.22 43.8779604396554
6.23 30.4487146933039
6.24 39.9544706124372
6.25 49.4343367104236
6.26 28.0394271285549
6.27 24.0839824164717
6.28 52.8585469918934
6.29 47.1955582367732
6.3 43.3577326464613
6.31 32.0426008121415
6.32 31.5960959025249
6.33 40.0805993197358
6.34 48.6273486263807
6.35 34.7969501744497
6.36 29.0323218796881
6.37 22.272405354022
6.38 59.0734472265035
6.39 36.9177973650681
6.4 32.6766395420222
6.41 37.5648033719007
6.42 49.8766274517686
6.43 52.1854524381052
6.44 28.1281442354375
6.45 43.0289717081178
6.46 27.2888426970031
6.47 31.8241897794597
6.48 38.4639653856417
6.49 32.7160220759
6.5 42.228434800278
6.51 41.027744228043
6.52 26.3893909381177
6.53 53.828163478506
6.54 35.0511827745004
6.55 34.8936102719463
6.56 20.0072524984875
6.57 48.069640677772
6.58 46.9388632979424
6.59 34.6160632891383
6.6 20.6498276928915
6.61 47.5807528162319
6.62 32.3570276988008
6.63 22.6896915076796
6.64 48.7738904537374
6.65 51.0259034904475
6.66 20.5426618954678
6.67 44.9125152341611
6.68 24.724002335154
6.69 31.8237030370581
6.7 43.2342910025739
6.71 12.4124259683974
6.72 31.4303652040738
6.73 26.0533916311554
6.74 33.8548611037208
6.75 19.428173219277
6.76 28.0372945527417
6.77 46.939115587584
6.78 34.1377560683514
6.79 33.790168358436
6.8 41.0594760274992
6.81 45.7056652352146
6.82 48.1521544665628
6.83 56.7044063437139
6.84 40.3889158740488
6.85 49.0184334829834
6.86 51.4184073962173
6.87 41.2067578673721
6.88 19.6412156682854
6.89 47.4473032703021
6.9 34.9456334726426
6.91 38.6596641214448
6.92 62.9944311229881
6.93 20.5105969839942
6.94 29.2941849180628
6.95 38.7920707724711
6.96 43.8812011338116
6.97 38.0859719099305
6.98 31.7255214043678
6.99 40.8956605940738
7 46.1179971051042
7.01 29.534477448793
7.02 50.353662107145
7.03 24.287772053504
7.04 45.3458029241241
7.05 48.2861946554809
7.06 51.0969822849465
7.07 48.1969233383496
7.08 30.4228745861408
7.09 34.6750968347145
7.1 31.0406951600659
7.11 23.1585068503589
7.12 47.2652795934132
7.13 54.5538751423027
7.14 31.7383040951898
7.15 43.2026444797392
7.16 40.6809101127491
7.17 36.3568702103903
7.18 42.4129522192439
7.19 61.5651579242394
7.2 51.4715205285709
7.21 42.1660804122861
7.22 33.9932207416994
7.23 17.8306295142203
7.24 42.5046605181666
7.25 57.8457115908921
7.26 45.8556037248447
7.27 32.840812990476
7.28 42.3673256756985
7.29 46.4916368000311
7.3 45.8177219408496
7.31 49.1425989904337
7.32 41.8420683706823
7.33 38.6739118457366
7.34 42.8710334031336
7.35 31.2805732682909
7.36 43.2656853156122
7.37 44.3997493926353
7.38 41.3080599959578
7.39 55.3848833352836
7.4 39.7074603456599
7.41 38.9092595351883
7.42 34.5129407671883
7.43 33.4552398341388
7.44 59.0375949533114
7.45 52.0178406695464
7.46 63.0090670247785
7.47 43.6770116495401
7.48 48.9660267852057
7.49 50.8948213240863
7.5 42.6037376482953
7.51 31.7569823966183
7.52 43.0036557630718
7.53 35.6084046533071
7.54 44.544566721133
7.55 35.6130147647736
7.56 37.8569386499739
7.57 63.6750578665444
7.58 45.8086156128702
7.59 33.0753495537196
7.6 42.872887562937
7.61 36.9590052134043
7.62 26.2753056661481
7.63 42.5593986517626
7.64 41.1879852938479
7.65 42.9923313549336
7.66 41.5520248596422
7.67 47.105446777248
7.68 54.0220702377345
7.69 28.1476006445061
7.7 52.190367248468
7.71 44.3536453718322
7.72 26.6128417849933
7.73 59.1432134267292
7.74 39.8002422106015
7.75 32.0655836763929
7.76 51.2833524447614
7.77 36.6216273297998
7.78 53.4420818228953
7.79 59.5377725841674
7.8 45.2233484571997
7.81 51.363488981576
7.82 54.9933870083469
7.83 38.1702983430265
7.84 63.7020940358295
7.85 45.8978725069203
7.86 44.4225326096717
7.87 50.6056402938147
7.88 52.0299008755376
7.89 56.8327993037177
7.9 41.6497138905573
7.91 38.7118427040391
7.92 42.8231985161279
7.93 55.1045962634251
7.94 46.1504721939544
7.95 51.7343716782915
7.96 42.8485829824686
7.97 49.8045200242446
7.98 43.6983929183871
7.99 42.7347101981579
8 41.1878568262323
8.01 25.82304317005
8.02 46.5484694415765
8.03 47.8135966109086
8.04 58.4278405550531
8.05 49.3274716980522
8.06 54.4408592997517
8.07 19.9913274230906
8.08 48.2792931798765
8.09 34.5562128180036
8.1 44.3670501992572
8.11 35.9706236794232
8.12 48.5292626529949
8.13 50.0671320052416
8.14 48.8714508870217
8.15 34.7559338731027
8.16 34.7168402164554
8.17 66.2892740688948
8.18 45.6456234193051
8.19 35.6218213289098
8.2 36.6080004162216
8.21 57.1345993304129
8.22 51.6265559308081
8.23 34.2250575547389
8.24 33.5310634237792
8.25 54.9982966650705
8.26 43.9068066308098
8.27 56.4402777772167
8.28 39.792238149989
8.29 53.4055222229014
8.3 52.5669419468842
8.31 41.6461552981182
8.32 40.5015020924608
8.33 28.5073738911366
8.34 29.8155870909533
8.35 37.5072856477272
8.36 54.6172158724813
8.37 40.4399323620745
8.38 42.5091921137169
8.39 66.2657687018773
8.4 26.9372983466164
8.41 70.0622646042754
8.42 39.1707942640217
8.43 53.8231721641192
8.44 50.4572680070756
8.45 38.6693304115321
8.46 64.73671903799
8.47 59.8172895861764
8.48 52.5622108995521
8.49 49.9678890950074
8.5 61.3000870871171
8.51 49.3615284334528
8.52 34.1758954078709
8.53 67.1299459889275
8.54 30.1885066216942
8.55 49.7721523674444
8.56 54.7613645286456
8.57 52.4067609476408
8.58 48.1477740697249
8.59 35.7760280150338
8.6 47.454092490389
8.61 58.6187286127443
8.62 57.8750517953809
8.63 26.5850222637954
8.64 46.2416522224233
8.65 65.7713623405634
8.66 33.3681581958869
8.67 44.4248254056226
8.68 44.0298113427474
8.69 45.7606053751322
8.7 44.8960543303251
8.71 53.4471569182681
8.72 41.8848825489243
8.73 58.7418849983349
8.74 47.4266617164615
8.75 47.5326046760597
8.76 35.575231537986
8.77 45.2223948125385
8.78 52.6691758319873
8.79 30.6259377805837
8.8 38.3883780550824
8.81 37.548889664835
8.82 37.7477401926887
8.83 57.2857111535955
8.84 77.9857180808924
8.85 62.4892919462839
8.86 46.0396551036121
8.87 53.1489988188593
8.88 41.2759402959486
8.89 40.4674266104636
8.9 66.7513775594328
8.91 54.8605184997108
8.92 51.6294397507971
8.93 42.436789226208
8.94 45.6743850434884
8.95 53.3352532546751
8.96 45.4657783119241
8.97 44.6060697676538
8.98 42.2952615578067
8.99 37.2087986343578
9 54.5758494456412
9.01 61.1103723376552
9.02 57.9176524958503
9.03 56.2514645232797
9.04 28.8417880578513
9.05 62.9901495439209
9.06 62.2443669350588
9.07 59.2894573786969
9.08 33.9712454434458
9.09 46.7715862500241
9.1 52.7382865042632
9.11 57.0779289734035
9.12 41.5735362684816
9.13 48.6428791311904
9.14 68.0478870143881
9.15 45.056454174009
9.16 47.0265456052421
9.17 44.1282998959619
9.18 58.9395884663189
9.19 55.5117816495755
9.2 48.1328819585711
9.21 43.4021970132886
9.22 49.7200588465916
9.23 45.8955261589882
9.24 48.1240853910493
9.25 49.1483925009633
9.26 49.6702408810932
9.27 30.357962319765
9.28 60.3426672388815
9.29 43.4578257609413
9.3 68.4739378407719
9.31 52.2760420261803
9.32 55.0616362119544
9.33 40.6850580458324
9.34 55.9817406310653
9.35 33.7135269253312
9.36 72.2284477857963
9.37 60.5371552875889
9.38 52.9715300640645
9.39 70.2817147188421
9.4 57.4935472634796
9.41 48.8203034762383
9.42 56.7264508710999
9.43 38.1341060118919
9.44 46.0195167066819
9.45 58.6512043611525
9.46 30.786400713452
9.47 39.7096050017115
9.48 54.2113636235946
9.49 47.5308350716131
9.5 54.357688877486
9.51 53.8437122406533
9.52 67.6254054206374
9.53 33.3548148237085
9.54 47.0553279465903
9.55 59.6597583505507
9.56 54.4075654372781
9.57 49.1690844410106
9.58 58.5558170143764
9.59 63.6301444293862
9.6 49.5815555397132
9.61 41.9185148570746
9.62 46.9503734024871
9.63 55.6427613235171
9.64 63.1215752605144
9.65 53.8550663646842
9.66 54.7306809461129
9.67 56.2968948134966
9.68 72.7027542840529
9.69 58.563537572795
9.7 65.6156751099238
9.71 70.1237365926126
9.72 56.9418892871448
9.73 49.4911981995216
9.74 45.7463050750943
9.75 44.0408773397657
9.76 41.7728445687114
9.77 59.1067686073075
9.78 48.6225191269534
9.79 54.1898187452148
9.8 57.7375971098277
9.81 55.5969936657806
9.82 71.0362623572395
9.83 52.009775519905
9.84 73.2722670678861
9.85 52.4325171145859
9.86 44.5919719606108
9.87 32.0867689652126
9.88 52.9606627491521
9.89 59.773781493982
9.9 56.0601917947889
9.91 60.7985302828592
9.92 48.6817449874647
9.93 43.1288538469467
9.94 58.13267232997
9.95 48.4192248827902
9.96 65.3427100391194
9.97 34.0985232981451
9.98 66.3582389649398
9.99 57.0928898818623
10 50.3367010645035
