0.01 3.52572106172838
0.02 10.3489964336269
0.03 7.05835346259866
0.04 -10.9988987542813
0.05 2.03681618364152
0.06 0.900045972796127
0.07 -11.9304161503553
0.08 17.4690025677174
0.09 -17.0335330552527
0.1 11.9996982087716
0.11 14.6366369228041
0.12 8.67839040969477
0.13 -1.25681445678951
0.14 -1.5360652629586
0.15 8.95476755351303
0.16 -7.2546172468741
0.17 -4.24769021139254
0.18 0.602434316209401
0.19 8.30712228752324
0.2 7.49728082836381
0.21 0.737880291364344
0.22 20.982683080661
0.23 18.0464321946453
0.24 16.6672074381789
0.25 8.26267590323705
0.26 -16.2612957251033
0.27 11.1912305518365
0.28 14.6163285680042
0.29 17.0515393901535
0.3 5.09277677084096
0.31 4.54556183808801
0.32 10.1863955637521
0.33 -1.16743790902988
0.34 21.9655679047751
0.35 29.3992489256626
0.36 -6.19090899232328
0.37 -9.38766906497099
0.38 -5.8941334497103
0.39 14.8687374439577
0.4 -4.51651892719209
0.41 16.7657013544114
0.42 12.3127454020501
0.43 25.935411202842
0.44 16.7275588064563
0.45 13.4478898342184
0.46 -1.5693943785464
0.47 0.546471751785673
0.48 5.3452531109542
0.49 15.4886237600581
0.5 12.1506290861327
0.51 -5.95849090952755
0.52 17.3608815643145
0.53 -4.75313694919171
0.54 13.9247074036325
0.55 10.9623048014645
0.56 13.5728116476274
0.57 3.97805181974891
0.58 0.910444031361489
0.59 21.3407101423935
0.6 -1.08738493762799
0.61 1.78728270194554
0.62 13.1223393475649
0.63 8.68012295265426
0.64 4.53339134805176
0.65 6.57608727552586
0.66 11.7094473857308
0.67 -1.95279579334128
0.68 -5.31121272373051
0.69 8.66651509513884
0.7 6.79050383629477
0.71 29.7393435665831
0.72 13.2019655691248
0.73 5.68377949494926
0.74 11.7400850280753
0.75 -1.66058043233762
0.76 -7.41441744614267
0.77 22.0442988122289
0.78 18.4706150567695
0.79 12.1076816267852
0.8 3.04384165306055
0.81 -7.39812524843436
0.82 -10.1205653413658
0.83 -1.6884985947812
0.84 -15.35504214179
0.85 20.4698660851326
0.86 -6.6686869746634
0.87 0.217271627330916
0.88 -7.75635553391697
0.89 31.1426392013424
0.9 -0.710236915838639
0.91 20.3884805462917
0.92 -4.08635823729882
0.93 16.4585341716564
0.94 10.0503022174319
0.95 8.7090090802006
0.96 2.85105031211408
0.97 10.9824664831442
0.98 2.97631804427225
0.99 21.8785912913023
1 7.25180140240129
1.01 19.0771933970297
1.02 15.3657667558477
1.03 10.5099336826168
1.04 6.29450261557822
1.05 6.59504327975536
1.06 18.2672222029196
1.07 -1.15531532152512
1.08 -6.4722039641132
1.09 10.6279122594253
1.1 2.96510912401708
1.11 19.67843689212
1.12 -13.1170858434671
1.13 11.2480778778891
1.14 -2.7912911395509
1.15 22.9806692345767
1.16 32.9540102260885
1.17 15.5809332221682
1.18 20.3965145024473
1.19 22.3636834029366
1.2 1.2398222540698
1.21 -8.48380018079553
1.22 17.7758292661136
1.23 -11.6038961859387
1.24 8.90759884317535
1.25 18.8931415693612
1.26 16.2984384136694
1.27 4.38445687089227
1.28 7.02006374580695
1.29 25.0466630567536
1.3 14.8670318671638
1.31 -6.16884321101244
1.32 -8.40238605802583
1.33 15.4729993709966
1.34 7.45601223474366
1.35 13.791693781768
1.36 21.8998873443117
1.37 -5.24301007531794
1.38 26.6077433690879
1.39 5.58017419232377
1.4 24.0309335281861
1.41 23.0054862003621
1.42 7.06088742244249
1.43 1.16201499729961
1.44 18.2664816289069
1.45 27.2365650662046
1.46 12.3451615770535
1.47 16.3541702743336
1.48 7.80543503640465
1.49 14.2014047933966
1.5 26.3085790729534
1.51 23.1645890870178
1.52 17.9542434232155
1.53 19.13264920937
1.54 16.3681003447158
1.55 -3.3978917813145
1.56 13.0003344686689
1.57 23.5688341185483
1.58 4.61794236070138
1.59 30.2648291721286
1.6 9.49963582959646
1.61 21.0977857105653
1.62 26.6241153968779
1.63 13.9023754576448
1.64 19.3676863374686
1.65 -2.4830026037026
1.66 28.2813358536418
1.67 20.6238024098179
1.68 15.1749974824696
1.69 14.6164508999804
1.7 13.4458748850504
1.71 3.42042159195431
1.72 28.0964280448957
1.73 9.75622317187357
1.74 -1.61316786646018
1.75 26.5061292496576
1.76 16.541157789182
1.77 20.0579124689556
1.78 13.0504371416776
1.79 13.9142266048963
1.8 29.9846947555357
1.81 9.31353005670109
1.82 29.6478572530525
1.83 17.2085245193928
1.84 6.37268146799932
1.85 16.1728564079879
1.86 19.4639718990848
1.87 22.1277658354443
1.88 8.93229392611936
1.89 12.6664848329582
1.9 7.66437850522268
1.91 30.0048150354283
1.92 19.5437256316096
1.93 3.42045954444114
1.94 26.0868525435588
1.95 11.4303386329263
1.96 1.42300329521081
1.97 36.6845126112317
1.98 12.8455817810532
1.99 20.0552524494503
2 14.2645623192052
2.01 18.386669165398
2.02 18.4789531946093
2.03 13.3791528583705
2.04 11.9179659725967
2.05 30.0688437572384
2.06 23.9522380256859
2.07 19.2648020560646
2.08 -3.41589417766332
2.09 14.4228739237447
2.1 26.558563395261
2.11 -2.87438848226821
2.12 26.0443269716378
2.13 17.9437458959821
2.14 7.7069717632704
2.15 6.62636920339039
2.16 16.2171467865506
2.17 4.61960195627189
2.18 17.2242397629572
2.19 33.7032134120265
2.2 30.0316825134704
2.21 24.3632969495699
2.22 25.401888073348
2.23 18.714586433716
2.24 21.1514582535291
2.25 1.00142437517705
2.26 6.28059356840134
2.27 30.036189626931
2.28 50.2804781139301
2.29 22.6767044369669
2.3 23.2680430326073
2.31 21.3370938740724
2.32 19.7935292930657
2.33 23.3280414593553
2.34 17.9600408488453
2.35 35.036315435913
2.36 13.7668248298158
2.37 26.7032989436446
2.38 27.7431743420771
2.39 19.1380794291089
2.4 13.7493977640858
2.41 43.8168584563544
2.42 18.6957597841094
2.43 41.8888614909447
2.44 27.5334221522586
2.45 4.20027582168673
2.46 24.5772500709641
2.47 12.3726695221336
2.48 19.9169959070389
2.49 -4.8788045590967
2.5 9.76475963597818
2.51 15.3879585759842
2.52 15.8539221781588
2.53 22.9346563308298
2.54 23.2535554914054
2.55 31.2532282758881
2.56 26.609123820842
2.57 17.5381043270069
2.58 25.55020481815
2.59 24.9276449300195
2.6 17.065638172063
2.61 20.7664743832429
2.62 10.6151880672717
2.63 38.6702447223769
2.64 11.103375111818
2.65 42.7674788070343
2.66 36.158422197435
2.67 21.431176744167
2.68 22.5088507989481
2.69 20.2862052913659
2.7 1.13724673997793
2.71 15.205102793292
2.72 12.6331145577529
2.73 6.51275662010116
2.74 -1.49060204095057
2.75 21.2218406396003
2.76 4.25547372907281
2.77 17.854344328833
2.78 28.8848177714909
2.79 2.80131250779287
2.8 1.24746919700152
2.81 34.6749411715722
2.82 19.2944803791306
2.83 5.78708392754832
2.84 18.3429568842854
2.85 4.88111937397964
2.86 20.1902906492927
2.87 18.8859899971194
2.88 29.5069372501307
2.89 14.582806446621
2.9 31.0407354090407
2.91 45.1797717982659
2.92 -1.1217405619624
2.93 36.7473245655695
2.94 14.5501861738617
2.95 21.4329068073752
2.96 23.0049706445481
2.97 6.66426398582914
2.98 26.9813826562638
2.99 20.7900296209194
3 33.83414666384
3.01 19.2585298840609
3.02 18.9822083842531
3.03 37.7354707205209
3.04 34.1360564854141
3.05 24.1532441138699
3.06 10.6642040113092
3.07 24.8302593533363
3.08 17.446850852585
3.09 38.0338666524212
3.1 15.3621824007437
3.11 23.830200443702
3.12 23.6585635201877
3.13 34.0812174365114
3.14 31.9455410591585
3.15 -6.87190489742907
3.16 26.9195073332499
3.17 5.61488739637223
3.18 4.86513554915814
3.19 10.5432638428231
3.2 13.7611489368844
3.21 22.5239417041744
3.22 6.50132614393942
3.23 5.11798310577266
3.24 36.7945093006029
3.25 23.3239351991584
3.26 19.2367826110823
3.27 27.7639935657624
3.28 33.016646310167
3.29 33.6065471727979
3.3 23.432955765737
3.31 -1.77522027284902
3.32 4.6642345847878
3.33 24.4005059897666
3.34 17.0528855665351
3.35 20.1424143524449
3.36 25.4380497836763
3.37 14.7255136731958
3.38 24.4980628750045
3.39 36.652863118574
3.4 28.5681432564804
3.41 8.27894105144553
3.42 23.549853000144
3.43 20.7893185395556
3.44 24.2186727884983
3.45 19.6767068249153
3.46 2.76775036282517
3.47 25.4356664239431
3.48 27.6081250854925
3.49 29.8996248784182
3.5 17.2653391126464
3.51 28.1711573303438
3.52 24.4853710045475
3.53 14.2479095676995
3.54 17.6855594216071
3.55 28.6421058291658
3.56 7.67228947662361
3.57 21.8657136545519
3.58 20.1221036751233
3.59 16.7695519059256
3.6 16.0360089644001
3.61 30.4559855160826
3.62 21.1317189388869
3.63 13.6724646486968
3.64 17.4584768183903
3.65 36.3534519212207
3.66 27.7946609503703
3.67 39.4142436994399
3.68 3.60958878428001
3.69 30.7325250927572
3.7 34.0402984028877
3.71 13.6156370393833
3.72 24.2652842959152
3.73 31.1526324309005
3.74 30.5640813461805
3.75 16.7927786977546
3.76 16.3516133472743
3.77 8.78729059152153
3.78 39.4676723191197
3.79 28.5483287517996
3.8 26.1714540593228
3.81 41.7644264999703
3.82 41.0024555577156
3.83 38.8673586563496
3.84 7.4222441975954
3.85 31.4950848891128
3.86 36.0890082998574
3.87 23.3172589577769
3.88 24.3857202300033
3.89 34.2646581685181
3.9 15.6671871815433
3.91 35.485088593912
3.92 27.3782654036678
3.93 32.7021621776706
3.94 20.3405141786972
3.95 25.8036887173705
3.96 32.0970073041895
3.97 39.7752197441677
3.98 27.3203206863119
3.99 49.0337858503335
4 27.0680010026041
4.01 39.0908031857488
4.02 20.5494813270468
4.03 20.8215306577976
4.04 18.4533595591516
4.05 5.18705815253474
4.06 43.3771213018372
4.07 19.0850364515277
4.08 31.4346852479114
4.09 32.3121645641643
4.1 16.0507946923987
4.11 34.3047728023876
4.12 39.5085067695983
4.13 43.3394780301322
4.14 21.5451461866935
4.15 16.6086534091542
4.16 31.8322993782216
4.17 25.7990946056292
4.18 17.7333787513534
4.19 13.0639343320155
4.2 32.3048330320554
4.21 29.1302425421472
4.22 28.6634553041517
4.23 26.6208799714908
4.24 37.0810953985466
4.25 14.7959433420636
4.26 19.5044705913668
4.27 29.9233042873463
4.28 16.3771226161539
4.29 25.9188418721414
4.3 4.14008173206496
4.31 25.7416365887175
4.32 38.3050158347542
4.33 20.4034967517572
4.34 15.2780820486873
4.35 45.98760182786
4.36 36.8082036458971
4.37 29.9889472920629
4.38 26.6430582835669
4.39 18.4392796998971
4.4 19.0136631803357
4.41 23.0948892039905
4.42 43.4646828790042
4.43 4.530003555986
4.44 20.8135173145184
4.45 34.0619086150337
4.46 43.9890499895134
4.47 2.72871396484926
4.48 -3.60662746146891
4.49 26.3134186537372
4.5 16.8007592423879
4.51 31.2342703293877
4.52 39.4449847218907
4.53 16.3505012904258
4.54 18.5199115801389
4.55 34.348053205859
4.56 30.2792889730419
4.57 14.2277943704036
4.58 25.7940411262225
4.59 16.3699470127195
4.6 26.1354513332115
4.61 39.3523627115823
4.62 29.9954689403509
4.63 27.2082839405571
4.64 13.9364178709242
4.65 24.124286828329
4.66 35.6802646726872
4.67 23.7289549032382
4.68 26.9081874521344
4.69 32.4413485145188
4.7 21.6109735459529
4.71 20.5577371006105
4.72 21.5826084929367
4.73 35.8951125024232
4.74 14.167490723597
4.75 23.612509770253
4.76 15.6596923634137
4.77 29.4309702256473
4.78 18.8000360984622
4.79 11.7478988588988
4.8 26.2501934099562
4.81 31.8650075623721
4.82 23.1520270042477
4.83 26.2718494937163
4.84 49.0989876094562
4.85 34.799103885133
4.86 44.6766867535082
4.87 31.7544198945035
4.88 28.085745424798
4.89 23.6964857675467
4.9 41.3386521348816
4.91 30.9603960458512
4.92 27.8001975732122
4.93 9.4168649784169
4.94 39.0409332645166
4.95 36.0469865234391
4.96 36.3154600595181
4.97 27.1830282168955
4.98 25.591705244318
4.99 31.427697531971
5 25.8774968112247
5.01 25.6630150673499
5.02 28.1784744919387
5.03 25.7096463485797
5.04 18.5610098352994
5.05 34.7282460761499
5.06 38.7813856686964
5.07 40.2377879117682
5.08 23.6203166775536
5.09 38.4314967879732
5.1 18.4517306487309
5.11 37.6364687946029
5.12 21.1043303009058
5.13 35.1964486948353
5.14 41.8137398068427
5.15 31.3269166598881
5.16 34.975030380849
5.17 39.1662840297349
5.18 38.6926632414137
5.19 34.6718803079864
5.2 29.6617838893243
5.21 22.2761839211982
5.22 27.6396469677562
5.23 19.6172603089554
5.24 37.0735539067153
5.25 37.0880695855179
5.26 36.0376881406035
5.27 40.3744794588955
5.28 21.9238415789829
5.29 29.9866825656177
5.3 17.1756052201479
5.31 27.4198200094502
5.32 35.8557682716553
5.33 43.3690685695696
5.34 6.64593074998882
5.35 41.8394386784689
5.36 25.8345604092313
5.37 26.6955076358534
5.38 36.2421226512917
5.39 11.3954099857674
5.4 33.9382069209384
5.41 56.6566397660133
5.42 31.0767530257123
5.43 22.5018188389846
5.44 31.3550284138753
5.45 47.5809267248215
5.46 31.5610492486244
5.47 36.722167837464
5.48 47.224628459052
5.49 42.7382265306475
5.5 23.5135451687824
5.51 43.8197692143684
5.52 23.7241754788955
5.53 25.3273483896113
5.54 32.8840916215738
5.55 53.0040355601892
5.56 22.900566286338
5.57 36.4703192802685
5.58 30.8254468667767
5.59 36.5222034913224
5.6 26.7614396174541
5.61 12.4276124507935
5.62 31.8435792896648
5.63 27.6281382137506
5.64 42.3228809520005
5.65 18.9641003942181
5.66 32.8904924328709
5.67 32.451704215324
5.68 56.1074628343524
5.69 37.1107915648228
5.7 38.3918465057035
5.71 27.7831517506901
5.72 25.673095037764
5.73 28.2064193394737
5.74 38.4520981847717
5.75 33.3656785350225
5.76 22.7447223056838
5.77 30.5913583438413
5.78 30.3842592920709
5.79 24.3458186811714
5.8 41.6398681511985
5.81 30.3122133564869
5.82 8.00339758767106
5.83 21.8768274741688
5.84 32.4103488375253
5.85 43.512294871847
5.86 28.7699802628705
5.87 13.6033308071067
5.88 40.665374306195
5.89 52.852047741798
5.9 46.4360848177241
5.91 10.4372259904081
5.92 30.1980863776798
5.93 38.0983788457978
5.94 25.8180303280282
5.95 35.6557564510381
5.96 20.1849706874297
5.97 31.8915330730189
5.98 45.3034786540184
5.99 30.2223545284039
6 32.3075575096885
6.01 51.9842081218827
6.02 61.0073892920171
6.03 37.6790497944742
6.04 47.7725418418814
6.05 41.0456848477811
6.06 4.18798214276631
6.07 36.0975972833558
6.08 37.1253173947677
6.09 33.8537817496463
6.1 22.8556478168712
6.11 36.0542228854803
6.12 45.1699091261787
6.13 38.746669384915
6.14 28.136682984375
6.15 31.8603674308636
6.16 26.0412313421448
6.17 25.5113352570342
6.18 40.3131717635198
6.19 66.5004930312961
6.2 24.5023405106003
6.21 32.7340822868688
6.22 21.8809395383739
6.23 11.9830344789111
6.24 29.3862271175545
6.25 21.3463172052889
6.26 56.6420111854015
6.27 38.5086776743499
6.28 42.6416730231596
6.29 42.5503803245143
6.3 31.3858331578982
6.31 22.9181536567644
6.32 36.3595210211907
6.33 31.5427651404446
6.34 37.4849858090927
6.35 43.7092316955619
6.36 25.8959163028458
6.37 34.4823192525914
6.38 30.2957214458947
6.39 36.5462620034335
6.4 23.7029518475677
6.41 31.6171540784386
6.42 39.008984816444
6.43 39.0053590374209
6.44 44.9499972069788
6.45 33.4497177130445
6.46 36.4625238072986
6.47 52.7920186587961
6.48 36.7160787630231
6.49 42.0402795661784
6.5 11.7738579354051
6.51 39.8233955561674
6.52 33.9484202277557
6.53 22.2507319793702
6.54 32.8522056039911
6.55 50.8350988725283
6.56 63.999778564463
6.57 48.3162643720505
6.58 42.9629663041491
6.59 38.8973399331511
6.6 48.343122616289
6.61 35.5416137812472
6.62 41.6591417303261
6.63 3.76732735978742
6.64 25.1361391361877
6.65 39.4580465030693
6.66 51.3507675148475
6.67 34.3358997564919
6.68 45.9433471164259
6.69 21.2016248090644
6.7 24.7119925355044
6.71 36.0824090373429
6.72 33.6123129656857
6.73 42.210903945944
6.74 46.7836871702179
6.75 47.7616055392536
6.76 40.3274848685791
6.77 41.278733353549
6.78 26.3234388701032
6.79 45.5846742113835
6.8 36.7627447481906
6.81 31.1065361355699
6.82 43.3849680022827
6.83 43.5848181513084
6.84 49.8610221792594
6.85 39.8427774321313
6.86 40.0257463259989
6.87 46.4286501273639
6.88 36.4236309750861
6.89 35.2448990603266
6.9 42.7012543065103
6.91 51.708072988407
6.92 41.7634260221955
6.93 25.3930228639731
6.94 31.0378982020802
6.95 63.8002322834924
6.96 29.3210693857213
6.97 39.5216343070072
6.98 41.1103494309917
6.99 50.3223158136317
7 34.5365368065083
7.01 30.8703431490321
7.02 33.3829779394107
7.03 34.3523012699004
7.04 41.6197732143994
7.05 42.8572016534281
7.06 51.8494865848573
7.07 44.4222670815387
7.08 49.2968450564169
7.09 48.468902079227
7.1 35.4674584202263
7.11 29.5413555979291
7.12 35.5289980995249
7.13 41.6507257493215
7.14 48.7169944898106
7.15 33.2605113032276
7.16 42.9075916471491
7.17 59.4855045187345
7.18 41.8686265309551
7.19 57.5702861966168
7.2 46.2248619030344
7.21 56.3805444021554
7.22 43.2378833364269
7.23 44.8805525393424
7.24 56.129616210679
7.25 29.1823111473404
7.26 45.8803436046486
7.27 42.7106289082913
7.28 26.1588290514935
7.29 25.6480538852993
7.3 46.9249087566935
7.31 40.743227000737
7.32 45.4995804060704
7.33 32.1436761242665
7.34 34.9347313175948
7.35 49.5790339059965
7.36 21.8780537001721
7.37 54.5619074176273
7.38 19.9694700669633
7.39 32.7761779234399
7.4 47.0061701869469
7.41 57.9176376845678
7.42 31.8713755391946
7.43 29.4943835458827
7.44 43.4596029875086
7.45 43.2561109248956
7.46 42.678207590409
7.47 47.6600854393194
7.48 46.0454263800482
7.49 65.7802492610276
7.5 64.7454161683387
7.51 32.7816332482916
7.52 31.154117056893
7.53 42.6290633242718
7.54 56.4609066522612
7.55 43.1377073117536
7.56 40.9485343778492
7.57 36.5575599324703
7.58 38.0299655486096
7.59 47.6862586508704
7.6 40.4714914374336
7.61 35.9767237173028
7.62 33.2211773831909
7.63 48.2371550966255
7.64 47.3522939864124
7.65 37.0875890228004
7.66 41.8682921826538
7.67 37.5040856115266
7.68 43.1513092007403
7.69 31.5356124460762
7.7 37.3047002567808
7.71 55.4288669059793
7.72 40.8590162299334
7.73 52.6227317048255
7.74 36.4213603528762
7.75 55.8066684875738
7.76 67.0519569023572
7.77 41.9157579934362
7.78 44.7005944777494
7.79 39.693668741866
7.8 35.7331828216269
7.81 34.3345951622712
7.82 43.956136978736
7.83 33.2410663911499
7.84 35.3900439980564
7.85 40.6110470900686
7.86 53.0085982458029
7.87 47.766540264261
7.88 34.4445266124919
7.89 38.6759063168696
7.9 34.2690353312435
7.91 58.5478491698943
7.92 36.781091841672
7.93 48.8362300104151
7.94 36.9494855939563
7.95 39.1386735082043
7.96 40.9059283889909
7.97 70.3145004163818
7.98 54.0179151146218
7.99 25.5743156129301
8 33.4312835717257
8.01 73.9064947124304
8.02 68.3151034064916
8.03 44.7715324014399
8.04 57.9452150384399
8.05 47.2982877096834
8.06 38.9481584951692
8.07 50.9377656799248
8.08 39.011573525993
8.09 58.8998511673701
8.1 65.105428922495
8.11 45.3896667024803
8.12 45.2247121671162
8.13 52.3438403135213
8.14 53.452311658427
8.15 37.2232462196945
8.16 47.7128430480079
8.17 38.2900436922799
8.18 40.7146796177314
8.19 33.589664978137
8.2 36.9222733772935
8.21 34.6543670194907
8.22 41.1273424918646
8.23 39.1512501155992
8.24 41.1695900475584
8.25 30.8863428329703
8.26 56.3062608867748
8.27 40.102492242384
8.28 43.863466462505
8.29 53.808799739926
8.3 57.6415286000345
8.31 35.4910098855346
8.32 49.5509401003574
8.33 41.4352766460884
8.34 32.0316326869652
8.35 54.0691964758451
8.36 58.8053989943509
8.37 50.5840897893301
8.38 59.0292706355983
8.39 53.9265062313098
8.4 28.6896083887642
8.41 45.8355461221556
8.42 32.4389669216264
8.43 50.2044871676887
8.44 28.0335642143161
8.45 64.9214112672318
8.46 26.4031730638231
8.47 45.1724143414107
8.48 59.7119756778049
8.49 50.6498525196992
8.5 57.3059645048971
8.51 50.493440833148
8.52 56.2834048768
8.53 75.2638306316624
8.54 53.8254132090685
8.55 26.7639577216878
8.56 54.8438458276008
8.57 44.1664226456911
8.58 44.2471465349396
8.59 65.0969249386304
8.6 48.2978313320613
8.61 33.6714578717072
8.62 38.7086645264786
8.63 52.9459336239686
8.64 70.8955123681343
8.65 42.994372693431
8.66 38.5022979794582
8.67 43.1896912701805
8.68 52.4646099999988
8.69 49.2051102081167
8.7 54.1110730458834
8.71 61.3864037711911
8.72 44.070517536244
8.73 45.7047717751752
8.74 61.9414114157572
8.75 45.3408933790088
8.76 64.8737984389163
8.77 31.6804395784337
8.78 33.4007020949272
8.79 47.0891617220493
8.8 55.9598304050296
8.81 43.9594851084469
8.82 61.280330748669
8.83 33.5506897892394
8.84 63.7075302078818
8.85 42.0091317140125
8.86 53.4225951329832
8.87 43.2743539056821
8.88 44.5372357167277
8.89 31.1066716667572
8.9 43.7359174193791
8.91 22.6948454542488
8.92 49.9484953150782
8.93 52.516449418653
8.94 44.7982463236481
8.95 27.6333658730499
8.96 36.0247040450896
8.97 36.9974241899198
8.98 45.2471248870506
8.99 51.4664757213349
9 47.443268856532
9.01 42.1521447153219
9.02 49.7878221068881
9.03 59.8124659227377
9.04 57.2461113160077
9.05 49.048497682469
9.06 46.6385347632417
9.07 36.3686795218205
9.08 57.4728018510678
9.09 43.3213115087284
9.1 60.4207018285906
9.11 59.3119768685485
9.12 61.5807726590747
9.13 24.6902228297573
9.14 53.7225445223851
9.15 65.2949382031233
9.16 39.3966270484686
9.17 45.7224858584097
9.18 74.1722792423544
9.19 43.6165377214411
9.2 31.6070878483413
9.21 49.1254444059104
9.22 55.2972767177186
9.23 42.1543893564902
9.24 46.6044558243082
9.25 70.8478620155058
9.26 47.6277820355831
9.27 36.994483293281
9.28 59.8275418453425
9.29 53.1268797968951
9.3 52.687292292966
9.31 63.2662675803191
9.32 48.4848479777478
9.33 61.8110143196333
9.34 60.1666046948272
9.35 39.2423176854629
9.36 45.5830102884759
9.37 78.0883688223311
9.38 38.233558660216
9.39 46.1510812037509
9.4 41.3122261497736
9.41 67.44069226705
9.42 56.4399219064736
9.43 34.4561518103826
9.44 55.4775499671358
9.45 38.2698986050802
9.46 53.295518343754
9.47 59.9259556943727
9.48 41.0150310691009
9.49 50.0695498170417
9.5 50.3882444716529
9.51 62.5093553494797
9.52 45.2104428425427
9.53 53.5086708230032
9.54 60.7366029383818
9.55 55.8359088151957
9.56 49.8247852186437
9.57 44.058709560814
9.58 52.5766958476062
9.59 55.452958555945
9.6 75.1599249023657
9.61 48.4267129579442
9.62 62.4299419285713
9.63 62.9829249369334
9.64 59.4828329915637
9.65 34.4623827563302
9.66 70.7293594418249
9.67 61.8539969805931
9.68 61.2903107139855
9.69 73.3356995820372
9.7 39.1988868037572
9.71 42.2184400896999
9.72 46.964950954326
9.73 49.8607435383615
9.74 55.0021354951828
9.75 63.1210450472118
9.76 64.6198573131372
9.77 45.9035597518013
9.78 43.241829470263
9.79 65.2759785883637
9.8 57.380984740636
9.81 53.6877491278039
9.82 47.2938493142923
9.83 34.2732409679804
9.84 64.7605744552446
9.85 52.9417422862981
9.86 48.0366052326298
9.87 39.8321282560564
9.88 34.7646083939235
9.89 54.7476797881392
9.9 54.0303455480731
9.91 56.210147977481
9.92 42.0465182960947
9.93 31.2528772058592
9.94 59.0751395737621
9.95 58.4592238536188
9.96 61.2382574823847
9.97 43.4711329771042
9.98 69.3280830447859
9.99 55.8090075638062
10 48.246698058542
