0.01 -8.12614736013141
0.02 -3.21556321426092
0.03 4.59158215045293
0.04 5.8604662198762
0.05 -5.34534748732363
0.06 -17.5993369554456
0.07 18.1225156901779
0.08 -0.0463193335156671
0.09 6.19993299702676
0.1 10.2563412383668
0.11 7.5996768764895
0.12 12.7624291557811
0.13 -10.5281040011785
0.14 27.0757776254889
0.15 -4.55623212772627
0.16 -7.88190700571205
0.17 3.81911068255329
0.18 19.5833314937609
0.19 6.27028841154957
0.2 -3.85815586966957
0.21 7.89858348204645
0.22 1.57749328068336
0.23 10.4582875411856
0.24 -3.09939632569679
0.25 0.736906088031921
0.26 11.0455828430593
0.27 5.45750531400334
0.28 11.8141153797812
0.29 12.0856299849024
0.3 4.37916495210217
0.31 13.176203352071
0.32 2.73924647256112
0.33 13.1573774167065
0.34 2.67459679067324
0.35 6.54353931403406
0.36 -8.84097864087687
0.37 21.3724660669476
0.38 -1.45772160298153
0.39 14.5031770659371
0.4 4.87906454794881
0.41 7.65473809260176
0.42 18.5633847739755
0.43 1.5051556156193
0.44 12.4436064639864
0.45 20.1328687190757
0.46 17.2118468538055
0.47 11.6478005639715
0.48 3.96865951322818
0.49 13.2803619844842
0.5 1.21036788080271
0.51 10.7432688670979
0.52 2.58463938823962
0.53 20.1162699364446
0.54 14.5994662191723
0.55 13.0610746466591
0.56 4.05255022846559
0.57 2.20876318386598
0.58 -11.7216845998536
0.59 2.75923884284563
0.6 18.8076859388656
0.61 4.5879914684895
0.62 18.8728584423159
0.63 -0.978394624883284
0.64 5.73060067358921
0.65 6.24165697564975
0.66 23.4711804704031
0.67 12.7637975704651
0.68 24.800752823599
0.69 3.74051871409426
0.7 29.4818358138157
0.71 12.8583360358418
0.72 4.41481465222768
0.73 2.79525877814548
0.74 0.822474058243039
0.75 9.32174838708351
0.76 17.3591220533424
0.77 7.41018861853121
0.78 26.6636875447362
0.79 17.8476496687859
0.8 9.32811046005266
0.81 7.72170283306309
0.82 3.37621321585913
0.83 16.2773229754222
0.84 8.48660423083321
0.85 -6.26328217642952
0.86 0.423795881166531
0.87 10.0807023390384
0.88 0.909497830305314
0.89 14.0438935408543
0.9 -12.4528446024792
0.91 -2.04551409376824
0.92 6.74251007256675
0.93 -15.8308235937967
0.94 15.8888815394993
0.95 24.0385004606914
0.96 8.51372292284667
0.97 25.219443369159
0.98 16.9029384639016
0.99 -4.71082825300935
1 -15.0902554644392
1.01 13.4894946914786
1.02 12.1149908653185
1.03 32.8741884907438
1.04 -0.484997133123215
1.05 -0.736387048779578
1.06 16.0741415493177
1.07 7.09339650852189
1.08 10.9484626852311
1.09 16.1799938730399
1.1 23.3310542999476
1.11 2.63593109000097
1.12 4.53434506390541
1.13 -2.96225864336058
1.14 10.0775480028738
1.15 17.1217030882249
1.16 8.42082615824408
1.17 1.6821997233815
1.18 6.53976800816164
1.19 5.49691296556393
1.2 -11.2735998096457
1.21 2.61306855886064
1.22 7.13593991595032
1.23 20.340147422224
1.24 24.5481161723088
1.25 11.2831886711502
1.26 3.87997993918416
1.27 25.1674963462279
1.28 5.78468335519505
1.29 -2.78682920792867
1.3 31.6699166017096
1.31 18.3267195660189
1.32 6.35236270658324
1.33 23.0432962347139
1.34 15.8070973392677
1.35 4.33039965801508
1.36 16.4088899217418
1.37 7.13535937611042
1.38 9.97968845656544
1.39 7.21344171389086
1.4 -9.92775263821892
1.41 27.0470546230575
1.42 21.3349838653995
1.43 -3.33446329693864
1.44 15.989550614955
1.45 21.08915643045
1.46 -6.01887326625898
1.47 13.1741920797237
1.48 17.4720950368249
1.49 12.5358292820988
1.5 3.06845061961104
1.51 1.9361180772363
1.52 2.73346906272655
1.53 8.93546657860634
1.54 2.52084707032725
1.55 6.52503560914648
1.56 23.2927211298102
1.57 17.3486085649075
1.58 16.3157496486162
1.59 3.57194869628733
1.6 13.7224195641971
1.61 18.9827665603511
1.62 25.4569046768794
1.63 12.9377046298094
1.64 10.8778840249288
1.65 30.7946062950211
1.66 5.02182646036646
1.67 -5.92560161935186
1.68 22.8650275706177
1.69 12.3851572360161
1.7 3.46647531049049
1.71 20.4345271668767
1.72 3.30738160898526
1.73 17.8626741573898
1.74 20.6303490028168
1.75 -2.84457806932186
1.76 19.8517012106799
1.77 8.41258884445446
1.78 28.2510959826751
1.79 14.7416243330866
1.8 13.4982761403043
1.81 17.6872494470711
1.82 21.7271939182104
1.83 14.3583105639007
1.84 -2.0467763770565
1.85 29.8563764477562
1.86 10.0195094229496
1.87 9.0468111022614
1.88 14.9765695385294
1.89 15.4259597343075
1.9 15.9618823341286
1.91 4.46273203178337
1.92 14.5273596733531
1.93 19.2539204125144
1.94 17.6702212502699
1.95 23.1671475270229
1.96 27.4435575564927
1.97 16.9875574131291
1.98 26.0143098264947
1.99 28.0544741441186
2 17.9817135852389
2.01 16.074868129697
2.02 26.2001345528776
2.03 0.284131820884049
2.04 16.5532421038503
2.05 35.1848855300453
2.06 16.2974328753169
2.07 6.07327757492227
2.08 33.2009099692675
2.09 22.93905081008
2.1 10.552886966857
2.11 -1.74755892861817
2.12 40.8129023605307
2.13 15.9908676033202
2.14 7.02041741625967
2.15 11.8735353562848
2.16 32.001156897826
2.17 11.3774483761679
2.18 15.1726235227467
2.19 5.01276461102146
2.2 5.01145701772809
2.21 7.12780912967248
2.22 18.0461729629178
2.23 -9.0832180573569
2.24 7.24563248172026
2.25 20.8431301829341
2.26 10.3771522676101
2.27 28.7454049670532
2.28 3.49672858887046
2.29 24.5509589117273
2.3 9.86911386329168
2.31 13.5313756445007
2.32 21.6155001200403
2.33 22.2471655241907
2.34 33.4225891302275
2.35 10.6692117407563
2.36 25.9556426032197
2.37 -0.154748743868605
2.38 7.17330759787977
2.39 8.70836448206053
2.4 25.4964337839639
2.41 14.1201584542434
2.42 7.95787500636142
2.43 11.098303966701
2.44 13.1005726487711
2.45 3.17111870210351
2.46 3.44147401618609
2.47 23.0170994889927
2.48 8.20042116139287
2.49 22.2033711515289
2.5 11.6371951573931
2.51 22.9186279197093
2.52 9.60732890211539
2.53 8.74225351834658
2.54 28.0171027386712
2.55 5.0131981227015
2.56 22.2914912506988
2.57 15.8837206100188
2.58 26.1969708927343
2.59 28.6944990559847
2.6 26.0414943486196
2.61 23.7546182148974
2.62 25.4406304774229
2.63 18.5732617811673
2.64 36.6662548187747
2.65 12.7883409154941
2.66 14.6666406688212
2.67 28.2797057267681
2.68 9.72066340966879
2.69 20.47482035528
2.7 41.5660457317358
2.71 34.0220479324364
2.72 5.35826583474052
2.73 14.285484545059
2.74 16.4884409432956
2.75 18.3546114746842
2.76 2.38007990782688
2.77 4.38675485412699
2.78 24.4240187004917
2.79 29.5743736021009
2.8 40.9189007206222
2.81 28.6260462968723
2.82 0.575212709424868
2.83 26.1324895616022
2.84 20.1485341937736
2.85 14.1279308795305
2.86 16.6222914669058
2.87 16.0004280329358
2.88 15.9034432134368
2.89 36.059727284388
2.9 28.0493797494228
2.91 25.0334334411058
2.92 23.6917791732647
2.93 16.9620388787503
2.94 21.6836687693018
2.95 16.542105703783
2.96 16.2891468927419
2.97 16.6864603353373
2.98 12.0493519890494
2.99 8.68091758666618
3 34.3100178373776
3.01 37.0912949563388
3.02 6.04706761141618
3.03 23.8575540380884
3.04 24.0856070128637
3.05 16.7994178335931
3.06 9.54909063733502
3.07 31.7889142380815
3.08 17.9446107233882
3.09 23.5304213860794
3.1 23.7024755419991
3.11 24.429893618583
3.12 17.9617689986054
3.13 12.4006489795396
3.14 22.7365950675653
3.15 31.9009299442176
3.16 11.6746220820892
3.17 10.810645411307
3.18 17.6437654124399
3.19 24.284027874377
3.2 16.6290126311514
3.21 11.3837375549091
3.22 21.0174182748415
3.23 0.375936043285215
3.24 16.3813209945039
3.25 15.9328794457863
3.26 27.138745671302
3.27 19.1231927445582
3.28 33.3305089902271
3.29 10.578431759216
3.3 15.8858661590036
3.31 37.9980604412218
3.32 4.84624312106436
3.33 25.8440290664592
3.34 50.001386552399
3.35 16.5734784989486
3.36 18.175885634178
3.37 20.8170013895716
3.38 19.7537176602618
3.39 25.4993064815994
3.4 21.2742414150094
3.41 18.1762417372927
3.42 17.6987966770455
3.43 16.7000337137224
3.44 50.1950241910185
3.45 20.0032980359963
3.46 15.3422998919179
3.47 26.4056820180357
3.48 16.8405850652373
3.49 12.2711481139364
3.5 32.9948249157909
3.51 -3.27503673081542
3.52 39.2870690518583
3.53 23.6449405207106
3.54 13.8999430315488
3.55 1.29811377460336
3.56 1.56767843214341
3.57 32.3815874044897
3.58 28.3841225656455
3.59 40.2103956925174
3.6 30.1246896281755
3.61 26.1883011420094
3.62 35.3341390006076
3.63 22.0293152092639
3.64 41.7806594186757
3.65 23.9303919731804
3.66 18.8215754410478
3.67 3.12983588345867
3.68 26.548953056323
3.69 13.3366271409995
3.7 21.5010618140119
3.71 26.4292799538209
3.72 33.8359775324305
3.73 24.5622779659968
3.74 8.56942303426729
3.75 12.9871190418766
3.76 7.54346992039834
3.77 25.4664674846051
3.78 11.4439343332619
3.79 16.4684750873526
3.8 19.435345753442
3.81 10.790806030129
3.82 32.1487275002504
3.83 4.17565877622172
3.84 27.6240413116181
3.85 17.7889145618165
3.86 29.8229627652432
3.87 21.3615865785715
3.88 31.2913871430892
3.89 44.0470531315444
3.9 17.70324527829
3.91 30.0079122081691
3.92 19.8008745438687
3.93 17.8435320343908
3.94 27.7214630946645
3.95 22.7407696663053
3.96 16.615805582843
3.97 40.4385579484295
3.98 34.7022791452889
3.99 31.7423829457905
4 40.50229016863
4.01 6.16597959054565
4.02 26.5577227334416
4.03 38.6603198334901
4.04 37.2077770823969
4.05 30.8764610559021
4.06 34.9582656702179
4.07 35.1762891730724
4.08 46.9229553305858
4.09 43.7755989953676
4.1 22.353636000929
4.11 18.3402632150702
4.12 27.1939368271125
4.13 10.2937106084925
4.14 25.8644743639261
4.15 37.9211440871433
4.16 30.2962054173866
4.17 22.1505815591189
4.18 12.6369392009027
4.19 3.91634361911041
4.2 29.1063911649482
4.21 24.4838413860687
4.22 25.869669860765
4.23 21.3664862211439
4.24 21.4758105563405
4.25 29.6861695241441
4.26 30.9061646909072
4.27 19.2308690480378
4.28 25.9151004256701
4.29 25.8695147414582
4.3 40.5395735030858
4.31 21.1966886112236
4.32 28.9056123325393
4.33 20.861831501689
4.34 16.0203278610406
4.35 30.0126050090937
4.36 36.8372112028765
4.37 51.8775657189041
4.38 21.6489856087905
4.39 33.8514758209343
4.4 40.1694319046847
4.41 22.1076249897472
4.42 -6.5511190618595
4.43 5.02239920191984
4.44 12.5944437486673
4.45 15.4560854801305
4.46 13.5579426948716
4.47 33.598489562423
4.48 14.8137689423662
4.49 41.1982713477799
4.5 11.5881157069398
4.51 40.7300377049865
4.52 23.5623110408406
4.53 35.5472749005217
4.54 46.7753115276185
4.55 21.2948289895314
4.56 18.9406861801631
4.57 8.06858045908115
4.58 14.3386890422645
4.59 13.2862357743478
4.6 34.9955933611858
4.61 42.7425951140789
4.62 25.1018625598518
4.63 18.999904427849
4.64 19.2490326708368
4.65 32.8590757961946
4.66 38.2976159763387
4.67 27.560484218472
4.68 46.7397880262021
4.69 42.9977523909668
4.7 4.91378993034722
4.71 18.4845123834015
4.72 21.5416634320923
4.73 35.2224582082213
4.74 38.0726207981131
4.75 19.5257884451349
4.76 41.0260569164063
4.77 52.8526954023901
4.78 25.5940852109701
4.79 11.36980039215
4.8 23.0964577944389
4.81 29.1950127241512
4.82 27.771687743509
4.83 30.1645105010531
4.84 16.0075543079774
4.85 19.1316821440065
4.86 28.086583128654
4.87 43.8112443628844
4.88 35.3768929419096
4.89 22.7274335658234
4.9 27.5113720307459
4.91 23.2369900230477
4.92 33.9191162863835
4.93 8.37434915921943
4.94 35.2861833515402
4.95 1.40896873538815
4.96 27.2065762709582
4.97 23.0564798724297
4.98 15.8609673573103
4.99 31.2496858066451
5 43.571266655685
5.01 30.650042383701
5.02 31.0902428249503
5.03 35.3867217803203
5.04 25.735869142513
5.05 23.7390764833443
5.06 39.2043917582019
5.07 20.2393983148709
5.08 31.6672081242931
5.09 30.0504556660045
5.1 35.1734145980423
5.11 37.7479827676123
5.12 24.8865414916925
5.13 32.1390851668258
5.14 29.6148294501629
5.15 30.6112900908994
5.16 38.7591090457454
5.17 33.696119968836
5.18 31.4012867575877
5.19 46.9565421700173
5.2 38.855511597106
5.21 60.459805632369
5.22 21.3156297970514
5.23 42.0591501606376
5.24 11.0693825624631
5.25 39.0584017560268
5.26 15.1999617206563
5.27 29.5788611607088
5.28 46.4355719738109
5.29 24.7304446835401
5.3 26.5467983082498
5.31 24.5788305587208
5.32 34.6673389392007
5.33 27.2872730127564
5.34 27.7959081847554
5.35 42.1643038910914
5.36 39.2119224269532
5.37 25.6168531806507
5.38 36.1183751298212
5.39 39.6582057866619
5.4 51.1011232337654
5.41 36.3486224898037
5.42 26.7156346690417
5.43 41.6879286058658
5.44 25.0656823293496
5.45 42.5933316781721
5.46 31.9030753526322
5.47 35.707649278714
5.48 24.7900240904367
5.49 40.6282216592632
5.5 40.9268098033484
5.51 26.0841626846972
5.52 37.8443383789243
5.53 23.6778386758818
5.54 47.7870257162428
5.55 31.6755219344924
5.56 32.4972653039056
5.57 24.6234836225178
5.58 37.3842298882032
5.59 33.6380557266727
5.6 33.6114490805301
5.61 32.7601654402877
5.62 43.3274916432777
5.63 11.5647492033003
5.64 37.0050357963626
5.65 49.9730843131115
5.66 18.806705599905
5.67 41.7617369332582
5.68 27.4322700474464
5.69 44.3237153289843
5.7 48.381917459741
5.71 46.8024152043197
5.72 33.9544283145892
5.73 33.0244292094061
5.74 10.0390132862509
5.75 39.2455632161207
5.76 31.7230450591628
5.77 30.6121717793883
5.78 36.8700576363661
5.79 33.7033443360449
5.8 22.230901115864
5.81 8.1130526874722
5.82 46.9843118341324
5.83 50.5712128221709
5.84 33.9666316160287
5.85 59.3311659750779
5.86 43.2340354327164
5.87 37.0015519931576
5.88 16.5287636282984
5.89 18.135772263548
5.9 32.4147031012204
5.91 39.7261763525733
5.92 36.5818552384796
5.93 39.5538635296654
5.94 29.1009681756233
5.95 42.2443374826596
5.96 32.2530472349204
5.97 40.6064724192494
5.98 23.0834355900328
5.99 33.0864599183839
6 42.5825061301713
6.01 36.6833733197994
6.02 40.1320175247344
6.03 35.8747278476562
6.04 56.0829020497241
6.05 22.9722402306431
6.06 42.665683004775
6.07 51.7934220837059
6.08 24.6085900771531
6.09 41.7693313837996
6.1 33.3805389226875
6.11 34.0186426890195
6.12 28.2838496020727
6.13 39.679410924707
6.14 28.8701080605118
6.15 27.7258719029467
6.16 46.5242253143039
6.17 18.7827344526284
6.18 31.9774384906808
6.19 38.4420582294785
6.2 36.026509369764
6.21 42.9049656149464
6.22 32.6638514734148
6.23 35.0968879767343
6.24 17.4133403089514
6.25 40.8650677659601
6.26 33.2439315753789
6.27 32.6795652792273
6.28 39.0677697567794
6.29 16.2785943780534
6.3 28.0954206418467
6.31 33.5976676867338
6.32 37.4204919584687
6.33 51.9665816613992
6.34 18.5820063698314
6.35 37.0829172986289
6.36 50.434066535373
6.37 35.6026861539139
6.38 31.1443107451802
6.39 30.2839178957346
6.4 22.9561553260164
6.41 47.9309889699188
6.42 58.8166824437836
6.43 43.2695919096452
6.44 36.335303465749
6.45 23.522883082472
6.46 21.1629175503634
6.47 30.7449594450256
6.48 32.0023014958452
6.49 44.8145082984854
6.5 51.7330352032497
6.51 33.0333210538871
6.52 43.7425095220206
6.53 27.1841016347237
6.54 39.4600068077485
6.55 44.655240936079
6.56 25.3880854818964
6.57 42.2726339492456
6.58 35.9283117378408
6.59 36.6989056537501
6.6 35.6012814659408
6.61 51.4963443474279
6.62 44.4578736326381
6.63 33.5758373992093
6.64 42.6636770964157
6.65 21.7521957946859
6.66 37.836690501811
6.67 30.013228413215
6.68 33.8931509643864
6.69 29.6797460032244
6.7 46.3542824311585
6.71 39.1006361934771
6.72 29.5758053710904
6.73 35.8463972200547
6.74 43.3719450568596
6.75 27.7371465670111
6.76 29.237462222668
6.77 27.6764053787704
6.78 53.9062054867967
6.79 55.4480565284783
6.8 53.3177036534225
6.81 58.3726158694907
6.82 35.9194574683039
6.83 34.7805955064233
6.84 20.7621609965666
6.85 36.9181974830721
6.86 57.7926839902954
6.87 43.9290476023951
6.88 44.9776580777637
6.89 41.9501949560252
6.9 57.0865927928642
6.91 52.8128160836532
6.92 35.710284028508
6.93 48.136245197052
6.94 42.0871536099731
6.95 31.793681519635
6.96 58.3272855760604
6.97 51.2321237208966
6.98 36.6663256599114
6.99 41.7694576505025
7 45.3376552127374
7.01 28.9361851343484
7.02 47.235995927046
7.03 37.5509077368488
7.04 38.9032192423872
7.05 38.5687579199454
7.06 50.6363519479933
7.07 49.5643371574968
7.08 37.8397716386749
7.09 70.6827997418817
7.1 43.8669244259001
7.11 35.4324303679255
7.12 22.9144305641525
7.13 39.6090353743687
7.14 43.8366314524633
7.15 29.0823260844119
7.16 39.8931473110458
7.17 38.0163426909092
7.18 60.649908865708
7.19 38.9224197525017
7.2 36.8309807046854
7.21 51.1855951018832
7.22 46.0767737969538
7.23 50.4726905516214
7.24 17.9422212273962
7.25 31.2378434026534
7.26 52.5155895451455
7.27 27.7104818421199
7.28 47.0929496265791
7.29 33.4523909506369
7.3 44.9258612070251
7.31 53.0014618533343
7.32 46.8512632230457
7.33 53.1795776861605
7.34 53.229552815365
7.35 37.3040757675222
7.36 62.9223212745005
7.37 40.2582929675019
7.38 33.504110213452
7.39 53.4274734327993
7.4 48.4820411623759
7.41 50.5005584753433
7.42 49.5722763097352
7.43 42.9984722470353
7.44 49.5734008179728
7.45 24.7196579704474
7.46 47.3117867453145
7.47 29.2495602034574
7.48 42.4194172063444
7.49 47.398859576504
7.5 28.7957300897383
7.51 23.877778362595
7.52 43.8100638001264
7.53 40.5510140225046
7.54 43.1910564846012
7.55 13.4390584733041
7.56 44.6759932833738
7.57 59.3658492857389
7.58 40.5796454908382
7.59 36.4820076254649
7.6 39.8246250101419
7.61 60.3692590154844
7.62 29.7725872146297
7.63 62.9771054517696
7.64 48.8323710330368
7.65 54.9501851391688
7.66 53.7717312138885
7.67 53.811210141939
7.68 49.1718559146872
7.69 31.6774150823998
7.7 51.2811605819494
7.71 60.6019389761847
7.72 56.6558974318733
7.73 40.8043429043358
7.74 41.5415382432965
7.75 33.4873349058852
7.76 28.6033076340336
7.77 43.1843854507859
7.78 57.1378927093768
7.79 53.7505701414133
7.8 55.9969330750351
7.81 42.4445698309135
7.82 57.9458424906595
7.83 17.2600908743086
7.84 53.3822921263257
7.85 35.1036479869716
7.86 35.1421260577297
7.87 33.1667930638641
7.88 47.1100351807065
7.89 44.5493899139233
7.9 51.7167500037594
7.91 36.0922405306264
7.92 50.9709664891474
7.93 18.3240341804622
7.94 38.9620901814483
7.95 58.0703336175105
7.96 56.2034797375204
7.97 38.0289377904203
7.98 49.8979240459081
7.99 30.4781721796032
8 38.2977227497874
8.01 64.6567582187467
8.02 54.0754829966431
8.03 40.6471935250451
8.04 55.2119557843722
8.05 42.222537826015
8.06 38.3454731766893
8.07 51.9363990833894
8.08 45.3975251129562
8.09 43.4074615715179
8.1 34.62775142066
8.11 41.9469523175788
8.12 44.4029677280264
8.13 44.3961279301913
8.14 64.6488963395633
8.15 42.2922971442071
8.16 47.3384093655482
8.17 44.7936658847679
8.18 42.3161358745986
8.19 44.7215308851189
8.2 60.2534130751685
8.21 51.5274688057761
8.22 42.9688323177286
8.23 59.0783380770764
8.24 34.8964302231134
8.25 50.5681984040962
8.26 62.8072758879949
8.27 36.2279730355954
8.28 26.1044637439499
8.29 59.9323159820933
8.3 43.3124492215674
8.31 54.2926432664083
8.32 40.3004850307534
8.33 52.4828887620412
8.34 52.3855473701974
8.35 37.5893417074207
8.36 30.6441396230521
8.37 37.8604055157786
8.38 38.9751498802231
8.39 35.9613307251241
8.4 59.4337637054124
8.41 52.0111110680676
8.42 46.2254203608725
8.43 41.3466408643977
8.44 39.5773347802034
8.45 41.7474382719118
8.46 49.782422832716
8.47 49.6646089286487
8.48 37.4574484650225
8.49 39.2558221098023
8.5 46.4409389502017
8.51 39.8203578250492
8.52 42.9695512200914
8.53 46.8155704059845
8.54 46.5762620673735
8.55 44.8472996565244
8.56 58.8102736679027
8.57 52.6720627507471
8.58 58.0954086694066
8.59 42.8280894190035
8.6 57.757367232208
8.61 53.4205596852811
8.62 38.0649239178048
8.63 50.3395565670419
8.64 59.2568459048205
8.65 63.244416988658
8.66 60.9401148420634
8.67 48.6775008092177
8.68 55.5852456175248
8.69 49.206310468482
8.7 49.5716867459993
8.71 50.7990476470524
8.72 48.1337146705008
8.73 54.3445405932214
8.74 51.8190011085692
8.75 47.1248226180349
8.76 52.6757961199378
8.77 56.2737782431335
8.78 69.8040212927732
8.79 59.5780060835015
8.8 57.0332169638952
8.81 64.0778143518843
8.82 55.0164003515642
8.83 46.3915051110946
8.84 53.7107885539064
8.85 59.269912828462
8.86 58.5406505909493
8.87 41.7635015778767
8.88 54.7419163430503
8.89 53.7971861416125
8.9 47.1989035674748
8.91 50.5250149062367
8.92 32.9041891781844
8.93 50.5858803594707
8.94 46.3179240413346
8.95 60.5328030798236
8.96 44.7805889959363
8.97 55.1783732086256
8.98 45.2241095397825
8.99 55.2944344405336
9 46.8737197383109
9.01 52.4446470066769
9.02 67.489390580132
9.03 54.1413773022721
9.04 66.7696248903971
9.05 46.21406301248
9.06 40.4280370954535
9.07 58.0384585614615
9.08 46.6885877832279
9.09 41.5785896063276
9.1 47.1065300816886
9.11 39.920539034146
9.12 41.1945735552588
9.13 57.6248571484735
9.14 39.7394292007538
9.15 63.0078528381544
9.16 52.1765208682116
9.17 42.9772549660195
9.18 47.1760138114439
9.19 55.0234996491141
9.2 51.3598611622908
9.21 48.4320685826584
9.22 54.5964363584972
9.23 40.709595286815
9.24 64.9780004615975
9.25 72.6007108822361
9.26 45.385928291543
9.27 33.1769472603754
9.28 53.5343507802009
9.29 58.4607016772917
9.3 56.4010176813073
9.31 70.0484925232548
9.32 64.9284410376233
9.33 42.4774611799576
9.34 50.1705703871344
9.35 45.9968861004509
9.36 45.8738608246225
9.37 61.8226206838545
9.38 63.8603818695062
9.39 47.9259544734266
9.4 65.3198431089995
9.41 62.0913324469273
9.42 39.7742268144595
9.43 39.529244545207
9.44 63.300433754485
9.45 53.3402216658694
9.46 57.5216401855197
9.47 46.9343764402055
9.48 44.1380470472484
9.49 82.8266492401029
9.5 56.7942785262633
9.51 57.9333696213511
9.52 70.8124081738265
9.53 51.0897828997199
9.54 64.5507884391621
9.55 63.205470681332
9.56 40.5777909571909
9.57 51.9560864521099
9.58 39.2463724473992
9.59 61.0968942784553
9.6 58.2790744115301
9.61 49.1391511275724
9.62 71.1603447712156
9.63 62.0807981654512
9.64 47.4157165841813
9.65 44.4849345816846
9.66 51.0464696901135
9.67 73.4611769651715
9.68 32.0593001267127
9.69 68.4443449897986
9.7 50.4252632217163
9.71 36.7516206714793
9.72 59.1954410885772
9.73 57.500664984381
9.74 53.0656401786628
9.75 52.6618706640139
9.76 60.4898928087988
9.77 54.7496738237439
9.78 55.3225790289728
9.79 55.5190018604108
9.8 59.5104507858963
9.81 38.6541147192685
9.82 57.6515730823503
9.83 63.2593484716897
9.84 46.44010658051
9.85 41.148413788274
9.86 63.9595653292182
9.87 61.4421006572183
9.88 50.422511114704
9.89 41.8263007512822
9.9 44.2389745846097
9.91 59.4748627807444
9.92 77.9569838152988
9.93 56.8740703070845
9.94 73.7998298179841
9.95 54.039682027071
9.96 59.2489740606327
9.97 70.7276796951206
9.98 65.7988371894568
9.99 60.1296505663307
10 55.1889551712531
