0.01 16.9084101170234
0.02 3.41544706260941
0.03 22.3621666720424
0.04 18.6644148266553
0.05 5.30480220769055
0.06 -0.301300098201246
0.07 0.0810571371759083
0.08 5.4068290734834
0.09 13.8110146582184
0.1 -0.907387725904302
0.11 8.07254814929765
0.12 15.9471306312057
0.13 -4.82684463597274
0.14 -6.25021208034142
0.15 4.72312391194129
0.16 -0.370762390372519
0.17 -9.36901517425275
0.18 -3.09283408592274
0.19 6.76237152684344
0.2 -7.63004962824493
0.21 -6.68132124770725
0.22 3.73006288169553
0.23 15.2601588477131
0.24 -14.1708013128739
0.25 -6.65459838780509
0.26 7.92751193207867
0.27 4.42754189392476
0.28 -2.12470802210957
0.29 -1.8976662427204
0.3 12.7378987686678
0.31 10.6482815886091
0.32 -2.5920923575238
0.33 16.0969764670165
0.34 22.0024047705034
0.35 16.1671137133948
0.36 -9.01536746550574
0.37 -11.3139937468705
0.38 -3.10894115678151
0.39 15.6703662610277
0.4 -9.83698166573034
0.41 4.20044282027631
0.42 13.3333330327957
0.43 7.25581689681872
0.44 11.6025754446179
0.45 -6.54859814089811
0.46 12.4895562774608
0.47 8.65971218252482
0.48 23.4789755562008
0.49 -3.39420440052911
0.5 20.8579239816315
0.51 -2.21602121881204
0.52 12.3889085786402
0.53 13.5846345095026
0.54 5.07157525599848
0.55 4.04215770282227
0.56 26.0704901398399
0.57 3.37559735286716
0.58 -0.993539508080557
0.59 33.2005611843043
0.6 -10.6815660581233
0.61 5.37918617100594
0.62 -2.88749415294637
0.63 1.48091317490726
0.64 2.70240789290888
0.65 2.6843470030714
0.66 5.76971178761884
0.67 25.0033050526351
0.68 23.8043253662311
0.69 7.25065986034665
0.7 17.3917437851489
0.71 10.1333523221829
0.72 20.8797900562776
0.73 20.730338971229
0.74 -1.49600102232491
0.75 6.57977846513717
0.76 2.62152647466503
0.77 17.8738137279111
0.78 5.98644443985636
0.79 0.91691975071886
0.8 4.06383345061588
0.81 16.9126447700341
0.82 6.79907323045966
0.83 9.39136136065992
0.84 8.70963996234513
0.85 27.9972035317978
0.86 12.948104795093
0.87 1.64162520618485
0.88 10.4887703803687
0.89 -13.2314192313403
0.9 8.50875607196497
0.91 30.2593178543067
0.92 12.656593120047
0.93 16.1216967396905
0.94 3.65128560333751
0.95 11.3303270226304
0.96 20.4689743484214
0.97 18.6400482559983
0.98 2.0607791558727
0.99 -9.22090942624773
1 26.4973805293341
1.01 18.1276912359686
1.02 10.8171106407841
1.03 -2.76962582620462
1.04 7.34831939625676
1.05 16.0271017823085
1.06 12.423040045256
1.07 26.4727331729527
1.08 17.7749108109509
1.09 18.6098506363224
1.1 -3.74912369898808
1.11 18.2842829911871
1.12 3.57104799606399
1.13 10.8867033807603
1.14 10.821420906701
1.15 31.3460263678892
1.16 4.67501819954875
1.17 5.82712937784365
1.18 13.4545893732023
1.19 20.5526179352387
1.2 19.0873047371719
1.21 11.5939838535155
1.22 31.4671978272099
1.23 18.5619192722735
1.24 13.8793185663107
1.25 10.9105289279832
1.26 13.1361521925057
1.27 23.5942593275772
1.28 10.2756345488807
1.29 7.16040071078466
1.3 2.3638013685344
1.31 7.74261049058332
1.32 18.1540174816969
1.33 6.70187679222446
1.34 9.80837848102028
1.35 14.104693283163
1.36 0.156322837835351
1.37 10.3435867083651
1.38 0.547400392976179
1.39 16.2757512154498
1.4 31.7501478473528
1.41 15.0125725657818
1.42 19.1354196507518
1.43 7.79495677008691
1.44 13.3827969188351
1.45 6.22585502278424
1.46 12.9989090744704
1.47 16.5798286351585
1.48 7.54102881921625
1.49 8.01000560928921
1.5 16.3775145829379
1.51 20.7302145618199
1.52 32.9825615868162
1.53 1.13939892192149
1.54 11.1478375939216
1.55 18.1505418981435
1.56 10.783405596173
1.57 5.8328477123155
1.58 42.1964951780615
1.59 17.9651951399011
1.6 9.85689499769456
1.61 11.1885963888466
1.62 4.38589887484473
1.63 20.8021937437195
1.64 18.4695674349406
1.65 -0.746627775849948
1.66 18.8296743599276
1.67 29.7087902657721
1.68 24.9357652002902
1.69 15.3047601170046
1.7 21.5626770588511
1.71 5.35907908078098
1.72 5.26738776992406
1.73 24.8680769557109
1.74 0.522706725640187
1.75 12.7970776660715
1.76 20.2859865143371
1.77 25.1052936769031
1.78 31.5969289428927
1.79 18.3607992208784
1.8 -6.28732490554989
1.81 16.3876884946266
1.82 17.6923409900559
1.83 19.7950952431985
1.84 16.8410004627866
1.85 12.289343659951
1.86 12.8220411803868
1.87 3.98859142035488
1.88 20.3218020766443
1.89 12.0127845922115
1.9 10.0047238762378
1.91 12.8224511620437
1.92 -3.74923699649552
1.93 17.7228373793463
1.94 15.8262981584276
1.95 4.92552057932192
1.96 3.48762322593563
1.97 -8.17416752293775
1.98 18.7219387189422
1.99 20.6609050650845
2 19.0181474764682
2.01 6.96869101842299
2.02 10.8071704551535
2.03 13.6117325388531
2.04 34.6193049738932
2.05 4.87322341357011
2.06 15.1118080679152
2.07 26.5745512739606
2.08 28.6132972696825
2.09 12.540776920563
2.1 17.1667447355953
2.11 22.3719853515512
2.12 12.402996958191
2.13 32.5495562726502
2.14 29.8737612273256
2.15 22.9938268988483
2.16 16.1250981871456
2.17 11.7102545712563
2.18 29.1930601994727
2.19 10.8839055131117
2.2 -11.0936765506947
2.21 -1.38614246728024
2.22 0.446050369057261
2.23 0.333754937411401
2.24 19.735770810778
2.25 10.344630259711
2.26 4.83502095887859
2.27 8.80573309009064
2.28 16.8560365848785
2.29 19.751660151254
2.3 -2.97449105253658
2.31 16.480092123883
2.32 25.5368702373347
2.33 22.1037459424291
2.34 16.1271135197069
2.35 27.2330444336927
2.36 6.91996616223693
2.37 19.3309631885301
2.38 21.0002334606487
2.39 11.048113304888
2.4 34.0734147236186
2.41 27.5598074293007
2.42 -5.46326806597143
2.43 26.6323526888079
2.44 31.3623389407902
2.45 21.3709624778632
2.46 24.5287950223643
2.47 -10.1657131482737
2.48 10.4851877864925
2.49 21.9128581493355
2.5 23.7830454799258
2.51 24.9240819014811
2.52 17.4568772244203
2.53 11.8741514539628
2.54 9.85749036498451
2.55 13.377697416696
2.56 18.1882534974582
2.57 29.419317010313
2.58 14.9621033670847
2.59 16.4245398715943
2.6 24.2086162197801
2.61 2.08733915485777
2.62 28.1953303948065
2.63 15.0348625703889
2.64 25.602873472133
2.65 8.88542281444225
2.66 -1.21591811720413
2.67 17.2264743851608
2.68 15.4780788327868
2.69 21.4861506938141
2.7 19.8948145658699
2.71 -4.83452477353081
2.72 24.0351658913827
2.73 26.7058111433148
2.74 23.0760328135085
2.75 28.8276749464406
2.76 3.03073135471418
2.77 3.05637046237767
2.78 29.0029453848495
2.79 20.2372842227654
2.8 20.1116110311369
2.81 -2.1195577196878
2.82 16.4853321675243
2.83 8.70387844575057
2.84 7.62862415386487
2.85 8.22898704433301
2.86 14.533286640521
2.87 9.10215369470746
2.88 2.76782477603043
2.89 16.6841400141255
2.9 16.5701938853406
2.91 6.2466386598509
2.92 26.2496248478534
2.93 23.6939644881523
2.94 28.2306218942922
2.95 36.0978158033449
2.96 13.7553991516433
2.97 32.9541759829866
2.98 6.60959527644411
2.99 14.9882380782693
3 19.794964536643
3.01 0.339868250501752
3.02 29.8735285404242
3.03 32.3719709785923
3.04 7.90602919786226
3.05 27.7113138443988
3.06 26.7201079786464
3.07 38.0003118766734
3.08 8.7248124045717
3.09 37.7636805018583
3.1 20.3008324268569
3.11 27.5277134104279
3.12 11.0893161946638
3.13 10.0147260118347
3.14 35.659847047875
3.15 10.6438031456203
3.16 34.4291973227312
3.17 15.8983965341921
3.18 28.7328803090093
3.19 25.7867421385004
3.2 -5.42137752808347
3.21 8.04732443661136
3.22 -1.70506523393261
3.23 20.0806922871627
3.24 2.44891364981951
3.25 10.0184988539132
3.26 10.9717905461113
3.27 35.6061691694288
3.28 29.3841277237121
3.29 23.5288947845334
3.3 2.73921758889497
3.31 28.8645601447636
3.32 12.9117468858953
3.33 19.169753603039
3.34 -0.409054587261398
3.35 17.9821211298174
3.36 4.99408299545808
3.37 14.7557351727691
3.38 24.8541136330093
3.39 24.1951551111534
3.4 0.252480963579607
3.41 8.80674585302838
3.42 20.309107290382
3.43 7.81102167030234
3.44 18.0476584838214
3.45 9.03632107626401
3.46 32.9640843237588
3.47 29.0582732735719
3.48 27.6875681481482
3.49 19.3266588527159
3.5 32.4309480845427
3.51 15.5998113781935
3.52 19.1082624918509
3.53 21.0788247934209
3.54 10.982995808252
3.55 36.288138239268
3.56 28.5598626933194
3.57 32.6342782965959
3.58 9.17345486535835
3.59 13.1376522322963
3.6 19.5120473290232
3.61 13.8003613312624
3.62 25.5616473435084
3.63 33.8517212741562
3.64 21.330453767809
3.65 40.1627989890564
3.66 48.3190170347225
3.67 22.6864485927246
3.68 21.7693000452844
3.69 14.3519031275889
3.7 14.163765392576
3.71 17.5298812221414
3.72 1.77846063396073
3.73 18.5713337710746
3.74 30.8490993687629
3.75 17.6813599923469
3.76 4.2757839904709
3.77 26.0179496795698
3.78 9.66093289929631
3.79 17.0980845084484
3.8 21.5736630935968
3.81 11.6891036415075
3.82 17.9070219738995
3.83 7.59804359664504
3.84 26.064250506575
3.85 28.7005321119117
3.86 24.5430853450288
3.87 25.4134092385663
3.88 18.5846486511406
3.89 16.6704474472735
3.9 11.1822796279449
3.91 31.4299812998487
3.92 45.820598609739
3.93 30.8683393090576
3.94 37.203924324102
3.95 23.8559485388868
3.96 31.7910948528485
3.97 26.9254328634988
3.98 29.530778105135
3.99 21.1680273173411
4 17.3761048844259
4.01 31.3635554353413
4.02 48.8120837089355
4.03 28.3857843136033
4.04 28.5821031820922
4.05 32.1693785853908
4.06 28.074996746598
4.07 37.1551804347317
4.08 17.4767968773319
4.09 28.4166715739427
4.1 41.270364433896
4.11 28.5140318745587
4.12 16.7299135087517
4.13 31.8063323738569
4.14 19.1775364975059
4.15 11.2976568143077
4.16 31.4084073062314
4.17 26.4691381820856
4.18 19.9263456851312
4.19 16.9830482406504
4.2 21.4968878380547
4.21 22.687432044327
4.22 8.65721735341097
4.23 24.247594631186
4.24 34.6634599379338
4.25 19.3824764155413
4.26 28.9799838420021
4.27 47.8572784144736
4.28 21.501412449377
4.29 45.7415159583781
4.3 26.9512251540387
4.31 30.6467762656995
4.32 24.9458575116787
4.33 29.374871071032
4.34 22.4086707539256
4.35 42.4221878620886
4.36 27.4490195125981
4.37 40.4318152440685
4.38 25.5100698280936
4.39 32.2924765328007
4.4 17.6209570819826
4.41 21.9599097390884
4.42 20.3536071049454
4.43 31.6240828032099
4.44 26.456684186463
4.45 10.69208116286
4.46 24.5415803892544
4.47 33.3647688677848
4.48 31.5673494290312
4.49 33.5919236752761
4.5 28.4488941198528
4.51 31.7662292119411
4.52 15.9567583422137
4.53 40.2903979912421
4.54 40.5138030202719
4.55 31.3866218344357
4.56 38.260366434508
4.57 51.2386625208177
4.58 10.9099953347206
4.59 12.646650039756
4.6 21.951114523713
4.61 30.4762343792626
4.62 38.281066514327
4.63 20.086942400919
4.64 29.5739971545779
4.65 16.0740054993153
4.66 18.1638840467524
4.67 13.3374791996224
4.68 24.6269891308457
4.69 31.2263842868863
4.7 22.7973081259101
4.71 34.1754080288187
4.72 36.20398385442
4.73 43.0928659547816
4.74 38.5923218062207
4.75 37.4694463255964
4.76 28.3748693681204
4.77 18.8052938049561
4.78 48.3038724172315
4.79 27.1132874825189
4.8 18.9629744168067
4.81 38.8322670462929
4.82 25.8834883109108
4.83 21.0559831374162
4.84 20.2537280544359
4.85 24.387602781453
4.86 32.1240646428352
4.87 14.7659867213349
4.88 22.8921746669869
4.89 18.054062127458
4.9 36.6430728566581
4.91 25.2265155064521
4.92 23.4134050346604
4.93 34.5437873825913
4.94 33.1890634162634
4.95 24.220888138989
4.96 26.2655836020435
4.97 27.115323141703
4.98 32.2188273823228
4.99 35.3360926444579
5 29.0237996726779
5.01 37.0299690969984
5.02 42.3819649880713
5.03 20.7336337417495
5.04 37.8514360451914
5.05 24.5635160848092
5.06 26.0391196410611
5.07 37.2256757952087
5.08 23.7693292878351
5.09 32.3795494904128
5.1 36.2966112992027
5.11 24.2141833569214
5.12 39.7962298249962
5.13 33.0544787779238
5.14 23.2342677895794
5.15 29.4880612924639
5.16 28.4382973610013
5.17 33.7791906449554
5.18 41.4334526655298
5.19 4.72186989609435
5.2 29.7234444918808
5.21 37.0988804459414
5.22 27.3752340474775
5.23 20.802795187246
5.24 23.4638290734135
5.25 31.5467578449647
5.26 27.5593425667821
5.27 38.3220718159421
5.28 45.0904151239969
5.29 31.5508637556675
5.3 35.5138051490193
5.31 17.5932359985061
5.32 12.994326114499
5.33 45.6184584472635
5.34 46.4653115311696
5.35 29.2896531107608
5.36 33.9881118846159
5.37 22.3264124214888
5.38 35.9432062536753
5.39 35.8728317697046
5.4 22.1410480988311
5.41 28.5181371918536
5.42 32.158394871454
5.43 16.1621057465647
5.44 41.2131247140263
5.45 8.52556944245805
5.46 24.5057656638729
5.47 31.4796928737996
5.48 41.902473611076
5.49 33.9736498567344
5.5 32.299380772175
5.51 43.8823431628317
5.52 39.5343349061067
5.53 30.3156128714411
5.54 28.2009772288024
5.55 25.386689176696
5.56 33.8245106331444
5.57 35.9645680368468
5.58 27.9402598667587
5.59 29.0429418004541
5.6 31.930270104246
5.61 28.5267658360138
5.62 34.8853627187305
5.63 45.3270262209491
5.64 39.0768064375315
5.65 48.8085912541715
5.66 34.0037739414922
5.67 21.8805964767896
5.68 28.8053877032672
5.69 24.9660087317131
5.7 42.9308455066543
5.71 35.2337913290791
5.72 28.0649069152029
5.73 36.7546008556887
5.74 29.2381070836515
5.75 24.1316004268515
5.76 25.9504422784919
5.77 45.857363436137
5.78 35.7606000469772
5.79 39.0649817092814
5.8 39.438663312014
5.81 31.1320022633805
5.82 22.5394891940123
5.83 24.9481963198914
5.84 46.0677175393279
5.85 16.0242707085522
5.86 39.4176451244996
5.87 32.5236043738362
5.88 55.0274229142186
5.89 46.9420877926073
5.9 26.5551280504566
5.91 42.0751779108429
5.92 40.7737156225004
5.93 34.5183000624846
5.94 41.6930845154988
5.95 37.1302795112164
5.96 34.697907270347
5.97 24.2251039097853
5.98 16.8658736013733
5.99 45.1273046770529
6 43.949995569721
6.01 46.0921945578818
6.02 47.0140915632556
6.03 45.9295544188935
6.04 48.2152882174156
6.05 38.7215784921419
6.06 14.9253922232919
6.07 24.21880815563
6.08 30.6130556870813
6.09 42.1915112741124
6.1 44.6245961296289
6.11 42.4506569217277
6.12 41.9574619566236
6.13 30.4229905445328
6.14 20.4571638104075
6.15 33.1256975837471
6.16 41.5012921820054
6.17 41.4924030382354
6.18 43.6133495175921
6.19 41.4478823664094
6.2 18.2437906291995
6.21 29.3907602316347
6.22 31.0726506263222
6.23 48.7161700896541
6.24 34.2858592808016
6.25 18.25285457529
6.26 43.1656013409047
6.27 32.6325780235481
6.28 33.9526777072139
6.29 41.1544212761265
6.3 32.6959635947055
6.31 40.4608729890992
6.32 36.0412566730294
6.33 36.7785149945541
6.34 45.3518315257133
6.35 40.9921472341496
6.36 45.2382919359288
6.37 45.7418242682498
6.38 44.4910778031238
6.39 23.0279480081608
6.4 50.1128828043807
6.41 46.3368929038002
6.42 28.3976334602937
6.43 47.4406821296418
6.44 43.9530884624819
6.45 38.5199334776679
6.46 18.3936992469026
6.47 41.0162967079457
6.48 31.6964462882495
6.49 36.4688829552252
6.5 31.4214524872726
6.51 43.9009993237036
6.52 53.2935511933779
6.53 13.0510036086372
6.54 37.542093108894
6.55 42.0007001357244
6.56 32.749934338953
6.57 17.3002816174954
6.58 46.8588074432341
6.59 58.0328668605733
6.6 26.4697079454645
6.61 47.8459036160746
6.62 58.8838236947125
6.63 19.0729464292075
6.64 34.8671992543342
6.65 48.6052929514375
6.66 51.57109797395
6.67 30.0496777733525
6.68 37.1388647553667
6.69 46.2777018329384
6.7 36.4237272807948
6.71 24.5379769714611
6.72 52.6055073796336
6.73 40.1222742760758
6.74 26.5389626697772
6.75 43.4981527643626
6.76 35.2054535019569
6.77 39.1170778300694
6.78 21.9519133170451
6.79 50.7447207484636
6.8 47.6948334572283
6.81 41.30870694668
6.82 49.7714861678944
6.83 33.7809971490167
6.84 37.8166440388123
6.85 46.049342979659
6.86 43.1726217427311
6.87 32.5773024572967
6.88 32.4524870449853
6.89 44.1200824491882
6.9 6.96412236080985
6.91 38.4866540551712
6.92 39.7824934298776
6.93 44.2397526173648
6.94 37.8430954105092
6.95 28.1760707710608
6.96 24.3155504749762
6.97 35.9509604688706
6.98 50.4314201572072
6.99 27.5306878454952
7 43.9615748663759
7.01 29.9076967232028
7.02 38.2150356945369
7.03 37.5955192145474
7.04 35.7917164172978
7.05 33.5145112404352
7.06 41.0290833029407
7.07 31.3463067218194
7.08 36.4426474962424
7.09 41.0242649776857
7.1 46.9080868338099
7.11 45.534498858121
7.12 40.721133085789
7.13 35.7733278565597
7.14 25.4061272944902
7.15 52.8053425084666
7.16 34.005553494811
7.17 36.4814518787195
7.18 68.3603269134845
7.19 49.217128105232
7.2 23.4088717586496
7.21 20.4799874516501
7.22 49.8698232527919
7.23 42.1140865104105
7.24 37.7518090759814
7.25 46.9133549297781
7.26 23.2228396385422
7.27 43.7846427493546
7.28 33.4529304802319
7.29 42.2907402368718
7.3 53.9783482973385
7.31 50.711667254963
7.32 36.9617014201171
7.33 50.2586471456556
7.34 50.0338499519016
7.35 35.8101014812173
7.36 36.1920689013787
7.37 44.4800639359879
7.38 34.9485491997006
7.39 53.9383420920834
7.4 30.1938966531884
7.41 57.120535371138
7.42 45.4411568537311
7.43 55.4261068442361
7.44 42.2175505626492
7.45 51.013678772427
7.46 41.6664548919478
7.47 25.0496856549899
7.48 39.2902733322396
7.49 45.537172590921
7.5 29.9356252864386
7.51 37.6402045005174
7.52 49.1312443010077
7.53 56.5536590771351
7.54 49.4786223192642
7.55 39.5501485065979
7.56 47.431255090841
7.57 27.9498677310296
7.58 39.3544095732523
7.59 53.0452455183119
7.6 32.2658292467761
7.61 34.5918738275705
7.62 54.0313013419501
7.63 36.9255497866346
7.64 39.2314025487336
7.65 44.4465849457238
7.66 45.1905517070702
7.67 32.7563135658147
7.68 26.9392214952209
7.69 42.2101343430199
7.7 40.7629180765661
7.71 40.9808706839363
7.72 43.4845233378481
7.73 40.5180511062576
7.74 42.3499314017108
7.75 68.2867086722297
7.76 52.5409389980276
7.77 37.1339815505659
7.78 41.8904596469826
7.79 46.4609202797423
7.8 51.7577031296563
7.81 40.8205393947776
7.82 40.8939911403193
7.83 40.7870561349048
7.84 51.548517346425
7.85 65.3069312660559
7.86 47.7264481268156
7.87 39.4781037666602
7.88 45.7291076133911
7.89 45.2650402146814
7.9 53.8074311726954
7.91 40.7930712995127
7.92 46.8355587345761
7.93 20.2313015674868
7.94 44.6832937476177
7.95 62.8281795017069
7.96 40.539323879358
7.97 35.0117646087596
7.98 29.8964178665756
7.99 42.4304875703877
8 59.237623500056
8.01 39.7598545136139
8.02 56.4208204312044
8.03 51.3460237824831
8.04 41.1524393640685
8.05 42.1999594944837
8.06 36.4971648069441
8.07 56.3673203651704
8.08 52.4749703847824
8.09 47.2321664218897
8.1 50.4380833566349
8.11 26.7001567782531
8.12 38.6150685696905
8.13 53.1797139783834
8.14 26.2186634219604
8.15 24.6446863251375
8.16 58.3747868117512
8.17 37.8904011803095
8.18 63.7837947174284
8.19 28.7754130554883
8.2 38.5340570624468
8.21 29.9355647322102
8.22 41.5956150316244
8.23 45.4116294753607
8.24 31.2088642509355
8.25 48.4145251769497
8.26 50.8477717500475
8.27 46.5437932980785
8.28 58.1972653911215
8.29 37.9650052640564
8.3 46.1388502038989
8.31 38.0889296297052
8.32 44.3999413342857
8.33 52.4778702447068
8.34 48.1328581537033
8.35 35.5020794843242
8.36 47.4285016412425
8.37 76.7122066181371
8.38 53.7642378950997
8.39 62.2355209973975
8.4 53.5912040773684
8.41 39.9673208829285
8.42 49.2796792584345
8.43 47.2064933245911
8.44 49.9287405869275
8.45 63.4371018800619
8.46 66.4550213015228
8.47 46.8814075683893
8.48 62.1729167294602
8.49 52.861669359657
8.5 56.7485647976432
8.51 47.8341940458934
8.52 51.5042277342399
8.53 46.7489348938673
8.54 18.3572110016125
8.55 48.5840920745882
8.56 55.7645475820626
8.57 73.381479123506
8.58 63.7157284020867
8.59 40.1048649159742
8.6 38.4246858584177
8.61 47.9505825802471
8.62 44.4851340404948
8.63 49.0459399448163
8.64 50.1440861419088
8.65 46.0683487527128
8.66 27.7328573204382
8.67 49.490649429916
8.68 40.4072975418873
8.69 42.4354228243096
8.7 56.9355885984068
8.71 49.0639398189257
8.72 49.1396686870651
8.73 35.7592417761338
8.74 53.9653377020773
8.75 44.1761362035851
8.76 52.8186427166277
8.77 54.0513097898463
8.78 53.0117004052449
8.79 52.5411335952521
8.8 52.6569207523253
8.81 42.1101666860167
8.82 49.7055753008318
8.83 58.9698243415098
8.84 54.5543459328053
8.85 51.4472303380377
8.86 57.0816637321151
8.87 55.6304109503306
8.88 66.6064236876139
8.89 82.5068295765744
8.9 47.4955137572386
8.91 50.9366332947563
8.92 71.960001773004
8.93 44.4408251337066
8.94 47.3743923330588
8.95 52.3353940929118
8.96 70.7562016408027
8.97 61.9905153353142
8.98 39.1874746096279
8.99 54.32209533928
9 32.2186732871401
9.01 52.8885541373642
9.02 62.7736272656435
9.03 44.328707617441
9.04 55.5013703810214
9.05 57.5852215183162
9.06 54.4876902145447
9.07 66.0288098553369
9.08 58.3432596617226
9.09 40.0095698124519
9.1 48.7216881218015
9.11 59.2122006986449
9.12 64.9680104738111
9.13 50.6769240599554
9.14 38.8205213867871
9.15 48.8235899223179
9.16 42.9660803931743
9.17 53.197672348413
9.18 50.7713386375995
9.19 58.9575260761541
9.2 55.4591473468231
9.21 48.7391528415971
9.22 54.1043215017924
9.23 50.488770853124
9.24 58.0291925121484
9.25 35.5116114767231
9.26 46.4349797924532
9.27 39.2244908869773
9.28 45.5203143376489
9.29 58.9914476233309
9.3 50.7078398782814
9.31 43.9993435261667
9.32 65.0833486622241
9.33 52.8111617123932
9.34 38.8698104056274
9.35 61.2719231306767
9.36 40.9829032177957
9.37 45.9808518966077
9.38 74.0894630765216
9.39 54.9962409070583
9.4 48.8312238412904
9.41 53.8288370760585
9.42 43.0920064000832
9.43 65.1226205859075
9.44 45.0921254778723
9.45 63.5017985740661
9.46 65.6295365337979
9.47 46.079012292501
9.48 26.0908389200707
9.49 62.7426939183796
9.5 55.4284361076086
9.51 62.4420509027968
9.52 72.8652532242686
9.53 73.8733336784861
9.54 49.9282167162034
9.55 56.0980689759849
9.56 55.2891081924191
9.57 35.0752228054865
9.58 48.2616861517531
9.59 29.2881444293807
9.6 51.6797946273485
9.61 52.9950382523538
9.62 52.3839090342964
9.63 30.7711081089412
9.64 64.8267891949378
9.65 54.5984162481242
9.66 54.4638757992428
9.67 36.7223595670616
9.68 51.112390700009
9.69 48.5696404398848
9.7 60.3519625352608
9.71 60.658907746542
9.72 56.9043880435198
9.73 43.5947478975879
9.74 70.4321696402632
9.75 53.1607250955649
9.76 57.6742329500018
9.77 81.1004371364145
9.78 49.6435249697053
9.79 60.8895064553782
9.8 59.7895461262683
9.81 55.1079215379407
9.82 51.0323792616617
9.83 46.9505155294691
9.84 64.7461080856453
9.85 57.3534091426946
9.86 54.4182883052105
9.87 45.0480448977283
9.88 73.4121612813457
9.89 61.4732335863992
9.9 39.3959051729805
9.91 59.9720807501563
9.92 77.7241532298121
9.93 68.7096580481542
9.94 45.18722285346
9.95 56.9740683426583
9.96 63.2651007914513
9.97 83.9569590724626
9.98 44.204560788299
9.99 46.9399373041872
10 73.0822991145412
