0.01 1.73922989809775
0.02 -1.33304254866673
0.03 16.4455933038846
0.04 22.2257802160079
0.05 9.39988295987322
0.06 -1.73117885681054
0.07 -9.14374303989497
0.08 -3.05620317004031
0.09 -19.7561316116914
0.1 18.2190643323828
0.11 4.5891011483628
0.12 12.4323359903363
0.13 0.599384212714698
0.14 22.1904142179969
0.15 11.328261499019
0.16 21.8717920399253
0.17 11.1350978383545
0.18 -10.3789262617775
0.19 14.271997527558
0.2 -3.27243563339898
0.21 14.5017088982101
0.22 1.89241926631107
0.23 22.8380576855661
0.24 4.6916930241818
0.25 11.4445576635574
0.26 1.66258661953093
0.27 16.8373512072022
0.28 6.34672918012012
0.29 19.8144939883859
0.3 -10.4237728199633
0.31 28.8651368173476
0.32 10.022669497547
0.33 2.85382955055413
0.34 -1.52329398653717
0.35 -7.81671022278714
0.36 16.4868394140113
0.37 21.6299534831754
0.38 11.8597733616135
0.39 -7.16627700746243
0.4 6.69281171565425
0.41 -1.38638234336106
0.42 -6.04568015802559
0.43 18.8491134267205
0.44 3.79026360495943
0.45 6.72607086357037
0.46 3.37860669686257
0.47 18.3450470220968
0.48 7.71057896878358
0.49 23.1406254085412
0.5 13.4303927862112
0.51 2.9097540459317
0.52 19.070540190437
0.53 11.2339947776992
0.54 12.7188989262142
0.55 2.92728349421317
0.56 8.89876440865226
0.57 6.62141073972246
0.58 3.70423354350466
0.59 10.9462782255026
0.6 12.1112881301574
0.61 -13.5478085133413
0.62 10.3105048776119
0.63 -0.83729293037834
0.64 14.7617005563583
0.65 6.13144263466378
0.66 18.6728309647963
0.67 -21.0969447292042
0.68 5.22332547522897
0.69 1.65280444524604
0.7 -0.494097915044394
0.71 13.5516423937793
0.72 -7.15462455268649
0.73 -3.35340813943415
0.74 3.03368278630132
0.75 2.57420716568794
0.76 -6.76525643419652
0.77 -3.9099700320411
0.78 17.4282282593785
0.79 19.1931892708258
0.8 -3.24863098088472
0.81 11.5987101720261
0.82 19.8020455316786
0.83 26.9648019798508
0.84 -0.446939899298904
0.85 15.055977341411
0.86 3.53957121569931
0.87 17.7613782612806
0.88 16.6005858951641
0.89 21.1666424125614
0.9 11.2176334734571
0.91 -15.8268433617289
0.92 20.6260890056724
0.93 8.88199236289238
0.94 33.719812784977
0.95 -8.92085554278975
0.96 20.909152947988
0.97 8.1593837415917
0.98 4.6311843176974
0.99 6.02623421149544
1 6.8591650730374
1.01 2.78634307427929
1.02 7.19836542133624
1.03 18.9015876264191
1.04 19.7275416953335
1.05 21.4957035194209
1.06 7.81885860305309
1.07 18.7646462813035
1.08 -4.59985322666351
1.09 -2.67849267878392
1.1 13.7129337704333
1.11 8.68009554961882
1.12 13.3475033512351
1.13 0.815388894756355
1.14 18.7266600245046
1.15 14.539877671664
1.16 -17.4943794038637
1.17 7.14166015535544
1.18 21.8117210205963
1.19 6.76856899184909
1.2 2.83852602001087
1.21 -6.8847447289725
1.22 9.65659126467244
1.23 9.6718147530344
1.24 9.52553940074818
1.25 7.54796901201171
1.26 17.3899516717969
1.27 0.629715518064177
1.28 31.6798071034129
1.29 14.6692649401314
1.3 1.97666662584827
1.31 12.0472083111659
1.32 15.4436698192415
1.33 7.29261294668599
1.34 25.2438299068864
1.35 4.89368730856062
1.36 6.5724199852638
1.37 9.00776289560139
1.38 3.3680541678144
1.39 12.0483481145027
1.4 0.980390830514432
1.41 5.58341888459286
1.42 11.1908442527454
1.43 7.52535323824057
1.44 1.75789926918319
1.45 6.28207614088843
1.46 16.4418832439052
1.47 -13.4525940982751
1.48 17.2783459204355
1.49 9.2007405275105
1.5 23.5097047487584
1.51 -0.0113424203907098
1.52 18.2109105652033
1.53 24.665437082452
1.54 31.3236507892655
1.55 20.8227291268306
1.56 15.3709365675607
1.57 7.95091320463527
1.58 20.0719682137153
1.59 13.2395305798864
1.6 20.9962728550285
1.61 22.9700676439675
1.62 19.4084533833816
1.63 25.9212924160104
1.64 30.4680193118632
1.65 8.21455779556967
1.66 19.8174995465343
1.67 -22.8482314692508
1.68 11.5855131489444
1.69 8.04989556449114
1.7 20.0348285187262
1.71 22.6813447820799
1.72 10.292272359379
1.73 12.87635292545
1.74 5.57021021360006
1.75 4.3092376472944
1.76 20.4507083087348
1.77 11.9863916582528
1.78 7.00941016669303
1.79 -18.315665034255
1.8 26.3337704672501
1.81 15.1547700137624
1.82 16.5748497959841
1.83 20.2130386582975
1.84 14.7273534502964
1.85 7.95851193693972
1.86 21.3950392864654
1.87 13.0105268252736
1.88 34.913142929201
1.89 5.75635025833304
1.9 20.183502916862
1.91 4.61991539607284
1.92 10.9631852935262
1.93 9.65375019477639
1.94 -4.12329255783981
1.95 28.1407335365566
1.96 5.31949715580379
1.97 21.0747221007921
1.98 3.44030016140542
1.99 16.6575812454302
2 6.55459402282309
2.01 22.3241661568546
2.02 15.1936304539379
2.03 34.8909211979505
2.04 21.8188066893153
2.05 15.9566377943469
2.06 34.1332990595109
2.07 17.186908484951
2.08 11.0178419341041
2.09 15.6575950344793
2.1 18.262499607755
2.11 21.5799486655499
2.12 22.7644489730282
2.13 8.21478465362271
2.14 -6.1969963143837
2.15 30.2554521220058
2.16 6.20979257969397
2.17 12.3204952430744
2.18 24.502730616004
2.19 5.87839330046926
2.2 8.41474463566173
2.21 36.2284755309879
2.22 17.4658841093488
2.23 27.1852232533273
2.24 30.3139925233041
2.25 13.8618457459297
2.26 11.2558900416992
2.27 38.2233947287508
2.28 -0.490821950568051
2.29 1.82647252310295
2.3 12.176997859296
2.31 19.5289752534064
2.32 18.6727927014992
2.33 14.1954381615447
2.34 15.2348618029685
2.35 21.0486098954497
2.36 40.9926207767835
2.37 15.5733705959549
2.38 18.1344959852917
2.39 -7.10865362931833
2.4 6.52785020869568
2.41 25.0249378692554
2.42 25.5111917587895
2.43 31.9997446495017
2.44 1.7596539103224
2.45 30.0809763125409
2.46 34.7354694714794
2.47 25.4549070279297
2.48 27.2243014627021
2.49 11.7480207263914
2.5 17.2709929783428
2.51 7.44727124196639
2.52 2.31677379144093
2.53 9.54866369331832
2.54 30.3204164977044
2.55 25.9457579024998
2.56 9.69003153093152
2.57 13.9370881883279
2.58 6.27052327809209
2.59 34.3725241843165
2.6 13.2286264766669
2.61 7.87546054810062
2.62 22.3355188234164
2.63 0.820653507341484
2.64 19.2685483497874
2.65 2.28258411523554
2.66 15.7338218807414
2.67 17.9601627464976
2.68 13.2752212041753
2.69 -2.07470522405738
2.7 -4.61948490368673
2.71 26.2247379184113
2.72 7.80188595609285
2.73 30.9883653631312
2.74 11.9270459805133
2.75 20.8030712102744
2.76 12.2540896123733
2.77 10.6425282800241
2.78 15.5241500841931
2.79 14.3991967352728
2.8 13.8288290346424
2.81 18.6605520122172
2.82 19.4819658401068
2.83 19.8945835585509
2.84 15.7534146190057
2.85 17.9592029048711
2.86 16.8124627694888
2.87 38.7010261194425
2.88 19.8980584148472
2.89 35.7313936654374
2.9 15.0529330128616
2.91 36.8464749355822
2.92 21.8961837967837
2.93 8.20041481439358
2.94 26.7641078387416
2.95 18.9617627057249
2.96 32.7472844810992
2.97 23.7439017439548
2.98 45.7799042919283
2.99 2.33924614539966
3 8.62214420214832
3.01 22.3443243434594
3.02 16.6613768315088
3.03 19.2297060632086
3.04 27.5366421151252
3.05 23.4216675277133
3.06 6.70877216285734
3.07 17.108183870443
3.08 7.07619903149611
3.09 27.5341059846961
3.1 26.9971798890918
3.11 12.8455622148577
3.12 13.670424584259
3.13 25.9822468434421
3.14 22.856366412819
3.15 30.2889759032676
3.16 16.2786026663944
3.17 39.9985139652747
3.18 21.2368794858011
3.19 1.51484677153294
3.2 26.7337835801483
3.21 14.0549378827951
3.22 28.9218178799029
3.23 18.4257996443725
3.24 13.2695088957291
3.25 27.8677709050096
3.26 5.02347294633954
3.27 27.4116362532843
3.28 28.7074814790867
3.29 21.3349111787964
3.3 27.2573705298796
3.31 -4.82595600992304
3.32 33.0035487562332
3.33 17.1522571582793
3.34 28.1499463729019
3.35 35.8589754664895
3.36 14.5114298042501
3.37 21.5262003997769
3.38 5.16125762074532
3.39 22.0579625478689
3.4 37.4804632650183
3.41 20.0342198140102
3.42 24.0124235191783
3.43 8.46031284953342
3.44 34.8368889274451
3.45 13.4699260292076
3.46 36.9635859166579
3.47 19.9982544980448
3.48 24.9382523452901
3.49 26.7911293507276
3.5 26.0600012007031
3.51 11.625270825656
3.52 4.05462632862717
3.53 34.3464750235903
3.54 32.1988704165984
3.55 15.3181106239715
3.56 34.479142910659
3.57 16.4795659316935
3.58 21.4193563526228
3.59 8.74774173481366
3.6 28.8457890127227
3.61 26.4931325193236
3.62 22.6632059990085
3.63 29.935189557855
3.64 16.3190060864742
3.65 15.194613493377
3.66 9.15712743407166
3.67 27.8317988420933
3.68 17.5235221634656
3.69 31.049061863369
3.7 31.7959534532584
3.71 16.4178855270157
3.72 -6.59638237878429
3.73 27.069623043137
3.74 28.0312956467712
3.75 49.1885368243719
3.76 25.3492848031701
3.77 32.6639347999897
3.78 42.9768452827673
3.79 37.8120753188802
3.8 6.2611673605136
3.81 38.5225770229333
3.82 42.7054098230415
3.83 32.3075208344593
3.84 34.2183982947455
3.85 39.1787007012652
3.86 35.639080601789
3.87 19.7358823209686
3.88 36.630819898151
3.89 27.9889631121225
3.9 -3.33324714716996
3.91 35.1943837392524
3.92 30.5046515557506
3.93 36.2224999256864
3.94 25.5259151190807
3.95 26.2851723956452
3.96 31.9584867326092
3.97 21.5191528237869
3.98 23.8818042132198
3.99 9.58011055316618
4 39.151696290198
4.01 16.3582559012298
4.02 35.7754171149683
4.03 35.2641173047495
4.04 43.0206257759046
4.05 34.3184812575362
4.06 20.5955531671518
4.07 33.9590167829316
4.08 39.826762130611
4.09 38.8986909515055
4.1 16.5784801411913
4.11 3.326230293147
4.12 22.5324428119062
4.13 34.8165341552405
4.14 24.8009954450501
4.15 24.7918837881542
4.16 22.9639870437585
4.17 20.2923821249113
4.18 21.9822790387052
4.19 38.4832400818346
4.2 25.5773262014924
4.21 17.1481885151129
4.22 5.56740688239056
4.23 25.2900573239367
4.24 20.2701017469415
4.25 33.5922874167386
4.26 19.3654937869744
4.27 22.2244117439629
4.28 11.446837839976
4.29 44.2066796208765
4.3 27.5960713635988
4.31 57.7037896848582
4.32 31.9540954193789
4.33 18.987086707907
4.34 36.7198322255762
4.35 24.9626764569723
4.36 35.9596908734269
4.37 47.8864363768383
4.38 32.7454212763127
4.39 35.920667768677
4.4 18.6201893346911
4.41 25.2662787055807
4.42 25.290842147681
4.43 18.5695968189776
4.44 42.3463457455507
4.45 14.2789115758999
4.46 12.4095869108669
4.47 54.4381505316596
4.48 43.6937348962557
4.49 15.8394223858985
4.5 29.8058410500895
4.51 31.1869201664234
4.52 19.5888590633514
4.53 22.6391012592486
4.54 44.119362489217
4.55 29.7133294025357
4.56 23.8244828963199
4.57 48.1742980346358
4.58 39.5307723509155
4.59 24.8820204280236
4.6 26.1241399807207
4.61 11.9170047733127
4.62 23.5256823516798
4.63 30.2783251961358
4.64 25.5089538391592
4.65 31.6122685122884
4.66 29.4500613038365
4.67 39.5943533615509
4.68 32.397901008694
4.69 35.2204566457952
4.7 31.0940420799991
4.71 29.5259262917054
4.72 30.7844585011701
4.73 29.0854982498154
4.74 31.0875648501515
4.75 19.8704901350596
4.76 35.3279323482498
4.77 47.6111242488062
4.78 25.2853839996493
4.79 38.1732262603703
4.8 26.1574460240078
4.81 26.2459141093875
4.82 40.9853738229691
4.83 38.6167186804917
4.84 18.0145366895806
4.85 31.0074819659829
4.86 42.6214707743758
4.87 34.8283819172525
4.88 35.4722769338086
4.89 24.7598825803303
4.9 19.4667135565891
4.91 14.6847845100305
4.92 21.8070590672097
4.93 38.6497776985648
4.94 38.4224432757003
4.95 9.59136678882408
4.96 15.4848993610185
4.97 20.279790079031
4.98 36.9330779976532
4.99 35.354984634279
5 21.9726631209527
5.01 12.1245652110059
5.02 26.4592460684477
5.03 24.8903040512297
5.04 27.3244102758092
5.05 24.1081630315769
5.06 30.3296943375881
5.07 39.6743817200683
5.08 47.7321440754117
5.09 37.7645338278279
5.1 23.6317589527736
5.11 27.316470145233
5.12 1.18306548878831
5.13 35.253089688832
5.14 57.8195606053318
5.15 38.5585098115682
5.16 32.2441313429917
5.17 37.7433990659065
5.18 40.1366301510483
5.19 21.8312115877655
5.2 30.8673888671488
5.21 44.8015595261396
5.22 39.6076312387977
5.23 13.5548869612986
5.24 24.2325685789187
5.25 28.1166276146738
5.26 40.945077317299
5.27 19.7817852461322
5.28 52.2684763262142
5.29 35.6434992348956
5.3 34.0544574311152
5.31 23.0286546922714
5.32 23.36171460036
5.33 30.5599743559041
5.34 25.4484852703162
5.35 37.2811621382956
5.36 24.1308512004306
5.37 36.6230685943008
5.38 18.0941337114432
5.39 40.4444449095933
5.4 34.1301531498162
5.41 16.9116864136532
5.42 44.3562770145372
5.43 29.0727742884357
5.44 29.6704947296986
5.45 39.7183915740537
5.46 21.3785048568636
5.47 42.4281632843581
5.48 36.9379793063865
5.49 31.928925781526
5.5 41.7350244049278
5.51 28.817350409779
5.52 35.6330768256187
5.53 42.3604593427519
5.54 33.0659405797581
5.55 36.0116313005082
5.56 47.6408537959291
5.57 29.4587521171935
5.58 30.3748643744722
5.59 27.0041128081038
5.6 39.9598361791036
5.61 22.6777885430666
5.62 38.0284849463499
5.63 64.2861734155636
5.64 35.5848196504561
5.65 49.9359808999878
5.66 30.3995198876475
5.67 41.929754022204
5.68 36.7260699184216
5.69 29.4316978153902
5.7 63.020698326807
5.71 54.6851285625917
5.72 35.4050608156255
5.73 48.5245381994301
5.74 32.9409310896605
5.75 49.9043096497642
5.76 31.340198502935
5.77 40.010062924452
5.78 40.7902634225292
5.79 29.1148866762322
5.8 45.7950611207235
5.81 41.7325927206113
5.82 44.6518796583049
5.83 37.0685986536735
5.84 43.9362541700288
5.85 17.9453552358741
5.86 45.234592700049
5.87 40.2166896275821
5.88 34.557947713907
5.89 30.8969763955269
5.9 33.310284185093
5.91 45.4879953577744
5.92 51.3607647181982
5.93 42.3324156396788
5.94 28.6315697185746
5.95 39.5666025193657
5.96 32.8164670092555
5.97 30.401059944901
5.98 8.83952933162877
5.99 49.6198737709561
6 26.8899665018382
6.01 44.7093574074157
6.02 62.0644680266051
6.03 7.94678828284502
6.04 45.9922786782652
6.05 33.5752702720335
6.06 26.8967608914206
6.07 56.6393754992505
6.08 28.3756037656447
6.09 37.4018564662547
6.1 34.3056323294751
6.11 39.8251212870498
6.12 41.5611872602287
6.13 41.251166976153
6.14 32.9219452208149
6.15 33.3344636517099
6.16 25.4852490674483
6.17 54.6843723903984
6.18 40.0081859720769
6.19 56.0705470926781
6.2 32.4280339348636
6.21 38.3877508203023
6.22 46.1983229832239
6.23 26.4699221993203
6.24 26.005310727169
6.25 28.033054558783
6.26 40.9487064484748
6.27 27.7918119809557
6.28 43.3741265450645
6.29 25.282084054174
6.3 50.6854342459567
6.31 25.2395032990982
6.32 44.6104899144251
6.33 42.0501034723311
6.34 26.6695218883756
6.35 38.7215272258141
6.36 31.2806552426715
6.37 26.2938320279946
6.38 38.4885727572587
6.39 30.3986610194232
6.4 51.3198088893066
6.41 43.5548531925727
6.42 26.9991090941437
6.43 31.2856532798414
6.44 44.8875598353583
6.45 47.4973499471892
6.46 34.2093015236902
6.47 30.1445499510965
6.48 40.6729960357833
6.49 42.6279216047649
6.5 35.8184170682134
6.51 27.0614839414516
6.52 43.4334757221917
6.53 37.0283183880788
6.54 40.7575657333415
6.55 37.7462260453219
6.56 35.5602819037816
6.57 26.5192300005356
6.58 65.5900104894816
6.59 46.7441702673912
6.6 45.7340460159349
6.61 38.7661301154456
6.62 31.7376637574923
6.63 56.0183960045788
6.64 39.5619037608626
6.65 27.7390300862146
6.66 40.3741579245801
6.67 53.0261901879492
6.68 35.2215514300239
6.69 23.23732366791
6.7 44.993784742712
6.71 46.5033279698405
6.72 33.9619597420497
6.73 41.5943149577382
6.74 29.4671902398543
6.75 43.0833083825996
6.76 26.5513143805515
6.77 35.5369207416596
6.78 41.6769028460369
6.79 44.9694559076933
6.8 29.677353982275
6.81 36.0780341723042
6.82 28.5613474161362
6.83 37.7350379652967
6.84 32.1067070619636
6.85 57.6576184777656
6.86 40.4084305479634
6.87 24.2594492893993
6.88 39.701668551841
6.89 22.5836369469556
6.9 34.7457636415058
6.91 45.2008849151763
6.92 52.216903789836
6.93 33.3671371585693
6.94 41.6953405189323
6.95 35.6206358997585
6.96 57.790252875086
6.97 49.8068093541121
6.98 38.1640496111013
6.99 19.5105908518306
7 13.4055856018586
7.01 20.4085069282843
7.02 57.1795448137253
7.03 49.1015826473215
7.04 26.3206198904821
7.05 38.7112650580829
7.06 44.8822728787424
7.07 40.8243146650258
7.08 21.6357457855087
7.09 38.2063034155272
7.1 38.5231749016849
7.11 39.3808330931121
7.12 30.055631626314
7.13 40.7681441111298
7.14 31.1878077235584
7.15 38.9838859991475
7.16 35.2694476691606
7.17 42.7689661485915
7.18 70.159590713513
7.19 41.9921659772422
7.2 53.772827403568
7.21 27.0445145300343
7.22 45.3640237749616
7.23 33.5784848560657
7.24 32.8303148899384
7.25 34.8541885968388
7.26 33.9489567340057
7.27 31.3286497577289
7.28 43.268460550339
7.29 32.394176524022
7.3 50.0986438750212
7.31 51.048583545187
7.32 43.9846643787362
7.33 45.4492605087957
7.34 49.0963359507401
7.35 34.4840144780601
7.36 30.764260358944
7.37 43.8422138034992
7.38 41.7323290042645
7.39 34.4103691444944
7.4 32.2693189775363
7.41 41.0411734982137
7.42 62.2112925442619
7.43 40.2112105284778
7.44 54.6336130087352
7.45 41.3970304352054
7.46 50.4619135818972
7.47 26.8434152457729
7.48 24.7446458006353
7.49 45.4062272494761
7.5 42.6762680967268
7.51 45.4700949628827
7.52 44.7499549835006
7.53 43.9244226838158
7.54 15.9895025662325
7.55 66.8414570659954
7.56 35.6365139242329
7.57 31.7087509525678
7.58 50.0254852653961
7.59 27.632556312729
7.6 40.9305928659964
7.61 39.0806190281812
7.62 37.9679987772731
7.63 45.8624951356526
7.64 33.0485777094605
7.65 38.1640447668809
7.66 34.395708831992
7.67 54.2882499385211
7.68 37.320628854131
7.69 34.7809311561931
7.7 22.1957775945437
7.71 33.3864246400952
7.72 54.821517111083
7.73 43.7704259229643
7.74 32.84089949517
7.75 33.1999793156715
7.76 50.7952914082175
7.77 53.6165364980302
7.78 19.9369561512572
7.79 45.3634634792594
7.8 32.2127793809282
7.81 38.983335382488
7.82 51.6653385863588
7.83 52.434719459905
7.84 42.6292938406851
7.85 57.3762643219059
7.86 41.4861002915695
7.87 8.15000984993923
7.88 37.6596048743603
7.89 25.744386765724
7.9 45.6488848935008
7.91 43.9323418602207
7.92 26.0187928231673
7.93 52.628913157339
7.94 72.9754149201951
7.95 39.7235685393902
7.96 61.6895022637613
7.97 51.0945936415923
7.98 35.7973413990489
7.99 31.4934727296073
8 48.7406825729761
8.01 35.5398228694462
8.02 46.2360623131889
8.03 54.6279484331161
8.04 52.785756902839
8.05 56.3828174854133
8.06 40.9778674789259
8.07 60.2035677495372
8.08 37.1969718734521
8.09 29.121304260184
8.1 50.9925797044315
8.11 31.7546206284468
8.12 54.9674498995088
8.13 40.5753470144398
8.14 54.8093033878287
8.15 61.1006937707032
8.16 38.4493407216987
8.17 48.8862981233192
8.18 35.6479459227815
8.19 52.461761975947
8.2 50.5609354636661
8.21 52.1609168906215
8.22 28.547818541513
8.23 34.8491340212695
8.24 49.1692428071323
8.25 45.2783354928598
8.26 30.8441604875927
8.27 59.9037300928898
8.28 50.808578778413
8.29 45.642513463066
8.3 37.6455327102527
8.31 43.6985570428191
8.32 55.3107109016185
8.33 56.3421524409308
8.34 48.5065611470433
8.35 69.1537644365548
8.36 48.3945064177848
8.37 39.9439463312501
8.38 59.0147233722462
8.39 56.2966759317548
8.4 55.3781087093465
8.41 72.1290880721324
8.42 43.4874642987156
8.43 31.4895241284761
8.44 50.7838855417441
8.45 54.9967091627995
8.46 59.4675506140126
8.47 64.5572993929039
8.48 47.9293564088891
8.49 49.4231195179241
8.5 39.1159434187077
8.51 55.9060436161773
8.52 19.161217142574
8.53 30.9938274472402
8.54 42.4890841039128
8.55 57.5828960181113
8.56 74.6204925974723
8.57 48.2406826406236
8.58 32.2407328522303
8.59 46.8558913128382
8.6 51.0460161590915
8.61 59.837238913033
8.62 59.9915803690172
8.63 24.112452157863
8.64 59.5184375142061
8.65 54.9704248643833
8.66 44.7463316613561
8.67 39.6367562216771
8.68 46.5337667954318
8.69 65.7268277234578
8.7 44.1094899239806
8.71 53.4936791692747
8.72 55.4425084005237
8.73 54.4612030955028
8.74 56.6538351912155
8.75 43.719203186899
8.76 28.5980961812831
8.77 42.8974079132174
8.78 48.2356825528245
8.79 59.3046311171239
8.8 42.0363098688869
8.81 50.017774763439
8.82 45.3858876524258
8.83 31.2712651541973
8.84 53.0145334417526
8.85 68.8640219528047
8.86 58.048714219667
8.87 44.906663215921
8.88 38.8782516099187
8.89 44.8469760011974
8.9 61.2448745574156
8.91 55.919878212603
8.92 53.1566226188764
8.93 40.4734891220837
8.94 66.7096303739437
8.95 46.6907497531083
8.96 57.6552640526888
8.97 46.672550499674
8.98 58.1726792623564
8.99 52.2388643958744
9 48.2827555980765
9.01 58.8336320945305
9.02 49.715180433137
9.03 32.0957202024214
9.04 51.0391505138186
9.05 49.9632834693645
9.06 42.1603822026777
9.07 52.2753557219522
9.08 53.739084834118
9.09 65.2072385597722
9.1 41.8132397177415
9.11 46.9350083543786
9.12 63.1339464586031
9.13 60.4080456454754
9.14 39.6990022810258
9.15 73.0338271605373
9.16 50.9373550337758
9.17 58.2429875892161
9.18 62.1808893710727
9.19 49.3368719786067
9.2 67.4221988111859
9.21 56.4964521915436
9.22 37.3867092980049
9.23 65.8877619767504
9.24 46.5917567602491
9.25 64.9837191144415
9.26 67.1923349119495
9.27 65.1887198867546
9.28 50.4479307644645
9.29 52.0399632821715
9.3 53.2413181583915
9.31 51.2829734408452
9.32 35.406644473283
9.33 53.9609341536606
9.34 76.8567250986434
9.35 36.8017581416714
9.36 53.7102451004075
9.37 58.0424602819963
9.38 42.300721494313
9.39 62.519996528625
9.4 48.1833983851992
9.41 57.3336464341057
9.42 32.9066541019263
9.43 50.3426298217987
9.44 53.7417816059862
9.45 49.6045560649734
9.46 55.6360520811572
9.47 60.6289947302391
9.48 50.9363359087687
9.49 44.6010727101747
9.5 74.4831644710518
9.51 56.6534701177125
9.52 69.3804508742265
9.53 61.4689242132842
9.54 59.2458365115036
9.55 55.7599741591177
9.56 40.3252561681991
9.57 60.4617001105708
9.58 61.0117859552526
9.59 46.5101600608548
9.6 67.0037874232648
9.61 38.0871483584745
9.62 51.8203105745448
9.63 39.2965656445842
9.64 72.7561161708733
9.65 50.5713838697847
9.66 55.7003236939639
9.67 75.1369393233558
9.68 34.2404041829432
9.69 55.4325141832407
9.7 50.2426687528138
9.71 52.3570946911709
9.72 45.26390470618
9.73 48.9859919322815
9.74 58.7455958232296
9.75 53.1205214727949
9.76 48.5099834928345
9.77 48.8472168970014
9.78 45.5605997609271
9.79 52.8361829589145
9.8 48.2434115073981
9.81 71.8231672120977
9.82 49.5437697499018
9.83 49.6798350580405
9.84 41.5949575874058
9.85 40.3588386224409
9.86 58.2173546049681
9.87 44.1234092727182
9.88 65.1679784483773
9.89 48.2940158424686
9.9 59.9770491617706
9.91 40.3321307552935
9.92 61.8670304791712
9.93 71.531539863124
9.94 50.2510472072679
9.95 40.43406857771
9.96 58.3816357572129
9.97 67.3305636088514
9.98 60.5632702299552
9.99 54.3817796542597
10 59.4937640941703
