0.01 8.93956952854404
0.02 17.9511454665871
0.03 21.6567987141291
0.04 7.81200022143065
0.05 10.1221202912913
0.06 -10.4047306836852
0.07 16.1805226403041
0.08 20.5226746711675
0.09 15.8922617516254
0.1 -13.1543853904375
0.11 -8.35566354123985
0.12 -2.17207939595433
0.13 20.4561361147246
0.14 14.9126053468356
0.15 2.53292488082131
0.16 -5.2253522593701
0.17 -10.3235842046273
0.18 0.63531335395883
0.19 22.1826450487013
0.2 -5.03685123809399
0.21 27.0165104810918
0.22 25.6138986432883
0.23 -11.7979833747605
0.24 7.43105097456727
0.25 9.55654961919923
0.26 24.321484356934
0.27 7.14556065578658
0.28 -4.55431640926352
0.29 6.85180522451614
0.3 11.4800749811842
0.31 13.2268155503396
0.32 37.2551044488546
0.33 6.95489458582327
0.34 19.4117463055556
0.35 2.68635976471338
0.36 7.34738369030028
0.37 12.0359738095974
0.38 14.8301773176752
0.39 -3.43513656279305
0.4 -0.859897143885782
0.41 10.3484695770042
0.42 -3.57909773929028
0.43 32.3182110467537
0.44 -2.92678886597745
0.45 11.8851831586062
0.46 -12.4068887564495
0.47 7.87537985691489
0.48 6.13866761654139
0.49 4.07081812946041
0.5 4.76758997165099
0.51 38.5731289581027
0.52 -12.9705304641813
0.53 5.46264845476812
0.54 10.6139897302943
0.55 13.7496502553337
0.56 -13.3429147246404
0.57 15.3758731662495
0.58 5.96937970013527
0.59 -8.45591200732314
0.6 1.35748569792374
0.61 1.05930144744722
0.62 27.9172076058611
0.63 12.9889614457672
0.64 9.15479731604018
0.65 12.1513907818251
0.66 2.27864922210097
0.67 -5.60218462961743
0.68 11.5301260002573
0.69 -9.74785159986429
0.7 19.6432232665546
0.71 7.90371821127032
0.72 21.2372468483521
0.73 12.869760740664
0.74 15.5889223752788
0.75 7.12303914111628
0.76 4.15192375390082
0.77 -6.78887204439584
0.78 2.28586577011833
0.79 8.6660397437406
0.8 16.5677338521792
0.81 14.0665013520095
0.82 23.7465599573273
0.83 21.3195599702496
0.84 10.0453573742184
0.85 24.419166482894
0.86 -6.72049666610535
0.87 11.207441444823
0.88 -1.76308152914543
0.89 10.746356178827
0.9 4.48568834134049
0.91 6.26126588701307
0.92 -11.9665692485969
0.93 -0.910935250162517
0.94 10.2067456116575
0.95 14.6294590939912
0.96 13.9746100016335
0.97 -8.71325949215231
0.98 6.50655724815323
0.99 0.92841135536815
1 19.2552311735307
1.01 -17.6711157754054
1.02 -7.58081129228895
1.03 17.7927950622097
1.04 -2.07783687875457
1.05 8.1698892864616
1.06 12.1753959909853
1.07 13.5292449222934
1.08 -8.31822277221903
1.09 15.6280142793971
1.1 32.2758828666935
1.11 6.11247142400727
1.12 23.8642541131267
1.13 19.0704434648272
1.14 27.4808139373428
1.15 19.451524928479
1.16 23.7516959149169
1.17 30.669306146475
1.18 -7.24506293073819
1.19 6.58554601747386
1.2 22.1584428486373
1.21 8.84889646088843
1.22 10.6059999949959
1.23 13.425111476926
1.24 13.54407562825
1.25 18.2192528246932
1.26 10.3375929234375
1.27 15.1935376445698
1.28 16.1290137199509
1.29 13.4295610662396
1.3 7.05779674819274
1.31 3.8839455443968
1.32 6.12963385033357
1.33 -13.0563551985425
1.34 6.75467186617935
1.35 1.85777508519593
1.36 8.25638587122945
1.37 29.9582716008998
1.38 15.2307383686659
1.39 15.927515407742
1.4 13.1522557320809
1.41 17.9394766902872
1.42 20.642685932284
1.43 10.5282684555675
1.44 2.15239182012033
1.45 38.5388626483184
1.46 21.1601676723576
1.47 28.5982073284638
1.48 20.7045601280035
1.49 19.3051898438533
1.5 18.8195459485916
1.51 13.9131188860276
1.52 19.0925977496756
1.53 16.6974612341499
1.54 23.1460022588281
1.55 25.2428378084906
1.56 8.42977766943605
1.57 10.0236938391948
1.58 26.3297392538385
1.59 10.5014047148237
1.6 8.70635479245195
1.61 15.6956583886771
1.62 22.000855587477
1.63 24.6074472335118
1.64 24.0978074016525
1.65 10.7738161646567
1.66 12.718465429653
1.67 6.8102128330552
1.68 15.5397616376504
1.69 13.8198068374407
1.7 19.3260265922739
1.71 29.9136013123258
1.72 10.3753670658578
1.73 -5.83293280298664
1.74 25.3521901477174
1.75 30.6252185885698
1.76 2.40882632882826
1.77 26.3116328785879
1.78 6.84264173134899
1.79 13.5292373249553
1.8 2.99324908306648
1.81 16.72872898957
1.82 1.63068167201732
1.83 7.27325124309979
1.84 33.0331498214235
1.85 16.2802346026221
1.86 13.4193182282664
1.87 18.673610515543
1.88 12.6270497560219
1.89 -1.0606740875577
1.9 21.0755528874706
1.91 12.5060309227519
1.92 9.57438167668195
1.93 25.2397786577906
1.94 28.8123272774749
1.95 16.5004389072078
1.96 23.2493023728988
1.97 14.9221233929612
1.98 -6.52871922332287
1.99 10.4204264825647
2 15.8532633722179
2.01 1.83385294115921
2.02 15.7964664089878
2.03 26.4971808717807
2.04 17.6504879855873
2.05 32.0893481727801
2.06 1.07202490248394
2.07 17.349007792011
2.08 15.8533087109406
2.09 25.1919597185291
2.1 21.8635491863215
2.11 6.75880393715522
2.12 22.7299985089163
2.13 19.0168855894714
2.14 32.4976328108475
2.15 25.676197073105
2.16 27.6603516949292
2.17 26.5002989487323
2.18 25.8019349412425
2.19 25.4891347831837
2.2 25.4504721924858
2.21 21.6095697168389
2.22 12.5137537710878
2.23 10.9025023492711
2.24 19.3863930756316
2.25 24.8437191710749
2.26 7.90322661833871
2.27 16.4823556631675
2.28 4.08789027368713
2.29 25.5583840450906
2.3 28.5058310717695
2.31 23.2492780225425
2.32 19.2080608868344
2.33 15.01459083405
2.34 7.73846128599962
2.35 12.418741667998
2.36 -21.2539379497109
2.37 33.504601785613
2.38 0.801334749246115
2.39 47.7856206663184
2.4 10.7865724491864
2.41 33.0318221843658
2.42 18.0004644768202
2.43 9.50883926223095
2.44 4.21051924998704
2.45 15.0454480341965
2.46 18.6005378807486
2.47 14.0008665123258
2.48 24.8257576787456
2.49 19.505075935815
2.5 25.1409866076079
2.51 14.4448169947954
2.52 48.9225862253748
2.53 20.4767692005664
2.54 -5.58196223613249
2.55 3.10253683546875
2.56 9.96001947570374
2.57 28.9023399240112
2.58 20.4957336135727
2.59 12.5319523412752
2.6 1.6649819682723
2.61 24.6153932558138
2.62 15.3592077943008
2.63 15.6331645173624
2.64 10.6551065167468
2.65 5.72564098409502
2.66 14.7766965498368
2.67 13.5393865764071
2.68 18.5412337471515
2.69 26.804693476568
2.7 9.26549679574755
2.71 16.8001534484612
2.72 14.2188443861243
2.73 11.3133929562601
2.74 7.2368185942063
2.75 13.7346480838794
2.76 42.5271588342473
2.77 24.5379498157618
2.78 22.1419207632678
2.79 14.0957803619851
2.8 15.4642098657406
2.81 19.0834574377492
2.82 7.01424051922854
2.83 3.32860723821004
2.84 29.8605110923161
2.85 4.9419907564618
2.86 3.50431089599374
2.87 14.8686114046325
2.88 19.1614781956834
2.89 -0.215149734537199
2.9 15.3019744804523
2.91 22.5766839899092
2.92 24.0982698751441
2.93 15.9748965107522
2.94 14.4745016559872
2.95 21.8871970306454
2.96 25.9503596076258
2.97 27.5888087499606
2.98 23.1419764279962
2.99 23.8320767661535
3 23.8561729182339
3.01 41.7529710789674
3.02 26.7452919954623
3.03 12.0089107072446
3.04 44.1839038405105
3.05 29.3906092314785
3.06 24.8133268170418
3.07 41.405675068869
3.08 8.41701896588177
3.09 14.9010327566955
3.1 21.1442216550179
3.11 30.5348793604676
3.12 20.1258841430384
3.13 15.0098622055068
3.14 32.8438420249849
3.15 16.2962864165701
3.16 31.2323923944485
3.17 19.3820862094844
3.18 9.48797349542421
3.19 30.817720029346
3.2 23.3853943828393
3.21 22.8701498455957
3.22 -5.91489094503635
3.23 28.5265681592871
3.24 6.55369618856917
3.25 12.0596359286387
3.26 11.6978842129372
3.27 24.8244818585449
3.28 5.00381713042118
3.29 33.9816468156692
3.3 21.9801976573189
3.31 9.42176974778231
3.32 17.01954250248
3.33 16.716310846586
3.34 17.7265223439015
3.35 38.4326743508359
3.36 29.4606383580257
3.37 32.1884611712232
3.38 22.8525490573724
3.39 18.438937401397
3.4 15.6753949787045
3.41 5.19107199717799
3.42 18.8378968018018
3.43 19.9868519911747
3.44 8.5046940599476
3.45 27.4342294381853
3.46 19.6764398415179
3.47 20.9996014876833
3.48 7.38430780432564
3.49 18.2198819520016
3.5 38.289357069303
3.51 14.4189329014959
3.52 18.2160134856782
3.53 11.4585161059002
3.54 29.3343979153527
3.55 19.0917269788985
3.56 18.8852305392781
3.57 37.3317217050845
3.58 30.8601826120364
3.59 17.7206747041909
3.6 24.2521537302739
3.61 22.3665872299808
3.62 6.04651812187586
3.63 14.7530513234564
3.64 26.6345391322429
3.65 25.9281114101424
3.66 16.8473302421968
3.67 26.547522732279
3.68 23.0722754401905
3.69 19.3786258562442
3.7 37.8860432547855
3.71 12.4536761464675
3.72 29.446769846338
3.73 4.26754127585589
3.74 26.0315571863195
3.75 11.4380642882967
3.76 23.2427979512619
3.77 17.4056415401108
3.78 34.344662807313
3.79 9.10752940520766
3.8 21.5131330123968
3.81 26.6012784886458
3.82 24.8954431515585
3.83 25.4703405548892
3.84 23.973487058582
3.85 27.704815699123
3.86 30.6603599916385
3.87 20.7959517287764
3.88 20.1514896275697
3.89 24.4211232173483
3.9 25.5860321734808
3.91 21.8226137092598
3.92 38.7591997995582
3.93 21.3832040070296
3.94 24.0190941261359
3.95 29.1857035721259
3.96 20.1920650893461
3.97 27.7511148526664
3.98 15.6287379111089
3.99 19.0023222974989
4 24.0026288927876
4.01 17.7833917552928
4.02 38.5360156547347
4.03 34.8838785276857
4.04 19.9827618395783
4.05 38.1496107587028
4.06 55.5369568130457
4.07 9.44457944704081
4.08 24.2804357520756
4.09 40.2891553430798
4.1 7.70119893068466
4.11 14.9649625336369
4.12 13.0968369339545
4.13 28.3010506610698
4.14 32.141593445046
4.15 18.828346833362
4.16 19.6088426713025
4.17 35.3325775709059
4.18 21.3166030497595
4.19 37.3848511085101
4.2 23.3709260762371
4.21 38.7401935881264
4.22 39.7909125869836
4.23 22.2376658571001
4.24 9.35836313071291
4.25 16.7187113669637
4.26 19.8489545376787
4.27 15.9213977574033
4.28 32.2492908172139
4.29 15.8989245151642
4.3 10.8609820412504
4.31 19.178446044431
4.32 28.7331199318557
4.33 16.6720045180366
4.34 25.8261921595407
4.35 17.7003435292007
4.36 24.0247829579392
4.37 26.5008993374842
4.38 22.3376670064602
4.39 31.8197436715437
4.4 31.1407794853493
4.41 28.7164152671484
4.42 36.9933021713173
4.43 10.4889656454708
4.44 33.2647568807775
4.45 29.9990047689015
4.46 25.2749124293866
4.47 38.7675598289476
4.48 21.8866771385178
4.49 9.62383917604534
4.5 22.615723885203
4.51 30.2992008437455
4.52 35.1059886909921
4.53 25.527485872634
4.54 33.2837832628545
4.55 32.3290454962477
4.56 26.7531054929685
4.57 31.9337337406012
4.58 41.4609948985751
4.59 15.3783242313656
4.6 19.0055291268494
4.61 21.4563314711021
4.62 10.890444527408
4.63 29.6373660816944
4.64 37.9731641443863
4.65 10.8500974839128
4.66 30.9299560436907
4.67 22.2878902724146
4.68 5.72060280847947
4.69 31.8842805641138
4.7 40.0416478790919
4.71 21.9659936372681
4.72 21.6025944785343
4.73 25.7070544216074
4.74 14.6345454490674
4.75 30.6735911654405
4.76 19.1903249909494
4.77 47.7076945161362
4.78 23.6013493243482
4.79 66.2281545307267
4.8 42.9851069348878
4.81 36.2403732669232
4.82 17.236483658867
4.83 22.6340057964209
4.84 45.1492877070028
4.85 49.4225482923045
4.86 27.19871783239
4.87 33.9914716192307
4.88 11.2163364632723
4.89 39.2817406695686
4.9 26.6977356368647
4.91 28.4741981240505
4.92 34.0306964221272
4.93 19.2181954377581
4.94 21.0117449935984
4.95 13.3721422361877
4.96 7.74970631484461
4.97 27.4973402046642
4.98 40.8089563632945
4.99 38.6724616057588
5 34.5041834227559
5.01 22.2442924654882
5.02 4.41154425223854
5.03 35.8132417558234
5.04 19.2342923353493
5.05 30.9846113133802
5.06 39.8714412112496
5.07 35.4432658065281
5.08 46.3077611945296
5.09 48.0898968221705
5.1 38.9984260219814
5.11 30.9534937845407
5.12 28.8835491022958
5.13 17.9948716179429
5.14 29.0443020081068
5.15 28.3857439922248
5.16 24.3037157256856
5.17 46.219544596936
5.18 30.5608174878097
5.19 41.2430378486286
5.2 48.199508122442
5.21 26.6468235722532
5.22 29.6761083212147
5.23 35.1718953546854
5.24 26.3591114189479
5.25 12.47537067479
5.26 37.9080078617747
5.27 31.8316618487154
5.28 2.39766338176489
5.29 32.609422375346
5.3 35.5349165617884
5.31 54.5400524556371
5.32 37.6211517408838
5.33 14.2913573772484
5.34 38.6343904090175
5.35 31.6100195618441
5.36 24.4534926162152
5.37 27.7213420944504
5.38 30.9153475274512
5.39 15.3332864312751
5.4 27.2649940842178
5.41 32.0000634788422
5.42 23.9560023094754
5.43 36.3086928694177
5.44 42.0176673813674
5.45 33.6449345267245
5.46 53.6954109319101
5.47 37.277632350033
5.48 33.1971301324467
5.49 40.6886261067082
5.5 28.2775861212158
5.51 21.9851581124526
5.52 22.6550307677188
5.53 32.2366576061398
5.54 49.2542433554887
5.55 37.1151346059406
5.56 29.889082114993
5.57 29.2665087230221
5.58 27.8290556151585
5.59 36.9722355600476
5.6 46.2745501481222
5.61 34.1337325703983
5.62 41.7112527767822
5.63 19.6186707704208
5.64 44.7638457666654
5.65 23.2214026546498
5.66 40.0891489123854
5.67 37.0327131453896
5.68 24.9472404883312
5.69 49.7880776198483
5.7 42.6273333203197
5.71 36.6687012310373
5.72 39.0267220158753
5.73 30.6102942989096
5.74 30.9231909673055
5.75 39.6333026640915
5.76 30.5389968618822
5.77 25.9534986061409
5.78 28.3825518869373
5.79 45.8959939596388
5.8 29.9319232819402
5.81 22.8533754133526
5.82 42.218368705646
5.83 29.5540743012828
5.84 24.0754739157533
5.85 37.0605063988913
5.86 38.7935122264101
5.87 34.2272977960354
5.88 25.0105516672038
5.89 49.3423888550921
5.9 32.4802928216129
5.91 36.5940516495386
5.92 24.558337369555
5.93 18.3907116483717
5.94 40.0481651695666
5.95 28.0865537403764
5.96 33.7065995735264
5.97 43.5045159726844
5.98 24.4775130437227
5.99 30.3547202817043
6 51.1697000490977
6.01 34.6543024046694
6.02 25.6186868802773
6.03 30.2169692930143
6.04 32.9804056518686
6.05 35.3567577276444
6.06 40.24435267604
6.07 32.8846654798885
6.08 36.2401460255437
6.09 33.0242613080232
6.1 28.7476152785812
6.11 41.7715917756503
6.12 30.2053696699763
6.13 45.305503743469
6.14 28.0899845312914
6.15 44.2267769409824
6.16 38.0452962089483
6.17 48.7421106263871
6.18 36.8960557828707
6.19 49.7215064122738
6.2 42.433710180325
6.21 20.0476888749792
6.22 43.228118840225
6.23 29.6783525117484
6.24 37.0837019485715
6.25 38.5813545591988
6.26 46.9330540240732
6.27 31.0980177982419
6.28 37.1193537384974
6.29 31.0975642067655
6.3 32.4659169732921
6.31 28.8294725332815
6.32 49.1416398346333
6.33 35.5575607044701
6.34 32.1582469009184
6.35 34.3816164081304
6.36 42.9846457066824
6.37 31.629353373674
6.38 45.6963874122842
6.39 52.4452196382047
6.4 52.1835200240316
6.41 26.7360846015895
6.42 35.4779343202676
6.43 51.3643552805437
6.44 37.4615181403585
6.45 42.6956107124517
6.46 53.0128512069128
6.47 37.2827903558882
6.48 35.7223327797498
6.49 44.2222338137927
6.5 43.9785408868269
6.51 36.9217825423904
6.52 48.7252894837192
6.53 43.4006524041877
6.54 24.6114880618225
6.55 22.9286888995326
6.56 35.1166925320692
6.57 32.1458068333482
6.58 55.1481315865586
6.59 36.1428854038523
6.6 43.1281413049282
6.61 38.3452224139639
6.62 25.0862692710642
6.63 28.5802587857884
6.64 33.3227026757983
6.65 37.9953741404681
6.66 34.0022339166211
6.67 39.4485203152201
6.68 43.9123986303105
6.69 32.1156958876565
6.7 36.9698572288048
6.71 11.7342020869718
6.72 35.5621146244779
6.73 30.4401213811133
6.74 23.4288242496063
6.75 34.6748085355424
6.76 43.6639031202805
6.77 42.9852125351592
6.78 28.5026483019296
6.79 46.6029438602217
6.8 19.0420836339361
6.81 46.9222121381292
6.82 35.2585350818224
6.83 26.0585566090474
6.84 44.068864557086
6.85 26.8939695677423
6.86 35.6325336570513
6.87 29.8239009977388
6.88 39.0364358066191
6.89 40.5534092905538
6.9 32.4482331122896
6.91 42.7309360627359
6.92 62.3432408200612
6.93 26.707884639808
6.94 52.8563614052754
6.95 3.14776262920501
6.96 45.2552251546049
6.97 48.5076375767652
6.98 60.2391437794254
6.99 43.1093651208223
7 55.9562007868358
7.01 49.1145304829796
7.02 45.1859508206418
7.03 23.7836396978076
7.04 35.4118470598815
7.05 57.3736930473056
7.06 34.378523755055
7.07 55.7050937784925
7.08 18.3047124712596
7.09 37.1031428356811
7.1 32.9137586530264
7.11 42.5856833888052
7.12 55.27532668498
7.13 57.4703342937686
7.14 36.8541964848585
7.15 36.1136422959984
7.16 43.6231235369687
7.17 57.5208613927879
7.18 18.1310623352904
7.19 28.5117995432187
7.2 36.6112991364261
7.21 36.9301924732532
7.22 50.4140444152602
7.23 34.5370112184106
7.24 44.9392367818506
7.25 33.1992664742123
7.26 39.7499182379481
7.27 33.2173929271844
7.28 38.1797937440709
7.29 56.804583791172
7.3 37.3405897394419
7.31 54.5394233727056
7.32 48.6888848917303
7.33 26.886929200217
7.34 50.8477491492741
7.35 51.0916124109091
7.36 54.8798778668959
7.37 33.3247233386368
7.38 40.3529910420397
7.39 36.997864787319
7.4 40.8162582445007
7.41 33.0515703859571
7.42 39.2903452870759
7.43 29.226122770397
7.44 41.5674348206204
7.45 22.3397572543201
7.46 27.0462281598483
7.47 48.9131715286653
7.48 32.9852231164413
7.49 43.605399995375
7.5 38.5362912335875
7.51 58.2609752419796
7.52 45.3485014964899
7.53 40.1009757752589
7.54 38.3379353438524
7.55 53.7886895999468
7.56 45.2002260243218
7.57 47.1366349032518
7.58 34.8907882443096
7.59 34.6236906798992
7.6 42.2115598570517
7.61 46.9610259929154
7.62 53.2954979256139
7.63 45.3801435328806
7.64 34.1620361510998
7.65 49.7327799406695
7.66 32.4508846696523
7.67 24.9058941366005
7.68 63.3679743225989
7.69 45.3010639601114
7.7 54.2454054770111
7.71 37.859328694998
7.72 48.7751243349581
7.73 58.5401712468108
7.74 61.3881858775457
7.75 48.4692248679104
7.76 44.6120952821622
7.77 41.4319138368159
7.78 44.5158722632359
7.79 45.2026863784794
7.8 25.0211490321217
7.81 46.1292816949048
7.82 53.5899544699583
7.83 35.6924703527812
7.84 59.1256999961087
7.85 57.2182764120768
7.86 47.1302734991554
7.87 45.5353941022502
7.88 41.9383586759032
7.89 49.8979083292009
7.9 45.0565204678484
7.91 45.4561514405931
7.92 57.081907218584
7.93 56.320371061442
7.94 43.6826945891063
7.95 26.2760268035061
7.96 51.2425485807903
7.97 50.7319577625681
7.98 48.6065820854477
7.99 51.2239481280043
8 46.8383102008381
8.01 43.6976993203581
8.02 50.2590392864474
8.03 59.4711403363291
8.04 29.7329056127029
8.05 32.7088695762761
8.06 29.4357258294222
8.07 24.2587236985284
8.08 52.5635064359397
8.09 45.9177299061656
8.1 36.8622895388747
8.11 64.2777240507253
8.12 22.9384843225088
8.13 39.5104867430043
8.14 49.7143457465974
8.15 40.2105320719243
8.16 37.4099071916071
8.17 45.8749840477463
8.18 26.9714539915067
8.19 48.830143764668
8.2 67.9279925901512
8.21 52.1498549819826
8.22 27.9841662385532
8.23 36.1034480747251
8.24 32.6867724170337
8.25 35.0716925043971
8.26 41.1176109866962
8.27 47.2911031979783
8.28 45.2708874961796
8.29 31.1774275891681
8.3 42.808926470212
8.31 39.0392125836576
8.32 28.6955826756936
8.33 35.8094012565019
8.34 44.7535901059183
8.35 74.5955717421149
8.36 46.7758180194499
8.37 54.7598905831509
8.38 52.8677676835019
8.39 55.197838210112
8.4 66.6209179871167
8.41 50.6247087829289
8.42 52.5084567260278
8.43 43.2874623414343
8.44 51.6487044160873
8.45 48.4675864417562
8.46 53.8548580987873
8.47 42.1586839208225
8.48 63.8633408922754
8.49 45.1020788756276
8.5 66.8429026804559
8.51 46.9693713181383
8.52 51.4184781229007
8.53 52.936800112859
8.54 37.2657398888083
8.55 25.0187714767548
8.56 41.7542513186403
8.57 34.7771356586058
8.58 32.6776204952688
8.59 32.6726894668528
8.6 57.5566053345286
8.61 56.7355796660173
8.62 48.3097396154779
8.63 45.7721535212317
8.64 30.7813642728825
8.65 64.0946654831011
8.66 39.0185926981443
8.67 52.6284596717302
8.68 53.28680365417
8.69 47.8056721961141
8.7 37.4468627047172
8.71 32.9782024230954
8.72 49.8345879681537
8.73 62.1799107243879
8.74 38.0077785330828
8.75 33.8037625928923
8.76 58.7970977592717
8.77 46.5042224777838
8.78 49.9708999037931
8.79 59.6472080983812
8.8 48.0370427898959
8.81 43.6641998467035
8.82 46.673559927095
8.83 52.2764637472615
8.84 60.3613119693332
8.85 52.380508097504
8.86 49.5324400477629
8.87 50.8982188895493
8.88 44.5552187068215
8.89 62.104236094822
8.9 29.9954033318959
8.91 47.5974944743147
8.92 48.9563175166014
8.93 54.2009870564392
8.94 57.0363714959974
8.95 60.661705653356
8.96 47.8924908441681
8.97 38.6488293126063
8.98 31.0357177107439
8.99 50.6890545348557
9 46.2845766631004
9.01 66.3507725882361
9.02 40.4578541294768
9.03 56.6065831965277
9.04 16.4771170506438
9.05 47.705319665908
9.06 36.8955752498686
9.07 47.5231978669563
9.08 59.5057773470998
9.09 45.7342050701522
9.1 48.43223979718
9.11 35.7576409186991
9.12 41.2168970249845
9.13 55.2165533207896
9.14 37.4630359703532
9.15 51.3726024757722
9.16 63.0659028562499
9.17 57.4750091714238
9.18 56.3511684486601
9.19 56.4433872871182
9.2 62.9552459060935
9.21 62.5020869950487
9.22 67.7347508730716
9.23 56.5552972991134
9.24 24.5337981380296
9.25 57.0275690521241
9.26 50.0989208866038
9.27 52.0994484372444
9.28 56.9534861757801
9.29 54.2926404846637
9.3 43.6989215538908
9.31 50.6382431295625
9.32 66.8043273003747
9.33 48.0040988527496
9.34 65.1385524598156
9.35 43.6904403817357
9.36 62.8778174481538
9.37 41.4334445758841
9.38 65.7117007867846
9.39 43.5607521507261
9.4 56.3440430808405
9.41 33.8699036277852
9.42 79.0540823392104
9.43 57.6637752662225
9.44 39.9696728992794
9.45 46.5101600927059
9.46 69.4779390331034
9.47 52.9399102045208
9.48 46.9904608785983
9.49 58.4891282687708
9.5 62.9884489437202
9.51 40.9400436022677
9.52 61.611384279742
9.53 45.1221376069743
9.54 56.5338309881595
9.55 57.5311864443063
9.56 66.5320438526525
9.57 46.3336789852512
9.58 39.2419721531589
9.59 38.436535559443
9.6 58.8320244080396
9.61 59.3104836914341
9.62 60.1544484574684
9.63 46.7179307713565
9.64 42.8313995285755
9.65 29.5438844327057
9.66 69.5406249011597
9.67 42.1635490189841
9.68 50.2420651051426
9.69 40.1580254551404
9.7 74.0137770792079
9.71 50.0091113920694
9.72 50.1433163748068
9.73 50.7421352253427
9.74 35.2944984751069
9.75 48.786256782939
9.76 58.9506637993519
9.77 53.0901572410818
9.78 66.2427189806934
9.79 58.9108978983364
9.8 53.0224391232646
9.81 53.30474992343
9.82 68.0225539938349
9.83 57.1651246784506
9.84 56.550878312134
9.85 63.2527754373366
9.86 41.5059274323131
9.87 72.41830771281
9.88 48.1799454949418
9.89 49.8177301111139
9.9 68.2919360350675
9.91 42.8343823638906
9.92 53.4290715786842
9.93 56.8976954575447
9.94 58.9446510989877
9.95 44.4731259473894
9.96 57.2550822787778
9.97 62.1418574753435
9.98 57.9572726532102
9.99 42.792055545047
10 65.6504287475809
