0.01 8.71530922079088
0.02 -6.88980546688466
0.03 28.2561540694271
0.04 -10.476295233165
0.05 15.5022403483495
0.06 0.496912069715719
0.07 -3.10033552378689
0.08 18.4139287746542
0.09 19.77758749683
0.1 -7.97759486473361
0.11 -5.60485546882525
0.12 13.5178157172062
0.13 4.2806420496056
0.14 -2.22576622116436
0.15 17.5746621606799
0.16 4.08874109359269
0.17 -4.32368298927034
0.18 -18.0048516520165
0.19 6.28766177796441
0.2 -10.2536518859834
0.21 30.1591942316132
0.22 -11.7522991547479
0.23 2.19864706777426
0.24 -18.5929156246073
0.25 -0.701086808786211
0.26 8.90482491778995
0.27 -3.91444699970668
0.28 32.3463143215651
0.29 -1.63795936867647
0.3 -0.77707865613586
0.31 15.727747875821
0.32 -0.00665742280704862
0.33 8.50730035950404
0.34 -5.03889094778136
0.35 28.9927286659087
0.36 6.87302169818063
0.37 3.77087875785447
0.38 -15.5839353275537
0.39 8.84794659079533
0.4 8.8533061099846
0.41 -2.6731125182664
0.42 16.9926282047732
0.43 13.5317475313708
0.44 -8.48656763124391
0.45 15.7184802183252
0.46 13.2559978080324
0.47 9.82709970678406
0.48 9.20298637674215
0.49 -1.29311393846309
0.5 -5.34569938857623
0.51 10.8500672384232
0.52 6.20286523195837
0.53 9.48373747610267
0.54 -4.47649369247115
0.55 16.5245826589257
0.56 13.2798063666263
0.57 -2.51093742375958
0.58 25.3518630920306
0.59 21.5400718909451
0.6 7.50574889979409
0.61 2.23543392601127
0.62 13.6380789301032
0.63 6.06090760579501
0.64 15.5505245627117
0.65 14.1689754566406
0.66 -18.6433477219079
0.67 -6.16568782006162
0.68 3.918540712053
0.69 12.7319713079117
0.7 13.1565975096097
0.71 -2.15915291190186
0.72 4.94197050614013
0.73 10.9665908872118
0.74 27.7060579142132
0.75 8.80759275780737
0.76 12.1380611012937
0.77 13.1994709767108
0.78 25.7305834349956
0.79 29.5611428436532
0.8 22.8083580568735
0.81 4.57600299524467
0.82 -2.86247056700996
0.83 16.0439310485179
0.84 25.3006439883787
0.85 5.44039596798205
0.86 8.70166049372153
0.87 17.0928770676322
0.88 13.3634408513184
0.89 25.1947553004347
0.9 23.6495514989072
0.91 21.2921877602297
0.92 31.4046011340761
0.93 -3.89740695226764
0.94 17.3108503218226
0.95 9.22577601818432
0.96 9.51919081391352
0.97 2.76139029764372
0.98 23.5669894582893
0.99 2.04076512235887
1 -2.53910538841318
1.01 36.0619521458302
1.02 21.2937595000052
1.03 -5.55561786039366
1.04 8.81813411741001
1.05 16.2983094864039
1.06 10.9922901287851
1.07 19.5707516494445
1.08 -3.69706623239638
1.09 20.5818448536508
1.1 10.9602708486584
1.11 4.37780946633382
1.12 4.94851469263089
1.13 20.0156405356442
1.14 -1.61621523371005
1.15 8.71025028877668
1.16 -0.12048027297844
1.17 13.5080309587808
1.18 13.764362484394
1.19 18.1759086553987
1.2 14.3452255271587
1.21 -1.07828004208991
1.22 21.3638555325475
1.23 -0.198299172297885
1.24 11.531118488961
1.25 6.34943476019636
1.26 9.22765205075234
1.27 36.9044264431032
1.28 5.08567488646267
1.29 13.61034324454
1.3 17.8997084517361
1.31 13.9994985376951
1.32 4.87960249617453
1.33 2.01882966431126
1.34 -0.648842199796047
1.35 29.6321023963271
1.36 4.87968103205952
1.37 16.4824951902485
1.38 13.8210420547052
1.39 36.6220011646597
1.4 2.81740390420324
1.41 1.22980235682563
1.42 1.11164907664316
1.43 34.3145799107809
1.44 -5.39118750975348
1.45 12.3430012127111
1.46 21.789229898251
1.47 37.6228064045302
1.48 17.3723097170732
1.49 28.0335125803253
1.5 5.44158821275939
1.51 20.3079285894634
1.52 5.87443412358881
1.53 5.16937262213504
1.54 2.83138045844103
1.55 -5.68972124719394
1.56 -1.06982091322007
1.57 16.8147905400607
1.58 0.97932233433132
1.59 14.0059504518678
1.6 -6.68883638553681
1.61 28.3717973686132
1.62 6.14746407525833
1.63 6.46080133593629
1.64 31.6537273813638
1.65 22.7634236160555
1.66 21.1375695665323
1.67 15.6409829106819
1.68 32.1281379351088
1.69 10.4875531948273
1.7 19.1711508862405
1.71 4.02883668208847
1.72 3.11435916716092
1.73 2.42601246582922
1.74 1.28288386773039
1.75 2.54249760809865
1.76 14.7474586064578
1.77 -3.13188469402616
1.78 14.7186566189106
1.79 9.93449030217209
1.8 18.905417833527
1.81 20.8112066508435
1.82 25.5089964521892
1.83 -3.66695110985642
1.84 11.5868145978532
1.85 1.2958287176874
1.86 25.3266303935831
1.87 12.0006550968589
1.88 17.9662141675441
1.89 15.662276688777
1.9 10.1804633925168
1.91 5.7623114263762
1.92 6.62522508398365
1.93 14.9146079647032
1.94 -1.91866936434163
1.95 -4.31147779661591
1.96 25.2152905907361
1.97 17.6319058002345
1.98 16.6852905160324
1.99 15.3985696884841
2 20.5493267043909
2.01 15.4541090953752
2.02 16.1379269320265
2.03 13.7841966960783
2.04 18.4618679178241
2.05 15.9663194043182
2.06 4.45908543624096
2.07 17.2948242964709
2.08 31.4929831030224
2.09 -0.626820940456362
2.1 10.839456696658
2.11 14.0670179342833
2.12 11.7110376907771
2.13 3.83522240329919
2.14 27.7683045968482
2.15 -5.28750166950866
2.16 18.1751550004338
2.17 12.4647935180859
2.18 11.6102373866414
2.19 -0.349873301441781
2.2 16.9123615444331
2.21 17.8476781983263
2.22 18.3991136257927
2.23 1.23501458845758
2.24 23.8749622719305
2.25 1.73941402858598
2.26 17.2680001720253
2.27 5.14740556578758
2.28 25.0280023776049
2.29 1.45783819410228
2.3 14.1164911735785
2.31 23.8734983681262
2.32 18.0489415133382
2.33 15.3517863181492
2.34 7.51827602894174
2.35 3.73747328556224
2.36 17.2742027430201
2.37 3.93257444382688
2.38 7.61662527321396
2.39 13.9461265782999
2.4 15.3075040106423
2.41 18.7441296223853
2.42 11.0258135299965
2.43 2.1329125309997
2.44 28.5717301153726
2.45 22.7347273899231
2.46 21.6532723924765
2.47 20.6570208601894
2.48 -6.92743616851913
2.49 8.07148806263885
2.5 21.5460509369529
2.51 1.03423463683069
2.52 31.3668797625639
2.53 -2.42294878653656
2.54 -0.211977791997374
2.55 15.3118553368676
2.56 20.931244626867
2.57 27.3222526812451
2.58 23.752639096423
2.59 12.6402709119213
2.6 37.9892822355249
2.61 20.2567632101822
2.62 12.1607263182542
2.63 28.7493680781531
2.64 6.02533906404301
2.65 16.856920204116
2.66 17.6238653438857
2.67 2.63977057859751
2.68 30.6033879474568
2.69 1.4280503822373
2.7 16.5361561866958
2.71 18.1955681586858
2.72 17.5913969429042
2.73 26.5749404413219
2.74 -4.62291924989244
2.75 1.90100597639105
2.76 23.9715041128613
2.77 4.93381386189301
2.78 32.5489877686356
2.79 19.4306075658228
2.8 29.3267663967708
2.81 -1.84477593306711
2.82 20.277685510768
2.83 18.0257675552688
2.84 30.4688547962194
2.85 35.2497038636055
2.86 5.7840573397203
2.87 26.1816188950268
2.88 30.6595030546745
2.89 15.5380224283141
2.9 26.5978170786097
2.91 24.2328715434961
2.92 14.7544160977188
2.93 15.0815116268793
2.94 -2.43727194996221
2.95 8.10838950271324
2.96 8.22726176318094
2.97 28.4993932679792
2.98 27.1166136402106
2.99 22.9839903303271
3 12.4509314958604
3.01 36.9231186864217
3.02 18.4477392441035
3.03 29.036482591852
3.04 21.0699336821853
3.05 28.384612725064
3.06 22.8312363778405
3.07 10.0240443526515
3.08 33.8967700117295
3.09 29.9155741150474
3.1 36.5541864875549
3.11 38.2901032174891
3.12 -0.662870442871629
3.13 29.6146279769857
3.14 7.18054624596098
3.15 28.9007847488573
3.16 24.5759337292376
3.17 23.0598641300301
3.18 26.4112977335426
3.19 22.1990262030707
3.2 24.8182444208794
3.21 29.2741277867632
3.22 -4.18096807606963
3.23 9.57880160670033
3.24 12.8270466000424
3.25 13.5437863291801
3.26 24.0032961150447
3.27 19.8984679412913
3.28 42.6258874804785
3.29 26.4229161659535
3.3 29.2012311423136
3.31 11.1615514997346
3.32 27.6321793917199
3.33 33.8477471540337
3.34 20.8520589305711
3.35 20.7951060686484
3.36 13.0120872253352
3.37 42.6212960332619
3.38 32.5640330379428
3.39 0.856414788595497
3.4 24.7909455228218
3.41 4.49713252163554
3.42 11.6044519655977
3.43 26.0100693148324
3.44 37.0239568130474
3.45 28.0063112976931
3.46 14.9478077870072
3.47 11.9537092119302
3.48 23.1625015696395
3.49 14.4300658800798
3.5 10.4744251097262
3.51 17.4191527702468
3.52 37.3261383281637
3.53 10.6731048310933
3.54 26.7965658770457
3.55 23.3062421472523
3.56 4.07580739661941
3.57 5.95897685006889
3.58 33.5662232423767
3.59 30.7119588103996
3.6 2.37126078378012
3.61 26.3949715606369
3.62 39.624697787887
3.63 24.1233493443189
3.64 4.83876185347725
3.65 27.4645287453848
3.66 36.1160796270571
3.67 24.5589194711356
3.68 33.0839807149921
3.69 21.8598147624111
3.7 9.42865801546517
3.71 38.7976943314793
3.72 20.691480365737
3.73 26.7882835749511
3.74 32.467076955
3.75 20.5760409083208
3.76 22.6397983132036
3.77 9.64549364137399
3.78 14.8958947194884
3.79 20.2610828611013
3.8 33.5083230315493
3.81 21.3524119506634
3.82 35.4443925449977
3.83 37.9681843279669
3.84 17.5277484939131
3.85 22.8196667008471
3.86 18.1042891444487
3.87 44.983507330646
3.88 13.1022335496453
3.89 17.478818298
3.9 22.4051085105261
3.91 -7.17648823763721
3.92 34.4345399926321
3.93 24.2898428106253
3.94 14.1823287439225
3.95 21.4968167392253
3.96 35.4925172023624
3.97 39.9790961274165
3.98 9.85172042861829
3.99 6.68096337988377
4 21.1567855096033
4.01 33.8553610464483
4.02 34.8620559715216
4.03 12.9062292947263
4.04 28.6296272489107
4.05 33.9143080800954
4.06 20.8809634302063
4.07 12.6469070716753
4.08 12.4002007347003
4.09 20.3299787430245
4.1 25.2401444375834
4.11 21.8824672098571
4.12 24.2432457343719
4.13 42.8909075816727
4.14 28.9975577596497
4.15 18.826324438321
4.16 27.2751422672797
4.17 43.7696211790863
4.18 30.4831544083131
4.19 26.7560788092767
4.2 24.6876180118702
4.21 29.6605535292902
4.22 21.1567894542109
4.23 16.1623702560161
4.24 30.078005034341
4.25 37.0082503147179
4.26 2.88692218482033
4.27 5.75254341841928
4.28 16.7918741427967
4.29 28.2802225733285
4.3 13.2882580043143
4.31 32.7130201325866
4.32 30.2195991286409
4.33 29.1633152656479
4.34 18.8516278813369
4.35 14.3203188788605
4.36 27.5540514549745
4.37 24.3285842042573
4.38 16.6280564441495
4.39 41.3394042034387
4.4 25.9661243984213
4.41 20.6870972448212
4.42 35.2912106411195
4.43 19.5419548839228
4.44 43.4870829136292
4.45 27.9748174092853
4.46 47.4834215944548
4.47 32.1451456545446
4.48 -1.16163383991361
4.49 42.3576273732301
4.5 29.6631942761939
4.51 38.0099809808233
4.52 35.4182721243006
4.53 20.9395390518107
4.54 17.2470140489182
4.55 16.0756944123448
4.56 34.6480558858206
4.57 30.9272308646792
4.58 24.7968205900968
4.59 24.0993896321613
4.6 35.4785354135603
4.61 33.0797295439245
4.62 41.6705063764294
4.63 16.5622791907595
4.64 21.9499305231266
4.65 34.9428643087845
4.66 52.7174971043165
4.67 19.9554759729457
4.68 32.227416934666
4.69 32.2403438137802
4.7 35.7703865010094
4.71 30.9394037376872
4.72 36.6399329104012
4.73 19.8566143771404
4.74 16.9132756397927
4.75 38.5513341210893
4.76 22.3643510564751
4.77 34.0588199442056
4.78 43.0076481650374
4.79 27.3842696101914
4.8 46.0731737996134
4.81 33.7340679817433
4.82 25.5072011827546
4.83 17.3877367654348
4.84 41.3722892607624
4.85 28.9496289908736
4.86 36.5987049613231
4.87 20.7433544131182
4.88 52.0736970507919
4.89 31.3172989230893
4.9 5.55373491104004
4.91 26.9311042962325
4.92 22.8079410108413
4.93 35.2326403089482
4.94 39.279873000375
4.95 24.4506134800787
4.96 8.2580953914889
4.97 24.8803176770368
4.98 22.6744629194549
4.99 27.9321565738801
5 30.6434952357937
5.01 16.9067956700039
5.02 21.3368751496979
5.03 35.6982566374373
5.04 30.1879109408959
5.05 39.7764619945284
5.06 36.8499714192029
5.07 36.7114041954639
5.08 17.7584868643983
5.09 32.3696292707073
5.1 28.8075731381856
5.11 38.1981692885978
5.12 47.6342746597356
5.13 30.0246515410678
5.14 47.1282407552525
5.15 25.9311908476126
5.16 26.2263543066678
5.17 22.7964385598076
5.18 33.5491536317345
5.19 22.6156700579474
5.2 26.8703653553371
5.21 31.5443088220638
5.22 26.6465550858984
5.23 31.5136513369705
5.24 29.5878051469534
5.25 40.4264225630248
5.26 26.3423993160564
5.27 40.2233438626995
5.28 32.313093545179
5.29 35.0059354297952
5.3 13.5845534617463
5.31 24.0470298427955
5.32 20.0421302545531
5.33 36.317142864338
5.34 21.0222399075058
5.35 41.3938323542935
5.36 17.2679435172019
5.37 19.7735111407483
5.38 27.7215730462396
5.39 39.0947674792032
5.4 25.1446756194389
5.41 46.4087768784684
5.42 37.6539363543344
5.43 35.9102218669229
5.44 42.0345479412079
5.45 13.184715550046
5.46 21.958919393908
5.47 45.1472231053855
5.48 17.0759840552637
5.49 33.3432897794061
5.5 34.5754233867012
5.51 33.2138709748384
5.52 55.563951181367
5.53 32.7471605012368
5.54 36.1643288163431
5.55 25.3147427490366
5.56 15.5278706865635
5.57 23.5225307018355
5.58 23.3870395433317
5.59 48.2095191102333
5.6 39.3376321729079
5.61 60.8731696689212
5.62 35.5059342399263
5.63 31.0571832591688
5.64 23.7888390626533
5.65 41.2572628885086
5.66 35.8456031864795
5.67 13.8418537121582
5.68 39.8439029320071
5.69 35.2811398015148
5.7 31.952510188409
5.71 32.6400317646184
5.72 32.5475960195896
5.73 37.2163374445423
5.74 2.8712672071576
5.75 28.3302527609462
5.76 53.8603007001763
5.77 24.2706546838014
5.78 33.4916254117507
5.79 24.7260682594191
5.8 35.6300795606864
5.81 39.123094147724
5.82 40.9866373643085
5.83 15.9038866012086
5.84 35.4648656864096
5.85 32.2207644859383
5.86 40.0801434684035
5.87 49.1865143018597
5.88 22.6311042733198
5.89 41.9629003330214
5.9 25.222023831831
5.91 50.1327626251498
5.92 28.0779986618365
5.93 36.3617929138021
5.94 29.9257856738147
5.95 16.6860970201686
5.96 24.8407904797215
5.97 40.1138764854326
5.98 37.8516009158651
5.99 45.301094848812
6 55.0638054499273
6.01 38.3662358804508
6.02 32.2737787660518
6.03 45.8134508640556
6.04 40.2662537630109
6.05 53.0570017954076
6.06 29.6829976350915
6.07 30.1511950889614
6.08 50.2809495723335
6.09 50.3500322654051
6.1 48.8909322587308
6.11 33.6199997515248
6.12 45.3691236536952
6.13 34.23518489286
6.14 36.3217236892265
6.15 43.6277227064584
6.16 17.8555894889901
6.17 49.1581462461182
6.18 44.6927712100262
6.19 45.4731985816173
6.2 44.8841216552442
6.21 41.1491494216916
6.22 41.8888334309896
6.23 36.7008201866985
6.24 24.2446924132329
6.25 51.4424081061457
6.26 29.0319532649466
6.27 50.9027561383897
6.28 27.8292333352961
6.29 50.3000948482062
6.3 33.9021654288732
6.31 30.5213256281859
6.32 43.6433308462705
6.33 38.1461638903307
6.34 35.4400754760114
6.35 34.4136759525322
6.36 42.1700687326171
6.37 50.2806162038364
6.38 37.4218070914328
6.39 32.3154198216711
6.4 33.6265003671245
6.41 51.9026027943482
6.42 39.8324697358968
6.43 51.6077026793403
6.44 51.1952384876341
6.45 44.6394148178239
6.46 34.7566591695429
6.47 40.7733374512551
6.48 22.4932938493139
6.49 43.3648358388104
6.5 23.1489607176486
6.51 39.7963656355675
6.52 58.7239007374774
6.53 38.4051028306486
6.54 18.2536781378314
6.55 48.3423700608622
6.56 29.4658144887197
6.57 40.2789412886955
6.58 35.0954629383528
6.59 41.8499267824143
6.6 35.2061974824571
6.61 46.0993794827709
6.62 33.8513615307399
6.63 31.4329691080621
6.64 18.5980278269051
6.65 51.556922324358
6.66 45.6344922637802
6.67 39.1380809205547
6.68 34.684493132425
6.69 49.8011980493771
6.7 5.58389470811485
6.71 21.7151247829973
6.72 29.5660373146186
6.73 12.7370760577141
6.74 41.5067443485144
6.75 23.1580289965631
6.76 32.9447832017055
6.77 13.6977553650591
6.78 61.6935987604741
6.79 31.9536103749145
6.8 54.1778167413749
6.81 16.4125921334344
6.82 44.6240330103517
6.83 38.9710080433854
6.84 32.7114906658828
6.85 33.5107675298016
6.86 42.2211353146629
6.87 40.6097312932015
6.88 39.2868225835502
6.89 30.3337571888676
6.9 27.8298892872812
6.91 41.5900227184708
6.92 35.3956219162343
6.93 58.5168850858756
6.94 55.8368278532308
6.95 36.5600614630354
6.96 43.2542697866913
6.97 29.3406138878596
6.98 32.7913035783162
6.99 33.6731258230313
7 28.6853809841996
7.01 23.8567300268554
7.02 32.371728848736
7.03 50.9671157188097
7.04 32.7295824393608
7.05 56.813623603621
7.06 32.4613126213983
7.07 20.9179933193436
7.08 46.4924828342754
7.09 22.1872134709575
7.1 29.31718744501
7.11 53.952699344658
7.12 35.0317326101018
7.13 33.9753733612113
7.14 40.5384077440303
7.15 51.5110749376618
7.16 43.2059849727829
7.17 32.1583011618013
7.18 19.0176590282318
7.19 50.9093162176408
7.2 32.6836442730736
7.21 49.214194317694
7.22 38.4417580890215
7.23 33.3898344334
7.24 24.8176730679989
7.25 27.1043010573703
7.26 43.2186665719418
7.27 58.7787820159705
7.28 31.7598083053403
7.29 36.4147139311428
7.3 47.6817044341335
7.31 50.2684694026199
7.32 25.5010526684282
7.33 53.3685072414102
7.34 21.8637663519672
7.35 33.1543259084327
7.36 29.6829729841841
7.37 41.666727952997
7.38 49.3868697632608
7.39 39.2420926119173
7.4 47.9156285834894
7.41 36.661470796395
7.42 37.603047216445
7.43 29.8081080634532
7.44 30.2243961087289
7.45 28.8407327373788
7.46 45.1418694956566
7.47 46.2744300491477
7.48 29.896247043093
7.49 41.8407348342547
7.5 42.2151781687696
7.51 33.8832443934338
7.52 41.4821302562173
7.53 44.6137490397509
7.54 46.6018490300781
7.55 34.1226160772811
7.56 45.8046577344237
7.57 41.5882910655629
7.58 42.1536831204597
7.59 45.3055653042968
7.6 47.5360689617455
7.61 45.9396163066238
7.62 54.8587785529672
7.63 42.1201472204092
7.64 34.7569666272079
7.65 40.6824612385733
7.66 51.2522422697466
7.67 44.2813984629702
7.68 34.6235441943627
7.69 61.4532753683103
7.7 42.7369553667745
7.71 57.0017958165641
7.72 49.2771857984852
7.73 38.6184036967357
7.74 55.7465467417006
7.75 46.1792848754366
7.76 47.0230978317631
7.77 43.9505301696165
7.78 43.698858713399
7.79 29.1599694833221
7.8 51.4528394030557
7.81 37.1104020816536
7.82 39.6236273990837
7.83 30.4589527451098
7.84 40.3231238363621
7.85 50.9741910360373
7.86 46.4993897899052
7.87 39.6846049173512
7.88 48.4243367370521
7.89 32.7905007135331
7.9 30.4125123416551
7.91 50.4885643371683
7.92 49.3021376183523
7.93 45.2734181991687
7.94 31.6733557197329
7.95 32.8326579760607
7.96 57.2430426856559
7.97 42.1001431129652
7.98 40.2481375485731
7.99 56.2641036815614
8 56.2856453294965
8.01 49.1281764474953
8.02 23.4405829860822
8.03 23.3055647809484
8.04 57.373188572445
8.05 56.0092463208837
8.06 45.6032766490566
8.07 24.5152057611892
8.08 34.3916134504802
8.09 62.4718368077613
8.1 46.0433772930979
8.11 50.1872269057799
8.12 38.0685988268785
8.13 49.1799612699518
8.14 57.6772042045638
8.15 49.0348061890188
8.16 40.5364694224333
8.17 63.2584049799382
8.18 62.0888980428268
8.19 43.8324017034016
8.2 36.5535880431959
8.21 57.2333665411847
8.22 45.1598505769612
8.23 36.3718820875491
8.24 59.9817266419802
8.25 35.411796399211
8.26 60.0485382438561
8.27 38.9409900778828
8.28 44.121414566542
8.29 74.3915952926254
8.3 57.2225727541196
8.31 40.4732640304611
8.32 35.793464340716
8.33 51.0622755614945
8.34 43.6242840747246
8.35 16.4416218563414
8.36 46.4851219890279
8.37 41.5469953540001
8.38 56.9009936454054
8.39 56.0259374878763
8.4 23.7649461845915
8.41 50.8966639455166
8.42 63.5572481113889
8.43 43.1073669386622
8.44 35.5046986060948
8.45 51.1878673945632
8.46 48.3570868224471
8.47 38.9674081751096
8.48 30.2891411007057
8.49 66.7674458853556
8.5 72.7221104068818
8.51 55.6424743175689
8.52 33.8575667101839
8.53 32.9187598415167
8.54 41.7169877716102
8.55 32.7617837253987
8.56 39.7981152488162
8.57 36.5202316255547
8.58 55.7300178018707
8.59 44.6066102213364
8.6 51.3421958537357
8.61 60.2355721295782
8.62 54.0747158543148
8.63 49.4715234268957
8.64 58.5560759501148
8.65 46.452529741385
8.66 37.2089685384621
8.67 47.1295576736838
8.68 43.0772797071944
8.69 34.0161907713693
8.7 37.9140348924112
8.71 45.6003432098211
8.72 55.3370492842652
8.73 48.974727392994
8.74 59.7267208135914
8.75 40.3269499943973
8.76 52.3289006976599
8.77 52.9169514505483
8.78 66.5500817736116
8.79 58.2755376317384
8.8 37.0681742055146
8.81 50.8243859058763
8.82 56.8027525294614
8.83 39.1167216958951
8.84 59.5529469808841
8.85 41.1585975681274
8.86 62.3447136622187
8.87 27.2686187111187
8.88 62.3146787232562
8.89 57.5972605249649
8.9 62.0743506108504
8.91 45.1908833271183
8.92 57.4938234814181
8.93 60.1744539469864
8.94 48.4004576068257
8.95 53.5218354888089
8.96 38.3890984413469
8.97 48.3526627797428
8.98 50.2073072879505
8.99 39.9740106936278
9 44.2895368829804
9.01 44.9654818096344
9.02 38.0678833109307
9.03 65.2838372583949
9.04 47.1348716486312
9.05 56.5785923296153
9.06 55.6160359986969
9.07 48.1532279616778
9.08 60.5531909243394
9.09 45.0723860094241
9.1 64.6076761895268
9.11 64.4881652656746
9.12 58.6229799394626
9.13 46.2925391911951
9.14 49.0704623104416
9.15 42.0429054039985
9.16 52.4628532341183
9.17 68.4185697496379
9.18 62.7305774431055
9.19 43.5429652755563
9.2 47.5300899832513
9.21 61.4032621759882
9.22 48.9300205450234
9.23 49.5097007508733
9.24 49.3781141792064
9.25 65.2407484558165
9.26 51.1273599103361
9.27 35.8497083195987
9.28 49.7495918385569
9.29 53.9498663772912
9.3 39.472455532315
9.31 54.2550467365031
9.32 49.0680004695704
9.33 43.4569786915028
9.34 67.6144484504115
9.35 35.9246923294898
9.36 57.2618183945891
9.37 44.6144239728194
9.38 40.9035215916544
9.39 47.9716360321868
9.4 49.9613204372559
9.41 64.3529387566163
9.42 42.3299428833871
9.43 53.4104703139671
9.44 43.1465892131131
9.45 68.8472632092424
9.46 43.3617096401692
9.47 35.789455741849
9.48 32.4529376623073
9.49 71.6955701067576
9.5 54.3167180951666
9.51 42.7687733572913
9.52 59.7319073549163
9.53 71.3526113831139
9.54 61.089663895658
9.55 57.9762042874587
9.56 49.6379941097598
9.57 47.0875987302516
9.58 64.7241251314675
9.59 56.8277106567425
9.6 49.969446604453
9.61 48.7106961411258
9.62 54.9853899285419
9.63 51.8202153328088
9.64 58.5137355628468
9.65 54.6642895104964
9.66 45.9415219899504
9.67 38.559430690999
9.68 53.3542969530149
9.69 53.5093626880508
9.7 64.3947862748223
9.71 82.121656084514
9.72 75.0308385038404
9.73 61.8391303890607
9.74 48.6569903088673
9.75 51.2993592136362
9.76 39.4474829180104
9.77 54.6207039053701
9.78 53.7389788690679
9.79 42.8919785783914
9.8 40.6710489669574
9.81 60.5783411643049
9.82 70.933563171882
9.83 79.2809070142783
9.84 55.9533297318018
9.85 59.1714475602819
9.86 41.0490558070318
9.87 56.2698485776107
9.88 47.524377593214
9.89 63.6556527608436
9.9 57.2021444741888
9.91 43.9512732994522
9.92 44.8848192203115
9.93 72.8925778675649
9.94 57.1357425241129
9.95 47.1053156324891
9.96 39.9141942537008
9.97 51.6253993218245
9.98 75.268453020591
9.99 56.2781669601902
10 55.0800575228298
