0.01 22.1059549627223
0.02 6.14303689051774
0.03 -10.1873471815067
0.04 19.8549902528775
0.05 16.1609731998069
0.06 0.923710069177032
0.07 12.8266083841275
0.08 -0.870542321650138
0.09 19.993842667525
0.1 14.5168047092361
0.11 26.5516150864977
0.12 20.7979892599978
0.13 2.37377595615685
0.14 -7.52800047956982
0.15 -0.962676492837246
0.16 16.4325259524361
0.17 10.6222580215041
0.18 -0.671529954484903
0.19 8.25683103002922
0.2 4.12387343547526
0.21 10.0444840801044
0.22 0.00197069126387373
0.23 12.1085534602058
0.24 7.74379378885541
0.25 -9.7871349544843
0.26 10.3318245089704
0.27 5.35313936829719
0.28 5.83190364338526
0.29 3.94113066613459
0.3 -6.32288527456347
0.31 -9.15844648068833
0.32 6.29081407167437
0.33 1.42407899274434
0.34 -2.36085609300223
0.35 5.50037048902053
0.36 27.5340768490879
0.37 -8.83671225746961
0.38 24.4052087147539
0.39 4.99748910221632
0.4 19.6111776639859
0.41 1.13791647799586
0.42 2.43001740719021
0.43 17.1057002026818
0.44 5.99621463051366
0.45 11.7527023135516
0.46 18.8808226435818
0.47 10.8195344589837
0.48 13.5014290296212
0.49 42.0065121453597
0.5 12.8960984698028
0.51 11.6802225609049
0.52 -0.0300963261254479
0.53 7.01083767579137
0.54 15.6828299824691
0.55 24.5195812962787
0.56 -4.66994189214284
0.57 -11.5375649975574
0.58 8.36470652662045
0.59 14.8040911820037
0.6 3.94810709225249
0.61 25.1303698221851
0.62 -6.14612802138332
0.63 20.0471296840156
0.64 17.7820783093905
0.65 21.4488684874596
0.66 2.34099158365119
0.67 11.0053082067052
0.68 3.69602475143693
0.69 13.4798295076786
0.7 2.5507997282631
0.71 29.0069760752361
0.72 22.3841146623544
0.73 30.0441792288188
0.74 2.37685866842279
0.75 3.40332119543206
0.76 20.6971005219337
0.77 5.63136400336913
0.78 2.89489186264052
0.79 18.7080820086835
0.8 12.6645749537801
0.81 1.14414222959121
0.82 3.74296710113949
0.83 -5.33551151584207
0.84 17.767540672119
0.85 5.70831025647471
0.86 22.7688968093865
0.87 2.31190123739122
0.88 7.91940770003741
0.89 2.88549133582721
0.9 15.2518834266847
0.91 18.8402884180904
0.92 8.63567408222096
0.93 17.7617697614936
0.94 0.444064286205826
0.95 10.2400371596996
0.96 16.1465959670566
0.97 15.3178806890926
0.98 10.5295557331666
0.99 15.0748368609828
1 6.97941686369877
1.01 9.53365085372244
1.02 1.60506689658985
1.03 16.0454189418355
1.04 3.50895288960704
1.05 25.9007877315988
1.06 1.34632814445209
1.07 8.69546427000624
1.08 33.9968853976402
1.09 -1.76958217944953
1.1 7.35918755732807
1.11 22.8388525876278
1.12 -3.62321033651765
1.13 6.26749808419155
1.14 2.47840702874327
1.15 14.8080116453841
1.16 6.32626029864853
1.17 20.7652510386694
1.18 5.01041397593612
1.19 3.26007150570688
1.2 10.010923597711
1.21 -9.18315273117847
1.22 17.3024301621072
1.23 -9.48807144630589
1.24 6.54136066747948
1.25 27.2165684934342
1.26 21.4956609862712
1.27 2.97062319619786
1.28 11.0441494125524
1.29 25.2602942707686
1.3 9.70786919986477
1.31 13.2748275013463
1.32 0.493008198573499
1.33 17.8224394050671
1.34 16.633837175023
1.35 18.9632183674342
1.36 31.8456815577347
1.37 30.3330557959141
1.38 17.1898903912368
1.39 15.5344461777979
1.4 22.4760234503192
1.41 -2.90309023667625
1.42 20.3662845726259
1.43 -7.68004966508807
1.44 35.9485612999447
1.45 6.24454206921636
1.46 21.5785486424089
1.47 17.9969846609029
1.48 11.6718660758465
1.49 7.75744756271574
1.5 10.2960447065148
1.51 22.3479519364285
1.52 -12.1083900018065
1.53 26.8040214546166
1.54 18.687829008015
1.55 8.77529256107563
1.56 14.3686908441139
1.57 5.80818419767067
1.58 8.88595869443296
1.59 6.22603202687822
1.6 -13.8023966755025
1.61 15.2916740545078
1.62 12.1722463398047
1.63 9.58128249494846
1.64 5.60843784164738
1.65 9.32338124820793
1.66 11.7686980960011
1.67 14.1917112131202
1.68 23.3597324150839
1.69 7.42169855232694
1.7 18.7244010857061
1.71 3.83838719449294
1.72 15.0971148694179
1.73 9.77125179197748
1.74 16.9177613287416
1.75 27.9067407376885
1.76 -0.893748888903431
1.77 -2.4944504433392
1.78 2.44635128515014
1.79 8.45667053656513
1.8 31.4311492195372
1.81 5.79543184311154
1.82 11.1586862092513
1.83 28.2469866057539
1.84 8.06431465465007
1.85 3.89234911557025
1.86 4.96444204579676
1.87 -4.98529046665594
1.88 9.22758225068612
1.89 0.375994605619805
1.9 8.91801942302426
1.91 -8.67602364178864
1.92 14.570748497627
1.93 15.6533923244338
1.94 11.8488837686059
1.95 30.7149486628855
1.96 4.6467894585173
1.97 21.638706197279
1.98 -16.0569778156606
1.99 18.0380241754146
2 3.57886866516452
2.01 14.0128464906675
2.02 33.8711331123669
2.03 17.5609638135099
2.04 21.1752918486155
2.05 28.0552646359522
2.06 4.94634192852019
2.07 25.7169093826121
2.08 34.255503418588
2.09 -1.65746364288402
2.1 2.7180730088653
2.11 30.3110821061205
2.12 17.6029069383139
2.13 32.1569922887613
2.14 25.2781907479675
2.15 11.3604773801573
2.16 8.70497342006592
2.17 29.0631615015597
2.18 -5.70284498577205
2.19 20.3864925893746
2.2 -2.82753040146599
2.21 0.635274808516952
2.22 2.42736552227045
2.23 13.5839608237617
2.24 14.923397308987
2.25 4.47605500625027
2.26 12.4183184991213
2.27 22.7543426611069
2.28 -7.28454379411629
2.29 13.9381201179634
2.3 6.79930304215902
2.31 31.0587982787824
2.32 5.68150294013937
2.33 19.0972852130087
2.34 23.8299391666651
2.35 -5.27489145144395
2.36 27.1332469801933
2.37 26.8137439270158
2.38 18.149745392109
2.39 27.44033217308
2.4 36.8104629849842
2.41 8.11371450675941
2.42 12.8451494824668
2.43 8.53740827898116
2.44 26.6399173651742
2.45 24.4846624984518
2.46 12.4542698680747
2.47 1.99777976432136
2.48 0.784426838193641
2.49 7.30074113189548
2.5 26.6931926673745
2.51 7.8481940631766
2.52 24.2649132840687
2.53 27.6472007943774
2.54 2.83119989689306
2.55 31.9040598541086
2.56 32.9546739001473
2.57 21.7158351697039
2.58 29.6653435873548
2.59 39.0768311745519
2.6 8.97316384280091
2.61 26.9384186078457
2.62 5.5749738131923
2.63 28.5112000484105
2.64 1.44073363816423
2.65 19.4546910429954
2.66 19.50086489355
2.67 24.4502738266957
2.68 20.7120191475997
2.69 21.8634518101204
2.7 33.7479154465028
2.71 18.6400583950431
2.72 10.0739113192557
2.73 4.87776400893137
2.74 8.70599442803627
2.75 31.5910218698727
2.76 22.2938137794958
2.77 25.9532935402413
2.78 23.0298433140244
2.79 28.4732510905478
2.8 5.41900389549496
2.81 6.98715387314766
2.82 23.582834735527
2.83 10.1493524327752
2.84 22.1907037875743
2.85 19.0359854845187
2.86 27.7396750821225
2.87 18.7018368435217
2.88 21.7368264101136
2.89 10.264760952429
2.9 13.2526594673909
2.91 5.25600071983612
2.92 19.7402149313889
2.93 31.7579108158391
2.94 23.3031531842651
2.95 27.9575676999919
2.96 7.49058934153858
2.97 17.5909014420308
2.98 26.1186542160246
2.99 19.1687980507015
3 27.1470023610283
3.01 5.44748433019912
3.02 29.3948885436701
3.03 24.4345359272293
3.04 29.2856412057069
3.05 25.840827899768
3.06 9.35018638082132
3.07 24.1046860147549
3.08 24.3051637836252
3.09 28.7556077502558
3.1 26.3312749213989
3.11 3.59922847349969
3.12 35.4168977643191
3.13 36.9158265232645
3.14 36.5107847043712
3.15 15.0433232910948
3.16 18.7891464292624
3.17 21.2767553327818
3.18 19.2133590302567
3.19 19.0308237753904
3.2 19.7776245106986
3.21 18.0836706028708
3.22 27.1307785938502
3.23 12.5095314054954
3.24 23.083581098971
3.25 13.2768904905695
3.26 11.7155822607503
3.27 12.074166174686
3.28 15.190971450879
3.29 35.907244593226
3.3 21.9304363800563
3.31 28.7713712589567
3.32 -5.59691394018487
3.33 27.4126015871063
3.34 13.8616248195047
3.35 20.9718875967302
3.36 37.8831811932453
3.37 22.021219868305
3.38 22.3328959795492
3.39 7.37451693182474
3.4 18.3316021097526
3.41 13.6969863743725
3.42 29.706436210694
3.43 17.9094648863772
3.44 32.9411011763761
3.45 34.3481822666463
3.46 21.233676689971
3.47 18.3478785594343
3.48 9.41338146546205
3.49 19.4233459143227
3.5 25.9595683552463
3.51 27.1635158671001
3.52 18.7127818531474
3.53 23.719405236154
3.54 40.7814294684544
3.55 8.40068088373589
3.56 38.2781591193056
3.57 15.0716159832546
3.58 37.5313881401274
3.59 11.8626565252017
3.6 37.108294344681
3.61 13.479685426467
3.62 39.7329571276345
3.63 18.2208345526655
3.64 18.7194110682883
3.65 10.3973063459707
3.66 31.6507661739016
3.67 23.3295291109147
3.68 27.8938223333342
3.69 16.2907853529585
3.7 14.5103256270622
3.71 18.9820409347628
3.72 32.7507531748343
3.73 25.1948746182279
3.74 41.1833915600875
3.75 13.1124735287442
3.76 36.8216712187032
3.77 -5.09880346975788
3.78 9.54248777598024
3.79 43.2097127256336
3.8 14.5786483766507
3.81 42.0197738196319
3.82 26.1025145005339
3.83 19.7055300770876
3.84 17.0295189938952
3.85 23.4753255269316
3.86 41.7121272740704
3.87 7.97878375041473
3.88 20.4423234239026
3.89 24.3746589576027
3.9 16.1679175883511
3.91 25.0617573396088
3.92 41.042918260918
3.93 27.4259947219361
3.94 21.0062796473312
3.95 23.5140845360333
3.96 37.7558788717961
3.97 35.4445337049299
3.98 24.0035827981306
3.99 46.3326170131835
4 22.8225493955812
4.01 11.9067065186581
4.02 27.4594268841431
4.03 25.2222791692345
4.04 18.0340469879959
4.05 21.3806126853824
4.06 38.7871641481382
4.07 31.9392835508832
4.08 20.932154620397
4.09 12.3130624794123
4.1 6.9714760406719
4.11 47.0422479013105
4.12 11.3129292867242
4.13 21.8897370745311
4.14 17.4988371270759
4.15 20.2272174947191
4.16 29.6549338811619
4.17 39.5195961992926
4.18 13.2191133230522
4.19 8.93013417386877
4.2 41.3215730782152
4.21 16.9961903972695
4.22 7.61677219554534
4.23 20.9477055594326
4.24 13.2721718369415
4.25 46.0812220006176
4.26 11.1530825885769
4.27 10.8897416558274
4.28 30.9454239574173
4.29 26.4231879511158
4.3 26.4904639038622
4.31 36.8567723604439
4.32 26.1324653088565
4.33 26.9471270174162
4.34 1.44672729315624
4.35 24.0215176798909
4.36 25.2447524482671
4.37 34.6235468121899
4.38 17.7154312819876
4.39 37.4336616326404
4.4 28.5363773872617
4.41 27.1130342494412
4.42 15.8926075842758
4.43 24.1788521547843
4.44 23.4606250182179
4.45 38.2741382576393
4.46 36.6125071257947
4.47 17.5524700114736
4.48 27.9824095952223
4.49 25.5253823035201
4.5 18.0196676791711
4.51 13.783932998631
4.52 20.7513590992137
4.53 34.928060560648
4.54 37.7800330978863
4.55 30.2254104572113
4.56 30.5390999187885
4.57 40.1318976994018
4.58 36.4758199987824
4.59 17.8015278922929
4.6 33.5489043559236
4.61 38.6583004292984
4.62 29.1692125100703
4.63 33.924769742754
4.64 29.4992027887484
4.65 11.3266834960609
4.66 38.4011850344499
4.67 20.6271554717886
4.68 35.0024301616145
4.69 39.5248716520009
4.7 44.7038993536335
4.71 24.5292957014778
4.72 15.2757162072572
4.73 16.8421784200969
4.74 21.8517037616765
4.75 10.1701519346482
4.76 20.2006292193932
4.77 23.5664804453712
4.78 39.7872638331547
4.79 25.4600207557456
4.8 34.1927430723147
4.81 34.1779800823653
4.82 29.7721548248772
4.83 58.7998997239593
4.84 40.0460677541836
4.85 31.0141951173862
4.86 10.367404091039
4.87 33.6439563001877
4.88 45.9961712921554
4.89 28.7259883704082
4.9 36.9589184741651
4.91 20.5522845860994
4.92 37.5593515831068
4.93 33.2066636896953
4.94 30.3319793156331
4.95 40.4720160659947
4.96 37.6254442407985
4.97 26.1149777571318
4.98 47.4855564189359
4.99 25.8817402191133
5 29.2200571555887
5.01 18.8444982823717
5.02 25.8415855157605
5.03 29.9906483361303
5.04 29.7524442769057
5.05 18.635300995352
5.06 35.3119409356564
5.07 23.5308474777324
5.08 30.8704170570599
5.09 41.7835063109192
5.1 39.5729867363685
5.11 31.6111281570874
5.12 37.4406727605644
5.13 29.5299098609943
5.14 25.6894560125695
5.15 26.2721668272187
5.16 18.75472627073
5.17 33.2063286598751
5.18 21.4890646100342
5.19 29.2542105508673
5.2 26.6489599003524
5.21 32.38364198358
5.22 25.7124062492625
5.23 48.3171838915287
5.24 32.1224291286841
5.25 39.2596822010183
5.26 28.1353541215358
5.27 25.2499835311206
5.28 31.0589706178857
5.29 50.936634426369
5.3 15.9783076029111
5.31 15.8480035389891
5.32 34.0868962833453
5.33 54.8447269599731
5.34 31.2434662656598
5.35 43.3015815890495
5.36 3.11978736753246
5.37 24.9739470844798
5.38 20.6488059268367
5.39 43.9321711176695
5.4 24.6051892059916
5.41 28.4560854160145
5.42 38.9934996801972
5.43 16.0651716710782
5.44 40.1870748091789
5.45 32.7755662039125
5.46 24.9757388014064
5.47 20.6960073124814
5.48 40.0458455279825
5.49 12.3896987290402
5.5 12.032908235103
5.51 38.2624408599676
5.52 40.1649008329736
5.53 27.0604362924491
5.54 29.5426736468385
5.55 30.4084196927852
5.56 27.902551531737
5.57 30.9585486105755
5.58 25.6285426895324
5.59 34.8163792666409
5.6 14.3657571969393
5.61 43.6239549197622
5.62 52.2072300166904
5.63 43.8031445531349
5.64 38.2436843595108
5.65 30.9540806430642
5.66 35.7596919340637
5.67 35.5815025187417
5.68 31.5460971756543
5.69 19.3713610553414
5.7 28.5210880853437
5.71 36.7424520142755
5.72 36.4552412370218
5.73 17.0049263091402
5.74 25.1644301024791
5.75 23.0122909963464
5.76 43.3911658560577
5.77 35.7246064484859
5.78 29.2448988089888
5.79 34.0572675772235
5.8 16.7788355282803
5.81 16.8309969138426
5.82 24.1133178152548
5.83 29.0181618660523
5.84 33.1064251380995
5.85 44.2914012110981
5.86 31.8311498229537
5.87 17.3721380903407
5.88 22.928442674079
5.89 23.2235988973663
5.9 53.6479962925878
5.91 19.7095415254606
5.92 18.3948298512607
5.93 33.4504490688399
5.94 40.5301378386443
5.95 27.6616689126364
5.96 43.6410269357505
5.97 52.1106375106676
5.98 22.6358629029937
5.99 41.8893025371246
6 29.6509628242715
6.01 39.8982420587388
6.02 51.2166539638851
6.03 43.9741348823724
6.04 25.2340298162599
6.05 38.5414191635082
6.06 44.0604345330805
6.07 32.5601005107325
6.08 28.4189758161881
6.09 28.2059494301139
6.1 25.9391572135469
6.11 30.5382676867045
6.12 45.0822367223711
6.13 22.0205138657068
6.14 40.5146690210499
6.15 36.2035559545231
6.16 44.8030168498255
6.17 35.6258174866803
6.18 17.2790679684026
6.19 36.6878561401794
6.2 35.3840711110204
6.21 51.089246922808
6.22 29.0299258888126
6.23 37.0209717523226
6.24 41.1558975580949
6.25 44.6634380882015
6.26 38.3708357621259
6.27 29.7430242971322
6.28 42.9365604575603
6.29 40.7053365006766
6.3 32.6626222180381
6.31 43.5672225997928
6.32 36.7039062424458
6.33 34.5690713731584
6.34 36.9668614410165
6.35 27.4177780932854
6.36 34.9538593622701
6.37 38.8993272370823
6.38 38.1370969699378
6.39 31.7461422270753
6.4 44.2755371319016
6.41 21.9046536571285
6.42 46.5163960936449
6.43 30.2024864051692
6.44 34.6419723942371
6.45 48.36897450521
6.46 30.4740058372771
6.47 51.247307980254
6.48 52.3065510833327
6.49 25.5529409414175
6.5 18.6098344116423
6.51 48.4596533590388
6.52 40.3899027192808
6.53 12.3216688478825
6.54 26.1383913218847
6.55 50.5280379729416
6.56 39.6059751735267
6.57 18.9352657121265
6.58 31.6587504007315
6.59 34.3656126186576
6.6 29.5647889820275
6.61 29.42819929585
6.62 44.3932932849442
6.63 38.3962857749718
6.64 27.9604893611237
6.65 29.3530469880044
6.66 44.1449526652215
6.67 36.3476912049597
6.68 46.595181775167
6.69 25.58110909625
6.7 50.1223926303239
6.71 26.8499889352006
6.72 27.2194270280997
6.73 60.5059017042854
6.74 53.9177418936456
6.75 29.3248894759599
6.76 20.3736228306582
6.77 27.7548073162105
6.78 29.8303477809196
6.79 39.1511391560681
6.8 38.2203226514003
6.81 38.2986458159479
6.82 36.5977242389662
6.83 43.2430262423717
6.84 28.2262259236928
6.85 28.3282981191624
6.86 23.4979972227195
6.87 47.5703408991981
6.88 53.4327641447923
6.89 38.194479732681
6.9 56.1173734181877
6.91 26.2956427373584
6.92 38.5391183084876
6.93 24.6166899485272
6.94 35.4841167443848
6.95 29.2338524836461
6.96 28.7574385557486
6.97 48.9804002992551
6.98 35.4315672315458
6.99 51.4847467011187
7 35.843651490007
7.01 48.7109908906417
7.02 42.7381247323114
7.03 40.0413081134172
7.04 54.8446779474442
7.05 45.269271070882
7.06 24.3283363796683
7.07 41.3159981859231
7.08 31.4710163864709
7.09 48.4113762411559
7.1 46.971950610402
7.11 22.6822843499826
7.12 40.9857298117771
7.13 47.6037242736448
7.14 46.2316285970878
7.15 57.0405912101837
7.16 32.636379323715
7.17 49.4893625099786
7.18 38.4304150712252
7.19 24.7813873705218
7.2 51.8396984150581
7.21 45.787120652646
7.22 47.4930717197163
7.23 35.0199330460029
7.24 37.8352393623891
7.25 31.5206743969613
7.26 43.6309115773934
7.27 27.9383803378973
7.28 31.963873696502
7.29 36.9237167959508
7.3 22.5886142443965
7.31 35.3272206315045
7.32 44.2159963264859
7.33 51.8786890245388
7.34 39.1711576875726
7.35 46.9808856446038
7.36 41.4200047428662
7.37 26.1739524111304
7.38 37.6073510004888
7.39 41.913512248961
7.4 41.1759271260179
7.41 48.3667726114326
7.42 54.6952635323419
7.43 55.3188309304929
7.44 41.8182642873031
7.45 36.5303276074609
7.46 36.0444177744367
7.47 52.1478011560695
7.48 43.8784806328894
7.49 55.3913402413311
7.5 74.358210951861
7.51 23.0482746177373
7.52 52.3015069654694
7.53 36.6228466957556
7.54 47.5527039012843
7.55 67.4435035543141
7.56 41.9087281748496
7.57 22.7324874712639
7.58 27.2656043100895
7.59 46.7786166330621
7.6 50.9536913635171
7.61 35.8944405173647
7.62 70.3378177448691
7.63 61.3550802325674
7.64 45.2008715066544
7.65 47.2810247497802
7.66 53.1634156474811
7.67 61.1657580179912
7.68 29.6660073526273
7.69 45.7515886685741
7.7 36.1669150297858
7.71 38.9313062483652
7.72 23.7622781556766
7.73 32.7990765873739
7.74 52.8607697530628
7.75 31.8185454028014
7.76 33.1605141040822
7.77 48.8028958652752
7.78 41.3421722077727
7.79 48.7113155860397
7.8 39.5242286429337
7.81 46.7672103200723
7.82 35.0159804474523
7.83 48.1927047469772
7.84 35.0098022017714
7.85 22.7237825585541
7.86 45.9499879971817
7.87 49.1317382337222
7.88 44.1855126856854
7.89 45.1135811135116
7.9 48.3114547843198
7.91 54.8273389396782
7.92 37.464714103652
7.93 41.8660226895412
7.94 24.7616202919611
7.95 44.2896231241813
7.96 59.9482377145087
7.97 49.8932613973389
7.98 46.7809477171464
7.99 20.6694259667241
8 41.738472766472
8.01 53.8710594198984
8.02 28.2545364118305
8.03 35.4708339854766
8.04 58.2358581857188
8.05 51.9399122790944
8.06 41.1404757181539
8.07 27.5789087283542
8.08 36.3364147158125
8.09 61.3620239438465
8.1 54.5454151729155
8.11 42.0998595860023
8.12 42.4371933669376
8.13 49.8855548075103
8.14 43.1781790791706
8.15 48.65391415697
8.16 32.6609028708898
8.17 30.3204783295534
8.18 47.3270397775192
8.19 45.6372633492956
8.2 38.872813389849
8.21 41.1523936895251
8.22 44.7855674577557
8.23 44.1363959324663
8.24 28.3342042147482
8.25 51.0778328459762
8.26 44.0924639208315
8.27 66.253147389572
8.28 55.5944686899241
8.29 39.3818466969577
8.3 55.9509824235698
8.31 47.9105089753904
8.32 38.480369082734
8.33 34.3243435934643
8.34 60.6514909080624
8.35 39.8704938090581
8.36 55.4336938451888
8.37 57.1226296122048
8.38 45.2201089064462
8.39 44.1887036265241
8.4 45.9944336930332
8.41 42.5276878648463
8.42 30.3021018064918
8.43 50.9082597569735
8.44 48.0467556975474
8.45 41.3142659162096
8.46 43.4781345301483
8.47 52.4757946484604
8.48 51.4218734647326
8.49 42.2740020876458
8.5 42.2449149673957
8.51 40.7452374880898
8.52 49.7365025124137
8.53 60.2208497253334
8.54 51.7952993523681
8.55 38.5427250524269
8.56 49.9914758765206
8.57 53.5651250119309
8.58 57.0989082331489
8.59 38.6622033264148
8.6 44.6863348547921
8.61 32.9430213849556
8.62 52.3473417627301
8.63 41.3449242625257
8.64 72.6129463926074
8.65 35.3103064891093
8.66 56.5179813486416
8.67 55.2186382415503
8.68 36.1566324449962
8.69 57.5724170747869
8.7 42.1421953613917
8.71 40.6950244171996
8.72 14.8954384761734
8.73 44.7069768187713
8.74 38.7028135133044
8.75 47.8453430187681
8.76 55.3329690815881
8.77 51.1099698690201
8.78 54.3940338050109
8.79 43.6109683251171
8.8 49.6725978185415
8.81 31.9658202664135
8.82 68.375476915437
8.83 50.243203570823
8.84 66.3026527698461
8.85 57.8274469129913
8.86 39.3224843203964
8.87 36.3503139415187
8.88 43.5601897818204
8.89 59.9035232817834
8.9 57.6795560428528
8.91 55.8901300089935
8.92 48.828271464696
8.93 54.0746927427017
8.94 57.5444544989638
8.95 44.366711101907
8.96 55.2240247352017
8.97 41.3297069259692
8.98 43.6119617479962
8.99 51.2971648789053
9 35.4367885540908
9.01 50.6605301486972
9.02 44.9746106452198
9.03 46.1213401957118
9.04 46.1424409142645
9.05 42.0394471681399
9.06 31.4574952188739
9.07 43.7638291626612
9.08 36.6085469929766
9.09 64.6292207958262
9.1 50.8342574240036
9.11 52.6393327140171
9.12 40.2881038023455
9.13 48.984135414623
9.14 33.4049263325159
9.15 58.1941214381659
9.16 56.0019472868885
9.17 48.1208570246508
9.18 46.0368456291664
9.19 31.0057844532768
9.2 49.2914218681424
9.21 50.6113193792699
9.22 41.7295964088682
9.23 69.243239635732
9.24 51.8876998365157
9.25 59.3222525643762
9.26 61.5357632400463
9.27 39.9074751366016
9.28 62.3638392607557
9.29 69.6202608913434
9.3 60.9648305228143
9.31 47.7337888626069
9.32 36.3979385619609
9.33 60.8453943215263
9.34 70.1268491498472
9.35 52.5367520858498
9.36 57.4103276706417
9.37 52.5391869010111
9.38 50.2742677693639
9.39 59.540151572051
9.4 50.909908818765
9.41 40.3045762394515
9.42 47.7806628663365
9.43 52.8716467911418
9.44 59.7313050731236
9.45 63.7273981670526
9.46 53.5005630384519
9.47 61.0909262670008
9.48 45.6552846525546
9.49 56.6538364567397
9.5 46.5847009102932
9.51 40.5927228480433
9.52 51.8774081332767
9.53 44.3143793273814
9.54 37.9444805053025
9.55 53.2873259979248
9.56 59.8341513149742
9.57 39.304459961454
9.58 46.1177227263513
9.59 68.0961475101086
9.6 58.0184595120996
9.61 61.4672374972709
9.62 33.8351752735965
9.63 65.4154466575366
9.64 51.5405192545927
9.65 63.7597635703663
9.66 58.8561752299621
9.67 47.8042362610695
9.68 58.587558859638
9.69 44.7639733961932
9.7 49.1155541491244
9.71 57.8773275388601
9.72 55.304533992662
9.73 58.3854350885105
9.74 39.7747900662764
9.75 46.9498435099846
9.76 51.7388944934147
9.77 60.6697876233882
9.78 58.0121066043263
9.79 40.1580593890322
9.8 44.2368632873736
9.81 45.5494616195546
9.82 57.5223728408241
9.83 42.8318270505094
9.84 44.3139861312284
9.85 68.8319239558317
9.86 57.4995681050502
9.87 47.7945799060605
9.88 71.2672324103488
9.89 40.2209228035035
9.9 44.188510608937
9.91 52.2240506453995
9.92 72.3116227676576
9.93 55.9636611547008
9.94 70.4099288756452
9.95 52.5960797923685
9.96 71.1996772819214
9.97 76.86391021964
9.98 53.0319686089476
9.99 67.686959855391
10 76.9921196694126
