0.01 22.3232864028752
0.02 -9.47150849142078
0.03 16.5308688255691
0.04 15.5186065426705
0.05 15.0339378053793
0.06 0.371538899676998
0.07 0.157383420711135
0.08 7.88898637854762
0.09 0.679662062791252
0.1 8.87082016388042
0.11 -4.50143621229792
0.12 -4.93742554089645
0.13 8.37178212333597
0.14 8.0807875309526
0.15 -7.28129241009968
0.16 14.4840883641512
0.17 16.3362975081655
0.18 23.9109915883317
0.19 19.302530713572
0.2 2.67195822810091
0.21 7.87035859734393
0.22 12.9120490510949
0.23 21.4282614412199
0.24 -2.43621466886218
0.25 16.1679555384728
0.26 22.5253307229031
0.27 17.681036462061
0.28 12.6417609225302
0.29 -0.0747659707696755
0.3 -6.33262429087659
0.31 10.9658861584077
0.32 14.30661606928
0.33 -14.1118036144092
0.34 -20.3267781356052
0.35 14.9590717889352
0.36 7.17461046539862
0.37 -10.7170591753812
0.38 17.8042753461304
0.39 14.459680652241
0.4 15.8302519195524
0.41 0.979085051043328
0.42 -6.96892050087519
0.43 10.0842573008812
0.44 2.67480265700569
0.45 12.717657034958
0.46 7.8639512960132
0.47 8.19869202430945
0.48 4.65765688934974
0.49 14.8561140488128
0.5 25.4270102857758
0.51 2.59681104506727
0.52 8.18690517470808
0.53 3.84846468301473
0.54 -10.317937734057
0.55 7.70452667774068
0.56 0.0375056465231047
0.57 3.82112431062158
0.58 31.6943725587689
0.59 9.16859627523016
0.6 11.4893974449629
0.61 -5.65217624433591
0.62 3.54883960823699
0.63 18.1716377778523
0.64 12.1354704170979
0.65 16.8686240565519
0.66 5.79461205687731
0.67 -16.5483694629005
0.68 26.2608179811522
0.69 -8.52706692713629
0.7 -4.84328424641567
0.71 4.43481678406977
0.72 20.2302697503979
0.73 13.1625937534852
0.74 17.4749978962714
0.75 24.1737722124859
0.76 3.7999444891001
0.77 -2.23752159934906
0.78 15.8663691876784
0.79 7.43205182375772
0.8 28.3665914064104
0.81 2.72357342177915
0.82 16.9040955316862
0.83 11.7174844100933
0.84 11.6293202980855
0.85 27.4768567221039
0.86 10.3704342332188
0.87 1.76821095480394
0.88 10.4131805571996
0.89 9.04537042107656
0.9 27.0698400839201
0.91 17.9811479373894
0.92 -2.32182622849389
0.93 16.5253079581495
0.94 14.1648091108235
0.95 11.3164392620586
0.96 21.0789081132491
0.97 17.1151570471325
0.98 9.3155600856233
0.99 4.29970422894795
1 -0.570616286261163
1.01 21.1843636388417
1.02 -4.19933905793571
1.03 6.422516773946
1.04 -4.22804974760396
1.05 9.94253732812148
1.06 -16.8619511378862
1.07 14.8763049483887
1.08 -0.993882703148422
1.09 -10.8984875629965
1.1 21.2101535885483
1.11 -1.51071081304834
1.12 10.0468975515759
1.13 -0.792223078466373
1.14 8.22399798007537
1.15 -10.4390540653221
1.16 18.629117665039
1.17 15.2227687962477
1.18 -0.945244328694172
1.19 0.681145364560194
1.2 4.70404673211446
1.21 7.01032016953813
1.22 10.277379630702
1.23 23.5736863976691
1.24 17.6155212895159
1.25 -1.24975287241594
1.26 8.70676369441884
1.27 12.6006608134185
1.28 12.2250633100428
1.29 17.3213105060017
1.3 8.57830198365294
1.31 27.1821407753387
1.32 22.7776928847713
1.33 7.49194842451194
1.34 6.01187705415726
1.35 12.7960545460928
1.36 22.6529042577067
1.37 -7.21389289627681
1.38 4.57230950875118
1.39 -5.44037192146253
1.4 2.88201443094501
1.41 37.7895573045928
1.42 17.3743318684976
1.43 1.63845954257418
1.44 17.8571570499466
1.45 28.1711895490674
1.46 -2.31231417309296
1.47 1.25335693824562
1.48 1.15431924919052
1.49 2.66366280359266
1.5 7.02400111678825
1.51 -0.303361206695643
1.52 35.6730408867277
1.53 -3.73643575596036
1.54 8.65044220528817
1.55 9.80493160444719
1.56 19.9033027257847
1.57 12.8976235268733
1.58 19.6947138945014
1.59 29.4191628786662
1.6 11.0370678505652
1.61 9.85541367417061
1.62 18.777644122336
1.63 24.6612199704931
1.64 36.0698616657917
1.65 11.6718233129359
1.66 14.0848724944073
1.67 7.87817010012157
1.68 -3.62533284492853
1.69 20.1229690578089
1.7 8.82239984047701
1.71 16.5859503970443
1.72 8.54686189664111
1.73 0.466348738962424
1.74 3.97820875861959
1.75 9.78460806530118
1.76 29.163951822657
1.77 30.2893580839457
1.78 21.7627198078401
1.79 26.4891626145378
1.8 27.8617387496434
1.81 29.6058176964265
1.82 9.34753667997037
1.83 16.1356753571469
1.84 37.6777197665735
1.85 7.7894261484934
1.86 24.7456390750393
1.87 -15.3258178426757
1.88 29.6936872077339
1.89 26.6656231394468
1.9 26.2959709783688
1.91 25.8583126419796
1.92 11.5818259638889
1.93 31.7869554450841
1.94 19.484276816968
1.95 3.81556336806837
1.96 26.7998571430305
1.97 10.9808119332728
1.98 20.9643825445812
1.99 9.04441274505298
2 -4.42960127186757
2.01 25.901363750117
2.02 3.22076993576519
2.03 21.8132284070648
2.04 32.1575435165039
2.05 4.80511197145162
2.06 16.0685539941869
2.07 26.8872407993586
2.08 33.2084451348153
2.09 21.5129412805784
2.1 3.02567651820476
2.11 14.9122496772309
2.12 -2.15284448584489
2.13 -5.20301135265985
2.14 21.6380063578206
2.15 14.8323389049224
2.16 17.4810077954935
2.17 2.84631836584009
2.18 22.9166979655458
2.19 10.007726110919
2.2 38.1612716975628
2.21 21.7031651087171
2.22 32.9301056751595
2.23 27.4245775905876
2.24 15.8391749051061
2.25 32.5578291343749
2.26 7.86674835103593
2.27 23.6441218733837
2.28 13.8814277912273
2.29 22.6797378695203
2.3 37.2966821446931
2.31 27.2649521812509
2.32 34.8679121613009
2.33 25.9525691184173
2.34 0.75269220105284
2.35 11.2239131286459
2.36 18.6167404481484
2.37 10.831131441079
2.38 -7.20443972092362
2.39 7.80976261760936
2.4 15.5248677466085
2.41 18.0613441011884
2.42 28.8073025093829
2.43 20.443181356448
2.44 22.636473311201
2.45 10.116657599101
2.46 22.1495398868055
2.47 26.0834501969968
2.48 8.00199739861401
2.49 18.9390597452164
2.5 3.76146550296016
2.51 0.648659171958283
2.52 22.535245102943
2.53 14.9419224680916
2.54 25.0586710553048
2.55 22.5733045941067
2.56 7.41862113853519
2.57 24.6792091911568
2.58 34.3458285294204
2.59 22.8845319638196
2.6 23.2456629304489
2.61 23.8825658254734
2.62 32.693890161498
2.63 28.2958580549924
2.64 20.4112624140973
2.65 37.7025960196227
2.66 23.8352311284694
2.67 23.9573820844915
2.68 6.01373406484947
2.69 11.2775041282133
2.7 10.619031455615
2.71 8.93236362943743
2.72 22.5231032259827
2.73 7.92940870732596
2.74 16.0615117188275
2.75 16.1205117486646
2.76 17.8986274170678
2.77 -9.63753899961102
2.78 42.4294342699183
2.79 8.149306671868
2.8 9.15399107290041
2.81 14.1101857067337
2.82 34.5736349496772
2.83 29.7063273126046
2.84 26.5009274756118
2.85 10.2853791080718
2.86 17.9128420002639
2.87 28.4910482181297
2.88 16.4406764588028
2.89 21.0655171256859
2.9 23.6759982080709
2.91 13.4423461972806
2.92 19.2693666185901
2.93 -1.24446664548299
2.94 5.37918132576662
2.95 10.9755301166218
2.96 37.5518531150874
2.97 23.4295614564725
2.98 6.64139881412769
2.99 28.3856653241009
3 -0.927393661151537
3.01 8.68451980509819
3.02 17.8913988029323
3.03 28.6474046286732
3.04 35.0301560256748
3.05 19.2550021960775
3.06 19.9534889866753
3.07 27.8211412855292
3.08 6.66810615739275
3.09 31.9898444136255
3.1 10.0550888207606
3.11 10.3987166072059
3.12 36.0085149596855
3.13 24.5827498689833
3.14 24.5980899160374
3.15 20.76468735803
3.16 7.66112269623009
3.17 24.9622892200895
3.18 29.56238765966
3.19 34.2979252012452
3.2 14.8978839828045
3.21 13.4625535032078
3.22 33.6636933068948
3.23 18.0942868583525
3.24 32.0328927988812
3.25 19.1763242050334
3.26 33.4058513646872
3.27 31.3268207027958
3.28 30.4183585140078
3.29 29.8202194297097
3.3 8.66608969714541
3.31 26.9443293396784
3.32 24.1396223056254
3.33 15.3997297469375
3.34 24.5973859514101
3.35 10.836249382018
3.36 40.8572479866877
3.37 20.6201061326871
3.38 26.4585217313751
3.39 27.4029478903438
3.4 21.2610013315431
3.41 22.5608997408141
3.42 32.762655830359
3.43 12.7338479448919
3.44 32.5037637960848
3.45 18.9599170669368
3.46 20.2255733396365
3.47 26.2418834025933
3.48 22.3631196388825
3.49 14.7553915646123
3.5 -7.65175278454654
3.51 0.183170639352412
3.52 10.6842200092479
3.53 27.4934258551899
3.54 10.7772331604606
3.55 32.3145973699893
3.56 42.462832098964
3.57 -2.95551328349935
3.58 38.1040610183163
3.59 2.71002682932066
3.6 19.1788176528811
3.61 24.8118793874079
3.62 38.6016601592202
3.63 29.5819992531063
3.64 19.7281265516686
3.65 29.1520851319935
3.66 19.6395618190848
3.67 32.3191998186328
3.68 22.3872064068818
3.69 28.6507047955782
3.7 22.5458931444461
3.71 31.549390510157
3.72 18.6788467604089
3.73 24.3626542764646
3.74 21.2644432330736
3.75 25.7868723307823
3.76 26.4738377896768
3.77 16.0134427529104
3.78 21.1698632291997
3.79 15.5144056638307
3.8 14.6027328148445
3.81 30.0547509029724
3.82 17.6614483436371
3.83 7.76757798590443
3.84 40.5729835390284
3.85 24.044307705375
3.86 9.96598078391548
3.87 30.7984742532635
3.88 48.1560873083807
3.89 40.2702395993588
3.9 7.3051130034965
3.91 33.3570480118465
3.92 13.5873997002765
3.93 5.67411680543775
3.94 32.5442166871748
3.95 23.3812858707943
3.96 22.4682179564931
3.97 33.4743617694821
3.98 16.6854990504656
3.99 18.4110758698771
4 14.7140598881625
4.01 41.0634537591754
4.02 38.9450869905159
4.03 29.7465612091588
4.04 18.0159253311864
4.05 7.57863247218667
4.06 13.8387667612305
4.07 38.605521285068
4.08 11.8527574718935
4.09 30.1682390548388
4.1 35.0804643068474
4.11 27.6664189416332
4.12 37.958458587652
4.13 27.4105699020688
4.14 32.1736985994548
4.15 26.810500634943
4.16 10.0138886402534
4.17 14.3400259911756
4.18 43.4365796445723
4.19 18.2561653679513
4.2 21.6102963346456
4.21 35.6337758323091
4.22 31.1176536753382
4.23 16.6401178758993
4.24 25.8303575358325
4.25 27.3617890950588
4.26 17.4838864351778
4.27 29.807351797691
4.28 27.4797771343611
4.29 19.7485720151894
4.3 29.887246703559
4.31 26.1035227606746
4.32 29.0823753121799
4.33 41.3977845476666
4.34 47.7118112322655
4.35 9.878661584274
4.36 25.4568191236022
4.37 41.0803816382597
4.38 37.4909981580768
4.39 3.70675884390599
4.4 30.5006048245897
4.41 16.9241977660857
4.42 42.0010266807675
4.43 35.5797409313289
4.44 42.5138945179729
4.45 23.0793506361682
4.46 31.3349582265893
4.47 20.9138722888911
4.48 39.5484161601378
4.49 25.295246324749
4.5 15.5154652294598
4.51 31.7611625938024
4.52 27.125833750055
4.53 16.463111719103
4.54 25.6560141930265
4.55 29.1971378433055
4.56 20.6580884222217
4.57 39.8098420652283
4.58 30.4485623558449
4.59 12.2687233831591
4.6 35.8812190569192
4.61 36.5350084122018
4.62 39.1818126143028
4.63 11.9329017419167
4.64 27.9911529235608
4.65 34.6372395449318
4.66 24.7134969311855
4.67 41.7106946648361
4.68 35.5596248788028
4.69 22.3874222402961
4.7 8.47807318210212
4.71 49.9256840087282
4.72 50.2633686891667
4.73 17.197401828817
4.74 32.0095221587062
4.75 24.7834379216514
4.76 31.3056479248672
4.77 27.0386827963683
4.78 17.0289892152307
4.79 23.8916272802603
4.8 34.3634561415806
4.81 31.8509373407838
4.82 38.0183908738787
4.83 13.666647926697
4.84 11.4078758101945
4.85 18.4780631215459
4.86 30.8841189810328
4.87 32.539717050402
4.88 39.5865603764544
4.89 67.0159243408164
4.9 47.058278108567
4.91 26.123450084257
4.92 18.3253275315223
4.93 28.5163976789557
4.94 33.4871720452652
4.95 35.1857664312542
4.96 27.0191646747094
4.97 49.7707898287105
4.98 32.5618725754776
4.99 36.0077070166817
5 36.9745235072689
5.01 20.0439903949421
5.02 27.729573776034
5.03 37.3920589292765
5.04 13.0070164576471
5.05 55.3774131000681
5.06 37.4219127908098
5.07 22.6671474515642
5.08 28.0428889218573
5.09 29.1431349700412
5.1 38.7561202913478
5.11 26.0806605597666
5.12 33.1238211779393
5.13 35.6535883464637
5.14 6.62810520950489
5.15 34.4158286992366
5.16 19.1048279758504
5.17 48.9810233459456
5.18 30.6477500074908
5.19 25.930411035772
5.2 18.3882982810951
5.21 27.2749000307098
5.22 34.47024873423
5.23 33.6231030074654
5.24 27.7378592899879
5.25 16.3391570922707
5.26 33.0132783938388
5.27 42.0705981022413
5.28 52.0248055679136
5.29 35.2897111540309
5.3 21.9124907940995
5.31 28.8254175596787
5.32 20.8872178051306
5.33 32.2795509321276
5.34 27.0604520333006
5.35 35.9118070644645
5.36 16.2790856748836
5.37 37.850257570917
5.38 31.9138154248398
5.39 29.3971596826506
5.4 35.9060964862435
5.41 48.3143861769406
5.42 31.6663469107262
5.43 22.4286727431653
5.44 25.4867078607753
5.45 31.0811749461039
5.46 40.5805087273977
5.47 16.6435214931649
5.48 19.9334987388372
5.49 18.4604840587928
5.5 25.8592735602295
5.51 47.9402172007774
5.52 37.5492480443626
5.53 44.342274616385
5.54 34.445682646082
5.55 37.2256468363767
5.56 22.9576312395881
5.57 14.8256088517064
5.58 33.3820526075198
5.59 18.7946042057608
5.6 44.7896839215593
5.61 32.1388242975403
5.62 36.9121151137444
5.63 37.397746268642
5.64 30.527145268174
5.65 14.9240999188299
5.66 34.2197872227737
5.67 29.705262213198
5.68 20.3314866328479
5.69 27.807397075956
5.7 8.30644310177304
5.71 38.9097224679796
5.72 35.0021652483774
5.73 37.1474702101943
5.74 30.4657584204348
5.75 44.5009017493367
5.76 42.5282678589022
5.77 50.3109257919756
5.78 46.1163692704503
5.79 28.0585100330863
5.8 43.5811898157934
5.81 43.3778428883265
5.82 31.3965419285945
5.83 27.3608869537438
5.84 40.6750716937067
5.85 22.3874902593172
5.86 35.5668719449004
5.87 44.1008080954391
5.88 25.9925598240464
5.89 47.7899818688877
5.9 40.1859046815574
5.91 40.3731686978548
5.92 47.6806884738138
5.93 37.2917581536455
5.94 41.0455616782965
5.95 29.9320622396741
5.96 40.8200258490905
5.97 24.9675453436498
5.98 25.0867359063699
5.99 34.9560641143332
6 48.0330338929069
6.01 32.9354523936197
6.02 23.0540729430313
6.03 41.01148330137
6.04 41.9253926646639
6.05 26.4464637462264
6.06 39.11867166965
6.07 54.6816917232526
6.08 18.1076588420555
6.09 9.13047314739841
6.1 49.1728744064367
6.11 23.9693180180645
6.12 44.0526971866531
6.13 45.3721469679374
6.14 48.8499158323185
6.15 41.4050127224034
6.16 55.0258872592238
6.17 31.710594003302
6.18 41.9446942488972
6.19 35.3975546758698
6.2 45.6779178842134
6.21 22.9916971303283
6.22 37.7007157954124
6.23 41.8308751831478
6.24 25.8717283908924
6.25 21.0830162775564
6.26 58.0662413434895
6.27 26.2490928202849
6.28 49.9610342919742
6.29 35.9020105823747
6.3 36.4729621959938
6.31 46.3951579259655
6.32 16.701965620995
6.33 36.8117935451343
6.34 31.8751662927716
6.35 37.6005537080088
6.36 34.6185435332531
6.37 41.5726661899407
6.38 34.5225602153796
6.39 45.7841042165773
6.4 36.0455623904479
6.41 17.6363178728041
6.42 33.9539337625047
6.43 59.1559679132651
6.44 58.2174222518084
6.45 32.5571378295405
6.46 24.4474107831625
6.47 28.8647973780998
6.48 29.4255784122039
6.49 38.3476575866122
6.5 52.8727643682558
6.51 54.8933818403703
6.52 41.3557417991147
6.53 27.0829909162465
6.54 48.4226250456815
6.55 40.6932897800752
6.56 61.25131418415
6.57 37.7843109378338
6.58 47.8405530768215
6.59 23.3344187113251
6.6 52.5639652389836
6.61 36.8871476641314
6.62 22.4064062630138
6.63 40.9885520838245
6.64 28.8542745033682
6.65 35.8662119729142
6.66 19.8809937326255
6.67 68.4173002022788
6.68 33.656270072926
6.69 47.8856881058643
6.7 56.7502569303295
6.71 39.9622192830878
6.72 50.9052320045226
6.73 29.7340062616886
6.74 29.0351790950261
6.75 27.1902357253619
6.76 37.3218949428541
6.77 26.2821934060482
6.78 36.1297985497932
6.79 49.0539836911696
6.8 52.4560212451465
6.81 33.8342577198017
6.82 32.7623692679399
6.83 49.142668352307
6.84 43.3371025515791
6.85 36.8766040445382
6.86 41.4322660408078
6.87 28.0169256318738
6.88 25.3199250862966
6.89 42.2082050736409
6.9 46.1609822729812
6.91 53.1371175877516
6.92 49.8537580758173
6.93 35.8953023465618
6.94 36.8099064110029
6.95 27.9752625687266
6.96 60.5627918857325
6.97 48.8895529637891
6.98 32.1006703064483
6.99 63.4784215092623
7 43.8138228183345
7.01 32.9402050337065
7.02 38.1196565421448
7.03 34.8189742817915
7.04 50.8452073693213
7.05 22.7531776968854
7.06 27.5386261211349
7.07 33.1407479195967
7.08 30.2048255535245
7.09 33.4157508870516
7.1 49.8738152878154
7.11 41.7731956076575
7.12 26.0935755547969
7.13 46.5829813268058
7.14 26.271153920945
7.15 34.1513695878271
7.16 37.9370383643163
7.17 39.8265989937814
7.18 43.2011098554648
7.19 41.5953766306725
7.2 21.7634753423137
7.21 57.7147414220735
7.22 34.2605128224056
7.23 40.1492715636329
7.24 32.1391159862998
7.25 51.6831530375405
7.26 32.0869199859413
7.27 61.0820243703427
7.28 34.1164661293045
7.29 41.0751727485565
7.3 20.7397508077612
7.31 46.205571762648
7.32 50.3866463399241
7.33 38.4115358471453
7.34 40.7117802294216
7.35 39.5556088878205
7.36 28.0978358301664
7.37 32.5577398400561
7.38 54.8004779262659
7.39 33.445430437311
7.4 21.5421336005702
7.41 38.2053042051663
7.42 45.6306865266401
7.43 40.3324379697753
7.44 52.251439205075
7.45 42.0919017825195
7.46 37.0382894726667
7.47 32.3304042796688
7.48 48.4665727342388
7.49 60.034522742861
7.5 41.2945776094159
7.51 59.9431317418545
7.52 40.6140227350039
7.53 29.7416580618
7.54 28.5613163870257
7.55 33.5771814064002
7.56 50.0135288026357
7.57 34.306991754357
7.58 43.8456925106539
7.59 35.1712857914355
7.6 52.9945359657811
7.61 50.4466569470153
7.62 38.9168405317824
7.63 42.8885077988625
7.64 56.1924931095676
7.65 40.7667966988612
7.66 38.6327149023764
7.67 38.7099107692296
7.68 45.260685968489
7.69 36.8632093086208
7.7 44.4226795921517
7.71 61.8662059392545
7.72 44.3359529850895
7.73 42.7925557910535
7.74 49.9767883676739
7.75 34.909892468383
7.76 50.3634667061527
7.77 29.0419358039554
7.78 30.8294842841891
7.79 40.7863613902193
7.8 59.4815655605347
7.81 37.4610069086966
7.82 41.1161202764386
7.83 29.6664212259625
7.84 35.1392095712528
7.85 37.0832907480255
7.86 55.808409922743
7.87 49.0950022984553
7.88 37.2982451128221
7.89 50.7811159027887
7.9 59.5026241314578
7.91 40.4373941616403
7.92 31.9088520591722
7.93 58.4566006559876
7.94 28.2457260993299
7.95 36.6332977181567
7.96 36.4569397561686
7.97 81.7491762429671
7.98 57.62303484416
7.99 72.4036517862033
8 54.5631699451988
8.01 49.8005225482872
8.02 56.032905764048
8.03 30.8919728396957
8.04 35.5021483254424
8.05 13.5067690244711
8.06 39.0988908352556
8.07 43.6400584339856
8.08 53.7092399843509
8.09 38.0036283568382
8.1 48.2875824562197
8.11 63.0953690495966
8.12 54.2321755292871
8.13 40.2944695283951
8.14 49.8393857949481
8.15 51.9638887846869
8.16 48.2664258208813
8.17 49.2873384083694
8.18 29.2109633655757
8.19 39.2329841318795
8.2 59.7872678682157
8.21 51.9252178209371
8.22 39.6500743316849
8.23 66.6994173486285
8.24 52.1905499451129
8.25 48.8199498813284
8.26 46.1622652365233
8.27 59.4483378212152
8.28 34.8140265599331
8.29 30.3122859817872
8.3 35.7473045479543
8.31 49.6828533480419
8.32 52.5738231871821
8.33 25.4564840269039
8.34 48.0104244805076
8.35 41.8256832486298
8.36 50.2161822757812
8.37 35.3642919171525
8.38 19.0496505242427
8.39 60.7796926032247
8.4 48.3905833172842
8.41 60.79603536285
8.42 32.5138281324785
8.43 44.2612294625722
8.44 48.7766323070978
8.45 44.3539852739652
8.46 36.8471406789249
8.47 41.44675504054
8.48 39.6191325948002
8.49 40.4171672645179
8.5 55.0505624924253
8.51 46.4284136870612
8.52 44.6087844677077
8.53 62.8762977060685
8.54 55.1529428393469
8.55 54.6645699657514
8.56 62.7374105140158
8.57 51.1285307054343
8.58 28.5773333252757
8.59 58.3705140589346
8.6 42.9586413272307
8.61 51.2418927671329
8.62 34.3665389839774
8.63 52.2134547181159
8.64 58.9437252062527
8.65 52.4637589001652
8.66 62.2435915976801
8.67 52.7872823321225
8.68 43.4995163463438
8.69 37.2686477188471
8.7 68.6549926112073
8.71 26.2507156704663
8.72 36.9381849145931
8.73 61.0514480584217
8.74 42.5618838475692
8.75 46.355955340976
8.76 64.2880490089872
8.77 55.5880904124285
8.78 60.494078658205
8.79 52.4327567080559
8.8 61.5190659234951
8.81 56.1372250341478
8.82 43.2932078692765
8.83 78.8470989852289
8.84 53.7291330504265
8.85 41.3944050675806
8.86 44.3008661550356
8.87 45.4071734290135
8.88 60.2586309987838
8.89 55.4744354144182
8.9 58.1428270822219
8.91 55.0479756778147
8.92 78.2433163642007
8.93 41.8460915352389
8.94 33.7586554028281
8.95 55.58597734483
8.96 52.8602829824066
8.97 53.698366591827
8.98 41.5189280498236
8.99 60.1253512593776
9 64.3105215979859
9.01 21.9173542334579
9.02 52.5115563424634
9.03 59.7907273284729
9.04 68.1101461463802
9.05 42.5426269658599
9.06 60.4701779953623
9.07 50.6758071447818
9.08 45.8082567874548
9.09 66.8327774870997
9.1 43.9359892682182
9.11 32.5617238446506
9.12 50.6219460499036
9.13 79.8730104501704
9.14 32.7520510255678
9.15 68.0996125076792
9.16 45.0079639700926
9.17 51.732899100586
9.18 59.7944431709112
9.19 45.1029423990305
9.2 58.9731636997379
9.21 45.3451826466919
9.22 59.9659217549526
9.23 44.0734218433578
9.24 57.1687784767692
9.25 49.3897201031459
9.26 52.0271997540294
9.27 51.9348970797507
9.28 47.5450569602004
9.29 45.0255677582816
9.3 45.1573950590259
9.31 46.0156345673576
9.32 50.04552504217
9.33 39.6828904203256
9.34 64.4877842748139
9.35 54.3338460042527
9.36 48.9314192400042
9.37 67.7281539873526
9.38 57.7454348670823
9.39 44.1559264937384
9.4 51.5255997937049
9.41 49.1217582176422
9.42 69.7512980218749
9.43 57.032454243341
9.44 49.4649151425973
9.45 42.4510826668867
9.46 52.008106247022
9.47 50.8580737715484
9.48 53.0057226514022
9.49 58.2935106429842
9.5 57.6247596889764
9.51 52.2995574704096
9.52 61.2448420780331
9.53 65.1598123601766
9.54 49.9886502881225
9.55 35.4953831131996
9.56 48.2228418018138
9.57 44.224918234524
9.58 64.4296463163043
9.59 66.3516244598594
9.6 35.244672690305
9.61 55.6387924573741
9.62 56.8373743801248
9.63 56.7207975571295
9.64 58.7692246833583
9.65 71.1572927482224
9.66 62.0529294617956
9.67 54.4763577553444
9.68 38.7272133136253
9.69 58.636862234518
9.7 55.2329071118478
9.71 40.5996300072534
9.72 50.8003204454893
9.73 54.9498173717216
9.74 60.702517224451
9.75 63.9021327333867
9.76 54.8166681759027
9.77 30.4350833178538
9.78 65.6648805049473
9.79 62.129616973945
9.8 61.3206017809216
9.81 60.1312448825334
9.82 53.0849013636804
9.83 47.708493693543
9.84 52.035402590322
9.85 56.3035084158414
9.86 64.3288440392195
9.87 42.8286462575516
9.88 43.0045548477032
9.89 61.3447106562393
9.9 52.3220387830594
9.91 35.1487231617599
9.92 39.479334344053
9.93 59.0270409559452
9.94 37.576219427622
9.95 53.7036037707836
9.96 45.6121420929774
9.97 50.623690163282
9.98 39.6755750919579
9.99 50.8742474409553
10 60.3149741041463
