0.01 17.4561465124159
0.02 -13.8897588588216
0.03 2.09204299615676
0.04 20.4560865262702
0.05 13.6700154554771
0.06 -7.2250232947498
0.07 7.39700819954164
0.08 -7.4508607163801
0.09 -5.9370316234192
0.1 -8.56054775152503
0.11 25.8052731496639
0.12 15.2340690702805
0.13 -15.5714360988139
0.14 -2.44972620951086
0.15 4.58815453062023
0.16 6.89927006341596
0.17 8.5513201411506
0.18 5.91660937532638
0.19 8.16762033921279
0.2 -0.963163748222487
0.21 11.2025876235602
0.22 18.8571969558582
0.23 13.108014222661
0.24 10.1523409346866
0.25 16.6849257717411
0.26 1.6665892920558
0.27 8.55162789136944
0.28 14.9457629167481
0.29 19.1875104380733
0.3 -2.55554139026483
0.31 -9.0168371266558
0.32 10.6095643686836
0.33 13.7820950066913
0.34 -1.02800730153368
0.35 5.20916748526167
0.36 22.3490619090686
0.37 -3.71739936413369
0.38 -3.63129188975808
0.39 6.85331862229382
0.4 17.2583195930488
0.41 21.6076323360707
0.42 1.07026047579333
0.43 13.3281222704179
0.44 4.44156603287894
0.45 14.8294994687832
0.46 12.0203050538362
0.47 12.1929434788484
0.48 -7.41585842015271
0.49 8.29435220638716
0.5 24.6817045784236
0.51 9.65756799773292
0.52 4.42607763802688
0.53 18.5445396577403
0.54 0.508565491114514
0.55 9.62408021857679
0.56 -3.4590608130979
0.57 19.9198267754715
0.58 14.9277964953724
0.59 -11.0601596303731
0.6 10.9851241365356
0.61 3.90136780356599
0.62 4.1494359794774
0.63 20.8888738294584
0.64 10.3072786798277
0.65 10.9244368688853
0.66 1.2958267809419
0.67 1.42787761733697
0.68 10.2041599259629
0.69 4.41469632931885
0.7 24.6029874331238
0.71 17.3947224143074
0.72 4.0920134513551
0.73 15.9573806272433
0.74 25.3689522798287
0.75 2.85484438838649
0.76 -6.17325523614598
0.77 -0.631513538066341
0.78 24.3991280200271
0.79 25.7768105960111
0.8 37.3039048191707
0.81 9.13157979366173
0.82 17.6775188532191
0.83 18.1619147511562
0.84 9.12514393426924
0.85 15.0602884812657
0.86 -3.13559618440449
0.87 -16.7416786216212
0.88 10.4137788593788
0.89 -1.63021438454972
0.9 19.8337804454686
0.91 2.84045744962332
0.92 4.85696391241252
0.93 20.4147099119577
0.94 26.3028286212083
0.95 5.85685646192725
0.96 7.30279892657555
0.97 9.56113462457268
0.98 -5.86089564691408
0.99 -3.10326820539409
1 11.6896681241259
1.01 14.1104868539282
1.02 9.9229467791199
1.03 20.2799656229739
1.04 -3.20758687823192
1.05 2.03933792576278
1.06 2.72024938711675
1.07 13.0640450215526
1.08 18.2322050598565
1.09 18.6556154813812
1.1 -4.64146160457609
1.11 11.0945453990944
1.12 2.76644977637442
1.13 2.89477330762732
1.14 9.99513535236729
1.15 26.2262871210204
1.16 5.11908717899191
1.17 5.15188284076345
1.18 10.0592631910147
1.19 17.6413921104298
1.2 1.28127233437486
1.21 0.287322700152994
1.22 -2.15426983864765
1.23 5.11372256791405
1.24 8.77653140577969
1.25 17.2227368576275
1.26 3.2393833534253
1.27 13.585440797766
1.28 17.4803227308709
1.29 -4.19259423514518
1.3 9.30959739987806
1.31 8.63609737127322
1.32 0.701439246454872
1.33 28.2802785289647
1.34 17.8373704281278
1.35 16.9240687932021
1.36 23.812187737233
1.37 23.5333789770187
1.38 33.1865707231928
1.39 21.9286197712119
1.4 8.44060487934764
1.41 13.2231224485527
1.42 2.73251221471037
1.43 27.0902722516763
1.44 29.2021596709889
1.45 7.90294740141652
1.46 8.54575655321909
1.47 9.57443623798632
1.48 -1.43285452965602
1.49 23.7669177121575
1.5 15.2059901588792
1.51 24.9599839068964
1.52 6.78870238640544
1.53 7.53766718809926
1.54 -4.34260645717946
1.55 11.2255785091729
1.56 2.75528521103802
1.57 0.309019003626684
1.58 0.659426034959283
1.59 8.62252500637655
1.6 8.18622999711598
1.61 5.35986778890043
1.62 20.1279379598383
1.63 21.1528296376184
1.64 10.3203915263094
1.65 13.1227036177371
1.66 4.22248437325246
1.67 13.8470660414189
1.68 16.1750732175373
1.69 33.1253629626404
1.7 35.6007263070047
1.71 22.714392596322
1.72 3.21324380910286
1.73 -0.0822521298530887
1.74 26.1399065932877
1.75 27.430994057415
1.76 16.9769534441696
1.77 19.5483838445632
1.78 -5.97176795440185
1.79 -1.39196548275427
1.8 27.6023385266
1.81 2.66421199914719
1.82 28.4388997437269
1.83 19.0405471784374
1.84 5.73988856248543
1.85 35.0610402531282
1.86 -0.951536749475601
1.87 20.6003930339911
1.88 14.5441317421252
1.89 23.9589468981575
1.9 15.3747917811063
1.91 0.206895949271582
1.92 22.9923892629553
1.93 3.12067431222628
1.94 22.4439775041201
1.95 9.96082479862993
1.96 20.5371221026289
1.97 -6.98166135081218
1.98 34.6280312650979
1.99 15.6372654989413
2 18.7975676041817
2.01 25.1674034344702
2.02 13.4913350176369
2.03 13.2936109102481
2.04 9.12162992948233
2.05 35.740001915584
2.06 20.3296667059402
2.07 3.78951475343142
2.08 20.3880407881742
2.09 7.59196101193201
2.1 21.3162517890507
2.11 15.152799977674
2.12 31.5334877932484
2.13 9.15052277154521
2.14 -1.80982228901067
2.15 -11.7332129633056
2.16 14.9739935892446
2.17 12.3094651190948
2.18 16.4215983389874
2.19 6.52292922489842
2.2 -4.73775829439033
2.21 20.5959540687532
2.22 26.1497310514703
2.23 26.0793503897437
2.24 12.7709016740937
2.25 8.06151853551428
2.26 25.1754331069777
2.27 29.1218715898399
2.28 -8.90187095310136
2.29 10.1594547391582
2.3 19.6036926674234
2.31 25.7203892379469
2.32 22.6078094629794
2.33 25.9151832479756
2.34 23.0049513022345
2.35 5.27614437628582
2.36 33.4532026537133
2.37 24.1062433538557
2.38 19.6737842969029
2.39 23.7300060323007
2.4 33.9038411877847
2.41 22.2207851444374
2.42 7.1829384442152
2.43 13.3296420387676
2.44 5.97060682726304
2.45 21.3426477333764
2.46 25.0634575970644
2.47 12.4210975040805
2.48 14.7296005089609
2.49 12.1973730519299
2.5 11.5136628144371
2.51 22.8968756654154
2.52 16.4171853574306
2.53 12.8952040692737
2.54 16.6437523785525
2.55 22.4069868972351
2.56 37.2627454887477
2.57 19.5552337713384
2.58 14.4463100994522
2.59 21.2641354645552
2.6 22.8639261422457
2.61 29.4696187696217
2.62 22.0789398060911
2.63 27.3647097200369
2.64 28.7446764989535
2.65 8.89221599734002
2.66 15.7809270862048
2.67 22.6767075329513
2.68 7.94989332059724
2.69 26.58168536341
2.7 10.5021669253304
2.71 29.6101023157096
2.72 42.352037842275
2.73 25.3261137626075
2.74 30.4033014462381
2.75 -2.14919103185891
2.76 30.020481005817
2.77 28.871661152436
2.78 11.3727048698373
2.79 27.218647505114
2.8 24.9786311169823
2.81 18.0757172442978
2.82 3.04801526952931
2.83 8.74938250465197
2.84 37.0834941517159
2.85 22.7941093946576
2.86 14.4482125157321
2.87 9.86640592976817
2.88 33.4384302295574
2.89 8.45009225944657
2.9 27.427106561302
2.91 18.3282704357434
2.92 37.2402824285075
2.93 22.9597619934829
2.94 4.1742634561086
2.95 13.1468249405059
2.96 18.6842875729769
2.97 10.7783947978732
2.98 37.9801796649149
2.99 24.1756501621586
3 29.4442373102607
3.01 9.12544689359861
3.02 12.325420317311
3.03 22.298716693015
3.04 18.5100028054288
3.05 29.199077003707
3.06 19.9579605053002
3.07 33.5679855437726
3.08 33.7103201956687
3.09 31.3162242768859
3.1 31.3357362105033
3.11 26.0206211154273
3.12 10.877115814529
3.13 11.6332028501652
3.14 18.5561922295819
3.15 -7.87757089501289
3.16 31.2112700859702
3.17 9.91089594758416
3.18 32.1322888825414
3.19 13.5440260581624
3.2 30.3725490436787
3.21 31.990870897964
3.22 27.455771966407
3.23 37.5279441307398
3.24 48.31433709601
3.25 3.24127671416636
3.26 18.8720282490645
3.27 34.8934366069954
3.28 37.0421367732075
3.29 18.4193407472668
3.3 27.1849402629064
3.31 19.4164361485525
3.32 28.2921989859133
3.33 6.41156665839225
3.34 22.2947678539383
3.35 16.6620754083308
3.36 12.5503707236832
3.37 36.8811227064662
3.38 16.9280508977118
3.39 16.2644737795615
3.4 34.8296180711954
3.41 25.3652899957147
3.42 8.2364929948957
3.43 22.140216621446
3.44 36.8159705395552
3.45 13.3325559477061
3.46 22.0730083072506
3.47 32.1966811493972
3.48 27.6839845630791
3.49 22.586861740684
3.5 20.2135569219576
3.51 23.926637879478
3.52 14.5623422940451
3.53 9.39070767641192
3.54 29.3290206637178
3.55 8.42117622821992
3.56 10.4839926963914
3.57 19.1115078769705
3.58 24.4281880795387
3.59 24.3844867332968
3.6 28.9321474653099
3.61 32.5549197260138
3.62 23.3658819412715
3.63 28.5500469293348
3.64 15.214765775398
3.65 18.5380768441532
3.66 36.3423025807176
3.67 28.8914254610048
3.68 6.5143992202162
3.69 22.0302444094903
3.7 35.1113558328773
3.71 15.5807972779815
3.72 34.388886928857
3.73 34.9955211220743
3.74 9.02834033002561
3.75 24.4972962876515
3.76 23.4293224556282
3.77 28.0995815523018
3.78 10.1583294839474
3.79 35.0478920513296
3.8 23.2725846846957
3.81 21.2056057649178
3.82 25.9170032350253
3.83 24.3692129101814
3.84 23.5294895653142
3.85 21.9723976916957
3.86 21.9665472452362
3.87 16.3361521937341
3.88 19.5269999769343
3.89 30.1432204782064
3.9 36.8850083295943
3.91 11.7714836598193
3.92 24.8341269204803
3.93 28.6603367917805
3.94 20.6295265881773
3.95 28.8205005109055
3.96 26.0953644871511
3.97 30.6861621568806
3.98 12.9447365092577
3.99 33.3183080115574
4 26.8229215912209
4.01 37.3296953492538
4.02 25.0688103199972
4.03 25.9161465763379
4.04 27.5842510723403
4.05 11.2384040013254
4.06 39.0646244208814
4.07 31.3321050374542
4.08 51.7903889858078
4.09 15.8211331922192
4.1 13.1294736100274
4.11 5.69367360263625
4.12 17.3269687959131
4.13 28.3060012650103
4.14 18.5779920193554
4.15 35.2422793289129
4.16 16.594731865944
4.17 18.1943943975704
4.18 25.1278552143378
4.19 25.3214144987286
4.2 20.2129956457927
4.21 17.0555796319318
4.22 33.0724570322094
4.23 22.1729973945966
4.24 34.0065814681939
4.25 25.6778312830624
4.26 16.1299589029256
4.27 40.0309591663342
4.28 20.3951661439649
4.29 18.5441697994066
4.3 20.1133835040179
4.31 26.7594832373297
4.32 38.7388587861381
4.33 26.0341701715273
4.34 24.2467586479771
4.35 26.1448567035208
4.36 37.0121419325641
4.37 34.659716425156
4.38 50.9780498818433
4.39 15.4498319581186
4.4 37.1871704609315
4.41 43.5814977608118
4.42 45.5002660711608
4.43 15.5662836910702
4.44 46.3965444319745
4.45 43.3310078133232
4.46 8.34349032989847
4.47 5.79731179060285
4.48 34.6434876369455
4.49 23.3584239528968
4.5 17.6381733219696
4.51 25.4172570051831
4.52 35.8543769558741
4.53 22.5446614735005
4.54 14.299639348855
4.55 35.0021803544916
4.56 18.990860925354
4.57 45.3244486477441
4.58 26.2288766219048
4.59 23.4200463308153
4.6 25.289965320331
4.61 18.3857974788856
4.62 20.1312149955711
4.63 6.79360687805844
4.64 42.372388448152
4.65 14.0393990500992
4.66 31.9771724627546
4.67 44.295591644512
4.68 18.0744279924766
4.69 20.893647284348
4.7 20.2348772976681
4.71 42.2315166257347
4.72 15.0978743243733
4.73 30.4020819737623
4.74 56.8955163304901
4.75 31.0878096981078
4.76 17.5701502386415
4.77 17.7902817759539
4.78 38.7230927328145
4.79 48.5426706177156
4.8 28.9959656600883
4.81 21.547130382757
4.82 17.8538812377231
4.83 22.5371318086757
4.84 26.1622738454744
4.85 10.8203337974082
4.86 49.7835971213379
4.87 23.5767201191382
4.88 34.9972476657514
4.89 47.1528204450964
4.9 25.4486280492345
4.91 21.117129977636
4.92 8.85242546656828
4.93 42.6916862421616
4.94 17.7305886470133
4.95 31.3053591642074
4.96 24.1795543079035
4.97 17.0363207471141
4.98 39.7699916734557
4.99 21.7547244806731
5 12.6984666809588
5.01 10.8889470720469
5.02 43.3972156600828
5.03 33.9049124187884
5.04 27.9763413295097
5.05 7.3651611797558
5.06 9.73988962411144
5.07 35.6308640199234
5.08 48.3405217632021
5.09 48.5946703500401
5.1 19.1084889448911
5.11 51.1489855783802
5.12 22.9289144067533
5.13 13.2094860352097
5.14 38.7847046754163
5.15 26.8475769685826
5.16 30.2142149428311
5.17 29.8607173736707
5.18 32.1222878952329
5.19 19.4444759403437
5.2 25.7902730000063
5.21 26.7218817262614
5.22 43.8161240537727
5.23 49.0971453601925
5.24 33.0170064719641
5.25 34.899953968521
5.26 41.0159195284387
5.27 47.5899836998721
5.28 25.1367931480596
5.29 38.3627855245897
5.3 42.5762366317563
5.31 29.5849370936565
5.32 32.0133868304698
5.33 35.4303769379846
5.34 38.816769906919
5.35 27.2438459380702
5.36 32.5915042937333
5.37 36.0593326337857
5.38 33.2468514355773
5.39 18.0321371141331
5.4 35.5088748736217
5.41 19.8025230192124
5.42 20.6343711240258
5.43 34.264957106922
5.44 30.5423671307967
5.45 47.2018692881334
5.46 24.062096271736
5.47 43.3613316081014
5.48 17.2915199410278
5.49 34.8366320675833
5.5 48.5381152143905
5.51 15.9134007910863
5.52 14.0380349156613
5.53 40.640183188372
5.54 30.0249257394248
5.55 40.8606352010842
5.56 44.1341436402872
5.57 42.6759140011454
5.58 33.9378323404158
5.59 28.6451233399031
5.6 43.8085777202861
5.61 42.6280346130659
5.62 21.4504577453373
5.63 30.2864415083993
5.64 50.9019876832076
5.65 38.4047182208109
5.66 27.0347162892987
5.67 39.4357694646226
5.68 46.6373174650872
5.69 4.1503083304436
5.7 23.2287891426181
5.71 14.633646483112
5.72 21.5480162855228
5.73 21.4601530044247
5.74 36.2328807824128
5.75 44.4049377556483
5.76 11.660998793548
5.77 44.3779110399296
5.78 35.7168667059123
5.79 26.9280724418904
5.8 44.1518645608105
5.81 35.8326439354464
5.82 22.1893966020587
5.83 37.9521162136407
5.84 19.6688647049897
5.85 37.5534447173154
5.86 22.4633727958317
5.87 31.4229928011112
5.88 49.6933181765097
5.89 39.5157812396676
5.9 45.9342667602762
5.91 28.7459264990693
5.92 16.7264750378161
5.93 34.4894382578385
5.94 33.4508140606051
5.95 25.6663462096436
5.96 19.4504262552956
5.97 26.0177353626969
5.98 22.4217856164065
5.99 25.9475335021549
6 25.8148063908858
6.01 50.2857229662856
6.02 45.1423114417784
6.03 48.3380338442887
6.04 32.5922102256377
6.05 51.7128439634883
6.06 31.2657441681309
6.07 22.5545290269817
6.08 27.278571007947
6.09 46.1753426473235
6.1 36.38294572673
6.11 39.6074185219537
6.12 29.48377646845
6.13 34.1636434614175
6.14 28.9593228072883
6.15 28.9661965364527
6.16 42.0417283801655
6.17 24.436562415338
6.18 52.3640226847167
6.19 32.7659246264923
6.2 33.2288797118988
6.21 51.5503008724966
6.22 32.2610564943983
6.23 21.5994792327233
6.24 26.4727233653472
6.25 41.1203670258096
6.26 30.6436469135174
6.27 33.8074204389426
6.28 40.8230106312084
6.29 36.4647402409847
6.3 57.9846021756235
6.31 30.1707736970615
6.32 53.015839076079
6.33 33.5788993643708
6.34 42.4435383100041
6.35 38.8667452317733
6.36 32.7317445393403
6.37 20.5236758932913
6.38 38.9858682957224
6.39 18.9417644558396
6.4 40.654280979488
6.41 26.9304148303605
6.42 43.3402641404477
6.43 38.7247677164788
6.44 35.0359078041961
6.45 56.5709898996471
6.46 27.2082651769405
6.47 38.5423010355988
6.48 37.2444672865914
6.49 26.9578754220948
6.5 40.5880579800731
6.51 38.6918589537605
6.52 52.1057772837395
6.53 44.9682896162664
6.54 42.741001964162
6.55 32.6931968922768
6.56 38.0883186036921
6.57 50.9109644861976
6.58 30.1954250180834
6.59 24.0898791295033
6.6 54.8004772352381
6.61 40.2853284685729
6.62 41.4144365231388
6.63 33.1271514295633
6.64 40.4315489562218
6.65 37.2404417089173
6.66 48.5497805072526
6.67 30.407422039092
6.68 40.8379416670322
6.69 39.3380654490288
6.7 38.3196305632659
6.71 43.0088806294053
6.72 41.1834367751618
6.73 43.0343532291541
6.74 22.4471094506588
6.75 42.4813109446381
6.76 17.6966886192533
6.77 46.3582295659637
6.78 39.0489983262792
6.79 46.2041037454433
6.8 51.9562540428074
6.81 51.2794792433423
6.82 26.3878570530595
6.83 40.6713911584304
6.84 41.8432711980191
6.85 44.1176680839143
6.86 35.2841460463457
6.87 49.8811875081992
6.88 38.1732713461182
6.89 47.108571165759
6.9 56.0680108221871
6.91 43.8335026341772
6.92 46.3582017329142
6.93 39.0059422436206
6.94 46.7490342736592
6.95 25.8919861830265
6.96 38.3982201299636
6.97 31.1311945028306
6.98 49.1607594607154
6.99 29.5587856929907
7 45.4303907387928
7.01 26.4138091498706
7.02 45.0815689794744
7.03 49.1502641039914
7.04 35.6119801862473
7.05 42.6843102448635
7.06 50.494741797354
7.07 49.3669040963262
7.08 53.69717921219
7.09 42.6920622371545
7.1 46.977240493452
7.11 35.6927826209396
7.12 54.9976742612625
7.13 29.4458638613956
7.14 47.911969244485
7.15 23.144227538167
7.16 50.2211115721106
7.17 32.7923199789095
7.18 32.7463401480392
7.19 40.0486314243105
7.2 47.2493989961525
7.21 26.8027014651438
7.22 42.988305678893
7.23 44.8928080481502
7.24 15.08603094147
7.25 50.0207082727402
7.26 43.4997475057524
7.27 41.3795947486954
7.28 36.3210073014239
7.29 68.3279820275787
7.3 38.289511323513
7.31 60.6390966251189
7.32 38.8953618524487
7.33 55.6601409669064
7.34 39.2507838859894
7.35 33.6064629921599
7.36 36.0109963988181
7.37 35.2267556440905
7.38 43.7806225688449
7.39 56.7433273762309
7.4 44.8628088933201
7.41 27.006197605921
7.42 48.4105346840374
7.43 27.2804785016825
7.44 48.8212358738843
7.45 42.5139214892472
7.46 36.1813038891231
7.47 39.7764293572829
7.48 48.7686625255896
7.49 50.2712506160195
7.5 53.6786993322072
7.51 40.9184676029611
7.52 26.5853000030126
7.53 39.7170596283145
7.54 41.7772822993035
7.55 63.4191491096025
7.56 66.0222178477108
7.57 35.411097798947
7.58 32.0623700446607
7.59 55.6575152784307
7.6 43.3414678937312
7.61 45.7833906050252
7.62 38.9041875245804
7.63 44.9205669563592
7.64 47.6051335892564
7.65 34.086509800451
7.66 46.5218257287204
7.67 40.4771386667599
7.68 52.7943455666275
7.69 41.2844559860136
7.7 48.3030526314241
7.71 44.6614351468965
7.72 28.96550154713
7.73 55.3735236666909
7.74 41.8547511297821
7.75 36.8191339238998
7.76 37.2815426485934
7.77 44.5649354564815
7.78 34.7865004617032
7.79 48.59278928977
7.8 49.0835580804794
7.81 34.1794356954669
7.82 40.9156068415801
7.83 46.6307037913853
7.84 36.6184930135216
7.85 50.0151551491252
7.86 49.1739596208575
7.87 36.6306503868068
7.88 55.738385543098
7.89 46.6514216188955
7.9 43.6501391205045
7.91 33.1657201328889
7.92 37.2131722882576
7.93 52.7869502691525
7.94 56.4930307389122
7.95 37.5184789968525
7.96 66.4737890085813
7.97 46.7974048137366
7.98 40.5339863432842
7.99 68.1316656380124
8 51.8178881883072
8.01 63.0687477279777
8.02 52.1565774196469
8.03 63.3135747788827
8.04 49.8604643874785
8.05 42.8628571615631
8.06 55.294553085008
8.07 59.0120620073617
8.08 46.3563577392652
8.09 43.4262938013697
8.1 44.4776946971454
8.11 62.0389663188094
8.12 37.8845648718376
8.13 70.5991020330268
8.14 54.2537473088051
8.15 33.4312784560251
8.16 55.6958767368226
8.17 47.0287183649112
8.18 46.3243348839109
8.19 47.2996961036616
8.2 55.5737081400263
8.21 40.8070858430751
8.22 40.0941659505328
8.23 39.1500451753283
8.24 25.3232024478264
8.25 36.1915828567047
8.26 36.4342988014537
8.27 47.4497440753841
8.28 63.8714903678885
8.29 39.9303056242814
8.3 55.9034943875116
8.31 9.85600519608532
8.32 65.3281970995383
8.33 48.4651649568873
8.34 44.0496892547538
8.35 41.4018127067308
8.36 29.5406026200984
8.37 32.1452973613833
8.38 62.3651398867768
8.39 35.2401977327457
8.4 54.2906383968817
8.41 52.3046073369806
8.42 63.5716543812214
8.43 40.4281429805504
8.44 31.4643610202044
8.45 55.121675267665
8.46 51.3202998631372
8.47 44.5491608266856
8.48 50.1163432842234
8.49 54.3588873873326
8.5 58.4684843225892
8.51 58.8597639163725
8.52 56.8938561828588
8.53 31.5675209431646
8.54 51.3253678386098
8.55 54.097737704579
8.56 51.5835786483782
8.57 37.6764952525457
8.58 42.1172049737987
8.59 40.0352832007741
8.6 44.5035601808607
8.61 38.2614606098383
8.62 41.4368189207015
8.63 58.1944274638828
8.64 52.2909425694734
8.65 49.5810006582817
8.66 47.4045691501935
8.67 37.2501914525606
8.68 44.3804816342501
8.69 44.372750794808
8.7 62.6488349690913
8.71 48.2072913797225
8.72 52.3587102014561
8.73 75.7117691108703
8.74 25.3631331690221
8.75 47.2581855783546
8.76 32.0706940062291
8.77 57.220344372207
8.78 59.6937307299102
8.79 41.0647020781049
8.8 37.3544868464617
8.81 49.267907624997
8.82 46.2149855740553
8.83 54.0278734794153
8.84 51.4024927125882
8.85 44.6044640229248
8.86 56.5121729265239
8.87 42.2787024328943
8.88 39.4352110067904
8.89 44.3829820415203
8.9 55.0890480345594
8.91 64.6210124310523
8.92 59.1073148361598
8.93 47.3824493710535
8.94 58.5594994234285
8.95 59.8560305121522
8.96 59.8496012248291
8.97 47.3440938680636
8.98 63.0275104078679
8.99 34.678816407686
9 47.7890243133941
9.01 38.9258917986411
9.02 60.6909594759253
9.03 52.503300710827
9.04 46.4153801876167
9.05 55.4446139583181
9.06 60.8890468581804
9.07 56.4953278646613
9.08 43.5505392725663
9.09 54.8242900988686
9.1 45.2034002577067
9.11 65.4499920944744
9.12 56.652769707483
9.13 42.1961994379677
9.14 52.8698463823621
9.15 38.6908480183438
9.16 65.8762199686985
9.17 62.5710329493445
9.18 55.7284100190381
9.19 61.6702130502095
9.2 41.7148449741824
9.21 44.4880595268742
9.22 57.7038819931793
9.23 45.4053725502146
9.24 44.4734405646818
9.25 50.0395036966605
9.26 36.9549113941377
9.27 39.462395540601
9.28 43.7291779836125
9.29 67.7513831396264
9.3 37.6842702166779
9.31 45.0462568507512
9.32 48.6044504154329
9.33 67.8443861888446
9.34 72.7309099116249
9.35 43.060562229256
9.36 43.9529788100789
9.37 67.0688562054826
9.38 57.4927545314325
9.39 56.4801978921125
9.4 64.1268824880687
9.41 29.9674641509396
9.42 53.7717333056708
9.43 49.8746489002365
9.44 48.8380012934919
9.45 47.3597770077888
9.46 61.1403499017136
9.47 57.7514710361832
9.48 59.7374920069251
9.49 45.0165858593124
9.5 58.7415804126031
9.51 56.2868289738496
9.52 53.2140661327808
9.53 48.8490434707394
9.54 53.3020586746249
9.55 47.9918947286889
9.56 61.9403466492733
9.57 48.4161625507383
9.58 41.6890288035006
9.59 57.1525058184577
9.6 69.3513109694107
9.61 52.7115804424083
9.62 62.6974227395658
9.63 42.2985987919329
9.64 78.1003895253071
9.65 55.3962740014162
9.66 42.989888775411
9.67 39.3736298569326
9.68 46.316492483007
9.69 62.763648509469
9.7 80.4299431128654
9.71 48.9869915780204
9.72 51.2590760648279
9.73 49.1252352529915
9.74 48.2741019779943
9.75 49.7678372487289
9.76 50.521767506308
9.77 61.1713645135836
9.78 64.3106023722001
9.79 66.0592795226664
9.8 64.0001933727034
9.81 45.2937231118832
9.82 28.2139712597829
9.83 51.7530310825154
9.84 43.6905126568791
9.85 70.5664285752475
9.86 60.2072074033806
9.87 66.8829666921325
9.88 59.8668141601109
9.89 43.8319214915268
9.9 46.7557977703255
9.91 65.5509876616107
9.92 63.678795434524
9.93 48.4697344950194
9.94 56.1718230928278
9.95 57.6474671327762
9.96 61.7750750912362
9.97 51.133643678279
9.98 47.2602488512885
9.99 65.3379103943834
10 72.3952411647403
