0.01 -0.480446667963816
0.02 4.96014461298692
0.03 6.49908665033738
0.04 24.444317059216
0.05 5.34093965917638
0.06 4.31769434589835
0.07 -2.45621651303484
0.08 23.0940677414127
0.09 2.60615713754856
0.1 16.8759299969377
0.11 19.2038149640438
0.12 -5.53025240089581
0.13 0.505146883526862
0.14 17.6860862569508
0.15 8.06745708123379
0.16 -1.38749886886943
0.17 25.3055206328786
0.18 8.60225151351495
0.19 13.274773904396
0.2 -0.113372103215022
0.21 7.25920704686534
0.22 -2.58617899211893
0.23 22.8803167802002
0.24 12.2912405634495
0.25 -2.83954276535443
0.26 -5.49976658430326
0.27 -5.94850720904225
0.28 6.35640171506331
0.29 15.9510852546284
0.3 -16.2591944788029
0.31 8.67809989394061
0.32 -3.85379533026849
0.33 14.7100491129811
0.34 -6.30725817557813
0.35 -3.46158817780404
0.36 -2.01989352929478
0.37 14.5703392916746
0.38 25.2160841169497
0.39 2.24715396058878
0.4 1.37631452030506
0.41 14.5886057006468
0.42 21.7626497595864
0.43 -4.2029056969797
0.44 7.40083690224005
0.45 8.20392852425258
0.46 10.3570794052844
0.47 11.6660600993622
0.48 -1.2368185238935
0.49 -3.55323723673091
0.5 -14.6548109581312
0.51 10.8447122356773
0.52 13.5042869599566
0.53 24.4566621713099
0.54 1.54669483724151
0.55 6.37610981576406
0.56 6.21899523494536
0.57 26.9404456207914
0.58 -8.17658671159603
0.59 12.1367054732937
0.6 9.90340777202288
0.61 -15.383803902772
0.62 14.9220158997468
0.63 -3.75860593102716
0.64 -0.0917486807019356
0.65 -0.74559784391643
0.66 1.24351742719224
0.67 -0.137354902398419
0.68 -4.1883575515693
0.69 2.20935608676866
0.7 1.88040347303999
0.71 7.04993877201124
0.72 9.2595315574271
0.73 11.9426297694956
0.74 31.4344161725186
0.75 17.0965150451582
0.76 16.4718624467652
0.77 -1.8143993022194
0.78 -3.28412230689627
0.79 16.2621297031574
0.8 -12.9519432353616
0.81 21.8361790100437
0.82 -4.6928133706261
0.83 9.76698442929812
0.84 23.4779276301484
0.85 30.4693051897653
0.86 9.1320638467554
0.87 6.10267216570302
0.88 23.3668247516166
0.89 11.0392033680903
0.9 -4.00445272457479
0.91 21.2282633051787
0.92 -14.6876305715057
0.93 5.32338904799943
0.94 22.1575020523792
0.95 4.52310168411452
0.96 17.3405956638478
0.97 6.72687588039842
0.98 10.1382484874954
0.99 9.38786777874653
1 -5.64918926147173
1.01 21.1359476402161
1.02 -4.64474261334637
1.03 22.4693380992749
1.04 1.15252094724332
1.05 18.6395715797467
1.06 28.8474592313678
1.07 11.7595757183134
1.08 6.95914399061112
1.09 11.8708497494027
1.1 -0.719763968785518
1.11 7.03718302699528
1.12 4.67024600823169
1.13 17.9916035538467
1.14 15.8509473363857
1.15 7.82695331766035
1.16 11.1861746889653
1.17 11.6366037848126
1.18 9.72791609635641
1.19 17.8862862683899
1.2 5.42920547987336
1.21 0.586251645288479
1.22 16.0687468651213
1.23 -0.826634978202275
1.24 7.47637797844795
1.25 22.50644812061
1.26 7.20361830057328
1.27 14.4603388909136
1.28 11.7751002312155
1.29 16.8895060942363
1.3 25.188073397669
1.31 19.1603834014212
1.32 13.3032149267442
1.33 8.56018083419955
1.34 4.53694300160152
1.35 4.34479717737496
1.36 6.43706315513845
1.37 31.9836325331526
1.38 20.237682257772
1.39 30.2386004380877
1.4 6.06027052264897
1.41 22.078715528023
1.42 3.83265460117209
1.43 -4.99780035261428
1.44 0.729668710623411
1.45 -2.41033049681103
1.46 20.0708278790243
1.47 9.97420396984578
1.48 -4.45928542125332
1.49 15.2036592695415
1.5 19.4529378099766
1.51 11.343205430252
1.52 34.1987644426661
1.53 17.734275430609
1.54 -29.4961747147743
1.55 9.9237065345744
1.56 3.60365005055767
1.57 -8.49150457220192
1.58 -5.45584834516361
1.59 16.9424208721158
1.6 11.5097293068846
1.61 21.4259630442877
1.62 10.4214310123181
1.63 4.53702709021563
1.64 12.9655523548772
1.65 7.90817291100366
1.66 12.0504357961716
1.67 2.97178959614358
1.68 9.04477411441065
1.69 9.50805964861316
1.7 26.5977292170195
1.71 16.2464582846544
1.72 16.3978318580428
1.73 17.0321039223233
1.74 10.5374836060205
1.75 12.5867143808102
1.76 19.7762104814072
1.77 28.8852559244198
1.78 17.0389210799773
1.79 9.37074934987308
1.8 15.237622824945
1.81 12.1341984465326
1.82 7.74225417010596
1.83 12.1513299367684
1.84 20.1826308644877
1.85 19.7645918628332
1.86 8.17238991908911
1.87 11.2402926072214
1.88 16.5035799984899
1.89 21.2979353131864
1.9 -3.34247756693171
1.91 32.8930033663925
1.92 22.6580572732297
1.93 -2.48990810800429
1.94 10.9527768083803
1.95 12.433019510513
1.96 28.131077083752
1.97 21.3240961324301
1.98 37.3013425669094
1.99 25.9975941578148
2 13.3034331028582
2.01 8.22210665205446
2.02 14.0336119272737
2.03 6.33392862719128
2.04 20.4123194175752
2.05 0.246272942118242
2.06 22.9470026182982
2.07 12.5368399629938
2.08 21.3121367510528
2.09 -4.52603735668714
2.1 11.6839346577808
2.11 42.9107012870131
2.12 32.4132295396372
2.13 23.3553930773777
2.14 30.8153361169658
2.15 6.385698143795
2.16 12.7394498242108
2.17 9.78651097958521
2.18 39.170035094646
2.19 -3.40346985381268
2.2 18.8727357503721
2.21 21.8698353854224
2.22 39.6829636290822
2.23 20.9020705571532
2.24 15.0187705620142
2.25 6.12685564615186
2.26 21.6623894591231
2.27 13.8182890994855
2.28 16.5381698258354
2.29 16.853975102237
2.3 9.93533866713616
2.31 -7.32304452259662
2.32 -11.7927535684607
2.33 10.7020084550554
2.34 33.2078383212722
2.35 17.803084858939
2.36 30.4208332280675
2.37 14.6399145733988
2.38 15.6344348862776
2.39 20.1683360457923
2.4 14.7916482662891
2.41 20.5680322982781
2.42 8.7055427460912
2.43 9.88000528558373
2.44 27.5748599366487
2.45 4.93058116372805
2.46 -2.46916932914999
2.47 10.2484178164406
2.48 7.71114307612513
2.49 -0.0438222011888669
2.5 7.08545690463677
2.51 15.2532125291984
2.52 32.7048579215967
2.53 5.67126258354683
2.54 9.46917352840923
2.55 20.2150517572391
2.56 17.3512244930036
2.57 -0.853862166435558
2.58 23.2827535259099
2.59 26.4749140044105
2.6 29.6415825090796
2.61 15.2721579439893
2.62 24.7837971481155
2.63 -2.17364233832209
2.64 27.1435229514071
2.65 20.1363140657141
2.66 35.2211221998138
2.67 21.1265266936751
2.68 25.4391031800691
2.69 16.5662744391598
2.7 -0.691731864176623
2.71 25.3722100056755
2.72 16.2082713849662
2.73 18.8240292149105
2.74 11.4644010736192
2.75 18.1775968620281
2.76 26.023312629145
2.77 15.9192663983365
2.78 26.1827964017436
2.79 12.0397158888837
2.8 5.49812943651763
2.81 18.6450437537897
2.82 19.9092585421028
2.83 20.4000585653633
2.84 33.7590821880412
2.85 1.20139227993928
2.86 -4.06252887246468
2.87 20.1190619726286
2.88 17.999112709092
2.89 21.5180591206659
2.9 4.53118596554743
2.91 31.5341723657308
2.92 -1.65337044426466
2.93 18.8091636779482
2.94 -2.27440833540843
2.95 18.8808257623861
2.96 11.5684381445678
2.97 21.5392031917776
2.98 18.4656464557215
2.99 13.1148529999552
3 26.9988915184339
3.01 18.3091013504215
3.02 18.3107404402999
3.03 24.6199164277802
3.04 15.6951586016015
3.05 19.5063359755147
3.06 -1.05595358095322
3.07 21.1149515096873
3.08 16.1524039484621
3.09 31.8955889442894
3.1 19.6678528085436
3.11 38.5687847739218
3.12 8.91816780860444
3.13 20.2972335033484
3.14 27.1365852206673
3.15 19.0280912936659
3.16 6.20870503865481
3.17 15.4167582035913
3.18 14.0667367188295
3.19 24.7442361462362
3.2 18.8810287647029
3.21 27.4633530277537
3.22 18.3736100116869
3.23 17.4221997601479
3.24 22.1279758124155
3.25 8.42188953692293
3.26 1.50574081334981
3.27 16.7819187604507
3.28 26.5571674854252
3.29 50.59439095797
3.3 17.111410162414
3.31 19.9032163932948
3.32 23.9836476166335
3.33 13.7349060357622
3.34 11.4019789408981
3.35 24.8709326624866
3.36 30.6985243775141
3.37 32.3058947719786
3.38 23.5393447298974
3.39 28.8768580269182
3.4 18.8548407280532
3.41 8.41844568519879
3.42 40.0924007363818
3.43 8.35354924609794
3.44 21.4788343681936
3.45 14.3796917064981
3.46 31.052094251909
3.47 6.96510381366373
3.48 41.9945479374727
3.49 29.5779565022574
3.5 25.6981580998204
3.51 14.5679367433797
3.52 16.1132672636112
3.53 24.3753804699712
3.54 19.755832771917
3.55 20.1992943059265
3.56 12.9631834286278
3.57 35.8852103867328
3.58 26.8379905371664
3.59 26.3810986419221
3.6 5.36381462333874
3.61 19.5108008909123
3.62 24.8494205783036
3.63 7.93295359450649
3.64 33.5079103948594
3.65 34.6752168668945
3.66 0.185326763243424
3.67 15.7377690583665
3.68 23.6288045490266
3.69 31.0726228063609
3.7 33.8610680804038
3.71 25.9678325411958
3.72 12.5724167340585
3.73 22.1017120331786
3.74 28.0646467650336
3.75 34.4682177691256
3.76 16.5404934778342
3.77 11.7199381118477
3.78 8.24949905059415
3.79 31.558804156108
3.8 32.3244247892237
3.81 29.6388166954189
3.82 8.48859552279601
3.83 18.6508431359057
3.84 10.0840415655486
3.85 8.36551456597416
3.86 37.3955237441247
3.87 33.6175041256785
3.88 -8.73245632708525
3.89 30.7928569350909
3.9 42.8049876629325
3.91 28.4624322709732
3.92 38.086186003374
3.93 21.473300487426
3.94 18.0126615194334
3.95 18.2240469032277
3.96 36.9764757784683
3.97 12.8981753905488
3.98 24.376484667866
3.99 14.7313582354396
4 30.9279257414875
4.01 21.5576517692626
4.02 18.8561958888684
4.03 21.2361489845625
4.04 37.1529210639242
4.05 34.2868299522231
4.06 22.7246909171336
4.07 31.9011909827197
4.08 35.9348683178155
4.09 32.2981761757525
4.1 16.034787757766
4.11 16.8640408391883
4.12 12.3806326550786
4.13 35.3257847144916
4.14 21.3729738178462
4.15 26.3309496447517
4.16 16.6270052133521
4.17 9.22563908063398
4.18 41.6388507917793
4.19 25.7821617889202
4.2 34.3456474216023
4.21 18.3197755221439
4.22 19.1734288950868
4.23 18.8392552604657
4.24 39.2926708982728
4.25 21.9521104449927
4.26 28.0020184508223
4.27 24.9099983447104
4.28 39.3876743030119
4.29 30.5862889834674
4.3 6.99057416751111
4.31 37.8449316508936
4.32 32.9791591221518
4.33 33.2248502918023
4.34 38.5030955539585
4.35 22.8343502187037
4.36 26.1987319477574
4.37 30.7199766685119
4.38 36.3499328374374
4.39 31.3293942974563
4.4 33.8789846783146
4.41 36.5271160570212
4.42 28.0110929010189
4.43 38.6077312025982
4.44 28.992902222304
4.45 36.212913189426
4.46 26.6391773850068
4.47 16.7878915533694
4.48 26.260920738291
4.49 27.7324152957884
4.5 26.8161651932912
4.51 27.2959970695593
4.52 12.3161199828339
4.53 37.1340264734032
4.54 31.069499766237
4.55 31.736629400224
4.56 21.0247249887047
4.57 11.475505286277
4.58 43.6118096722549
4.59 24.332565927574
4.6 38.981003107149
4.61 29.2143130836386
4.62 25.1644123139529
4.63 26.5856954542966
4.64 31.4137389927395
4.65 26.9948709993559
4.66 26.5283709299285
4.67 41.9349314850196
4.68 26.2222253473853
4.69 25.5438086105941
4.7 30.6460554326806
4.71 20.2159832808919
4.72 18.1731409672367
4.73 20.1273586434284
4.74 40.3276835588365
4.75 27.7449666507927
4.76 17.4184497533504
4.77 29.3732700173329
4.78 30.4732932955636
4.79 32.5557232599943
4.8 8.29488295479322
4.81 16.9473323919235
4.82 30.5694457481629
4.83 48.7117915937683
4.84 37.2285156198851
4.85 41.8542455192342
4.86 23.7960806661332
4.87 36.2044105309761
4.88 45.4866587289549
4.89 16.3071598578816
4.9 24.0661904402962
4.91 33.7401489013502
4.92 37.9845303215264
4.93 11.7759098220238
4.94 45.2913475153322
4.95 27.3092085652316
4.96 34.6044783248701
4.97 26.6248582804806
4.98 34.7866876881567
4.99 36.2413493603883
5 20.3810652103754
5.01 29.9735443492117
5.02 23.1383231804194
5.03 43.5561243429131
5.04 34.0490805211183
5.05 31.327699916952
5.06 30.7545328355445
5.07 7.13542009400933
5.08 19.6203675086083
5.09 31.5188870767866
5.1 14.5484137994677
5.11 28.0989620265513
5.12 28.5238280711846
5.13 12.7316817699335
5.14 67.8639389433462
5.15 35.3186438451954
5.16 38.2759806489802
5.17 16.6158939875093
5.18 27.1195878628175
5.19 24.8838053320179
5.2 26.4282864415423
5.21 30.5714487245795
5.22 26.6928749890916
5.23 49.1077455136956
5.24 17.794264292025
5.25 23.3110107704839
5.26 28.4621300782794
5.27 23.2822419812084
5.28 48.0756323583579
5.29 24.2397240474081
5.3 27.9309329330967
5.31 28.0838041369928
5.32 48.7952515964495
5.33 27.368205411849
5.34 18.2525579898467
5.35 43.2974677176217
5.36 32.0005001660626
5.37 17.5699184998567
5.38 22.4001267279884
5.39 33.5335014823913
5.4 21.6348354047216
5.41 31.2865945193795
5.42 31.4250160549593
5.43 33.4292251924833
5.44 40.6106648995802
5.45 21.3600854621794
5.46 38.6086235063477
5.47 52.6681876848293
5.48 37.9259075438669
5.49 39.4175209778595
5.5 40.7407591851963
5.51 34.9482845792749
5.52 53.7173364897155
5.53 41.7698767717431
5.54 17.2257355743583
5.55 47.4665411804563
5.56 21.8863213458016
5.57 31.0163251246527
5.58 43.1283600894699
5.59 42.66520452382
5.6 46.6840761025307
5.61 25.793005590693
5.62 42.7522000854921
5.63 21.6915448964134
5.64 30.8004108906633
5.65 26.5222003908664
5.66 46.561848244081
5.67 24.6845501548079
5.68 36.964841756651
5.69 35.6243874740481
5.7 43.6689844320478
5.71 38.5722822874081
5.72 22.9427555326101
5.73 36.925811137803
5.74 30.3799663771938
5.75 15.8171514653372
5.76 30.4097423311678
5.77 33.06758677501
5.78 49.0623877327178
5.79 46.4434405856862
5.8 38.3487528981805
5.81 15.0120367657348
5.82 37.6743784053163
5.83 34.5096405031847
5.84 33.5001211488752
5.85 30.4010738899276
5.86 15.1198835177931
5.87 33.0436753845165
5.88 38.7456220732156
5.89 34.4881498881014
5.9 41.9144700272028
5.91 47.3339113725178
5.92 17.4579818906697
5.93 23.9835097116535
5.94 46.3492837583401
5.95 53.4652588806535
5.96 41.7146157713483
5.97 31.1608290547226
5.98 50.4557270918426
5.99 41.4677555385268
6 23.7432853740852
6.01 39.137608680876
6.02 23.427461131466
6.03 45.8197969281092
6.04 19.7028218231991
6.05 36.1475487489698
6.06 55.9407503311971
6.07 42.2745475175113
6.08 35.8821306309616
6.09 27.3471207304739
6.1 31.990487460404
6.11 32.6153248880992
6.12 46.1579786590077
6.13 36.7233753873418
6.14 37.9725073450216
6.15 51.7156584651219
6.16 66.8266779673163
6.17 33.2074771886571
6.18 31.7753267337258
6.19 29.8594986880306
6.2 26.5336814310137
6.21 43.4668427448775
6.22 33.7443804462757
6.23 29.3265402245856
6.24 33.1812473443654
6.25 28.4461793420292
6.26 54.1331787667621
6.27 15.3790105278756
6.28 24.1164668953173
6.29 37.7802367368191
6.3 34.6995913532902
6.31 30.3242641458167
6.32 28.8979358483071
6.33 21.0067644649755
6.34 30.1863551679315
6.35 42.6327291533758
6.36 37.313163266739
6.37 33.4587314949342
6.38 35.0465249385681
6.39 53.515312179798
6.4 37.7331205697176
6.41 38.8108675106708
6.42 39.7456373228183
6.43 47.4431624623772
6.44 34.7441502486869
6.45 48.3623975321169
6.46 42.4190962964872
6.47 50.4125929239773
6.48 15.8416094651398
6.49 33.8593086002211
6.5 45.4193069273904
6.51 39.3970945864453
6.52 37.8286872865202
6.53 34.1579280855261
6.54 24.6806009603287
6.55 34.0943450088693
6.56 64.2960308275221
6.57 31.8154011058169
6.58 22.2794818529701
6.59 42.8963294801705
6.6 54.7705044124962
6.61 30.2535874699677
6.62 34.4209835792479
6.63 27.8235440321967
6.64 60.346473648271
6.65 37.6358833615128
6.66 32.2878660518971
6.67 46.7848262096508
6.68 34.6379466001274
6.69 32.9373702798523
6.7 33.3216368519621
6.71 28.0266497200026
6.72 24.9438967725779
6.73 31.2598346494699
6.74 48.2129970747213
6.75 30.4109145532418
6.76 42.9723959434459
6.77 39.4016894865429
6.78 34.7690583498281
6.79 51.4616161864305
6.8 50.4546408972773
6.81 41.5070838942914
6.82 49.3367287752116
6.83 35.9728304636411
6.84 24.411670099384
6.85 38.6305053571703
6.86 34.0748468000904
6.87 27.7079467441325
6.88 33.4956883626208
6.89 33.4142035864511
6.9 50.6210634566394
6.91 26.5542349851391
6.92 48.3848523325567
6.93 41.0713026012685
6.94 45.2495988803258
6.95 43.2186599299396
6.96 22.3147740996693
6.97 32.3163106223401
6.98 36.5165907662475
6.99 26.9707677605968
7 58.8120734805909
7.01 41.6350632410033
7.02 36.764457692067
7.03 35.2971464750025
7.04 58.2793728359844
7.05 28.148669341484
7.06 41.1840657846257
7.07 45.2771555862227
7.08 67.7238606594962
7.09 63.62708863471
7.1 38.092445868955
7.11 46.3413019858547
7.12 36.4538503607497
7.13 59.9338163516217
7.14 48.4868264098533
7.15 45.3799666540187
7.16 28.5604828827243
7.17 61.3126447056725
7.18 43.3160025334681
7.19 48.8966565184302
7.2 40.4484510967844
7.21 59.3768245663
7.22 19.9379064606475
7.23 35.9116993445099
7.24 27.5602640169203
7.25 27.2948856818461
7.26 39.0399038895076
7.27 44.3852864976808
7.28 45.4736940548549
7.29 55.7214849341425
7.3 36.1242823148681
7.31 31.6321915464683
7.32 41.6073076363773
7.33 57.7151814383096
7.34 35.1653241265501
7.35 49.2183543788091
7.36 47.8927624381772
7.37 30.4880421207866
7.38 43.2987503687426
7.39 35.1585493265727
7.4 44.6991162724479
7.41 38.5025229987143
7.42 35.2873216376482
7.43 23.5704127457252
7.44 23.0880975476573
7.45 15.1008393162384
7.46 34.4547153972163
7.47 50.2577483132661
7.48 38.8348584116876
7.49 47.4382252176963
7.5 44.8464801026411
7.51 34.4119894098341
7.52 41.1940138904563
7.53 53.5602388859422
7.54 31.0498609883963
7.55 55.1797941891229
7.56 48.7606530933071
7.57 29.774576736559
7.58 36.5548354110511
7.59 30.6012371548944
7.6 23.6477055900262
7.61 39.1212373744428
7.62 36.4738384004709
7.63 41.277569297874
7.64 43.2807456793844
7.65 57.074969481219
7.66 52.9703338047449
7.67 46.0213668384006
7.68 55.3914852612141
7.69 26.0407558819714
7.7 25.3116484284385
7.71 32.70252816474
7.72 48.2997328953753
7.73 67.4805139693442
7.74 38.3438559072499
7.75 38.3536224279622
7.76 51.6627512533983
7.77 57.0920857887493
7.78 34.3788432179813
7.79 31.397378153548
7.8 48.0386081003262
7.81 60.4904476788935
7.82 32.9761619979419
7.83 56.879819006258
7.84 42.2731517018094
7.85 44.9811515778593
7.86 50.7847742740985
7.87 50.3166434986764
7.88 43.8475871867479
7.89 37.772036577486
7.9 44.2031151516416
7.91 53.2823066251685
7.92 37.6692564263181
7.93 38.7395214013711
7.94 63.6474092936712
7.95 46.6648921296634
7.96 45.9684939205469
7.97 35.2578911442047
7.98 45.1013033461999
7.99 54.7898974295832
8 48.2782811644256
8.01 42.6285756471911
8.02 40.7659425683406
8.03 49.4757606981062
8.04 28.310342622691
8.05 50.8590281185566
8.06 48.2867959808755
8.07 53.2399296879824
8.08 28.8642266145538
8.09 39.6049138926838
8.1 47.6484355470259
8.11 26.3830680516783
8.12 44.6909410793155
8.13 33.7721732471057
8.14 45.1333431145416
8.15 28.4628388528258
8.16 34.5465123704136
8.17 53.9947391193708
8.18 38.1662860417799
8.19 45.0422776196678
8.2 49.6192857836164
8.21 51.8387324219263
8.22 35.8261682927714
8.23 54.6715973323974
8.24 40.8378933770499
8.25 39.1845766352252
8.26 56.9911372063284
8.27 33.5587662713684
8.28 53.2880668513396
8.29 47.6661197409643
8.3 39.0229455874745
8.31 38.5360427643521
8.32 48.9432364788646
8.33 44.580901884338
8.34 43.7844152755933
8.35 43.345210697851
8.36 45.6103043781783
8.37 43.9080759125397
8.38 45.0343840355353
8.39 40.2168018980771
8.4 35.0393215433114
8.41 54.8672696803936
8.42 41.2650134085826
8.43 24.8281430528953
8.44 50.456215604145
8.45 47.69530279526
8.46 51.1823827864201
8.47 23.2164048399591
8.48 50.3516883023421
8.49 39.6765247340576
8.5 45.1114777951837
8.51 54.2353079899356
8.52 73.2382201820709
8.53 43.6219581493987
8.54 38.3131916907889
8.55 43.2173992274244
8.56 60.7020192141559
8.57 66.4523400770305
8.58 49.8795061370764
8.59 24.2319488096034
8.6 35.2999433889595
8.61 44.629300585252
8.62 36.0297839330772
8.63 38.502209343397
8.64 38.81410435022
8.65 55.4159673827067
8.66 32.1887749511268
8.67 47.1825869450493
8.68 51.0237366988262
8.69 50.172270978013
8.7 47.1487871320705
8.71 62.6729742692805
8.72 64.2982267251312
8.73 46.42328809434
8.74 47.6466647696336
8.75 43.1374774612638
8.76 42.8925383489288
8.77 55.410398064519
8.78 56.0071933120568
8.79 55.6336175588738
8.8 58.343050618267
8.81 27.7675284013814
8.82 52.6896983846845
8.83 53.3974130874871
8.84 49.822262233312
8.85 41.8100184955918
8.86 54.4139223623453
8.87 64.0469383002214
8.88 36.0444626502587
8.89 38.5986911685622
8.9 59.378953548771
8.91 33.6076603378577
8.92 43.0644605334834
8.93 42.2312528053731
8.94 37.1160215317648
8.95 60.7648959961226
8.96 42.2799222610115
8.97 66.5419361065212
8.98 49.5498304830162
8.99 61.5392659803826
9 46.0039601796939
9.01 49.0918621887535
9.02 45.9989116638003
9.03 44.6360444749878
9.04 52.7472199629931
9.05 48.6117661959991
9.06 35.2732080335166
9.07 47.9958453097501
9.08 59.5175524768624
9.09 53.0893075394193
9.1 60.6601395284913
9.11 44.4378821015821
9.12 57.542360598489
9.13 52.7483068408937
9.14 59.4600413993068
9.15 67.0637352390051
9.16 46.7252898670444
9.17 34.448859262577
9.18 31.1692610310224
9.19 61.1925723699896
9.2 30.9502929864086
9.21 50.1424210634235
9.22 45.4032650366529
9.23 23.2263379411905
9.24 59.0593446811114
9.25 55.5682691551066
9.26 59.9732392896576
9.27 44.1992805615659
9.28 49.2468000260396
9.29 52.2153134412408
9.3 55.77547913209
9.31 67.2648271595084
9.32 54.3407754237513
9.33 59.3834016269132
9.34 71.9021253555144
9.35 58.4922556397266
9.36 61.8340177498504
9.37 52.6820915710276
9.38 66.0974174432334
9.39 50.9834952187114
9.4 50.7527567269147
9.41 64.2699718379305
9.42 48.9073151466586
9.43 58.3472851451489
9.44 36.7634760329755
9.45 31.9009039620038
9.46 59.605797952019
9.47 33.0384185307941
9.48 51.4452319537709
9.49 45.3014039112991
9.5 42.2383714649547
9.51 47.0521583730232
9.52 32.0102165071949
9.53 34.4212148293079
9.54 51.3412060818298
9.55 46.6464604719693
9.56 59.5223454847362
9.57 32.5131411298787
9.58 47.6987985325586
9.59 51.0391214109804
9.6 38.4803401345873
9.61 35.181676365702
9.62 54.2025000458994
9.63 59.4889919355119
9.64 54.1735868276014
9.65 60.1645039051668
9.66 60.2125407432441
9.67 57.4591151916616
9.68 43.5645548871519
9.69 57.5460460233942
9.7 50.8356662545551
9.71 41.6261464122498
9.72 67.5368902467551
9.73 60.3100003480157
9.74 53.718380504219
9.75 48.5551814794549
9.76 48.3665534864253
9.77 60.4383195825451
9.78 67.1548697388119
9.79 53.8179929974692
9.8 64.9566704504726
9.81 46.7693245463794
9.82 59.7635674538208
9.83 62.2757872053317
9.84 62.8250798170953
9.85 49.1262627964721
9.86 42.9392083655868
9.87 47.0563353092281
9.88 59.4132685586901
9.89 36.4104566980899
9.9 63.3250606668985
9.91 72.1851245813131
9.92 49.6540122060151
9.93 57.596520464938
9.94 53.7750584414251
9.95 43.9198168235393
9.96 48.903068160787
9.97 71.0594053946032
9.98 49.0054819448332
9.99 24.8700090922504
10 57.636757580286
