0.01 14.2449955670357
0.02 19.7763214015084
0.03 6.12478048740943
0.04 16.7726062271316
0.05 11.8500562845109
0.06 -3.54411858193581
0.07 8.45881348502152
0.08 20.5657509320554
0.09 3.54802036415046
0.1 9.50845894804191
0.11 7.32655127445621
0.12 -0.0448659911534275
0.13 4.21388158600848
0.14 0.525086995228258
0.15 22.948363890571
0.16 14.4974145260138
0.17 -1.43091623752846
0.18 2.13046546757796
0.19 -7.18739763081625
0.2 11.9855558452357
0.21 10.1016997565979
0.22 10.5368411574375
0.23 21.8238653098396
0.24 20.1223146144229
0.25 -0.833744259120126
0.26 0.0428410805766211
0.27 7.56265547182728
0.28 3.92051787657151
0.29 12.6081311417163
0.3 18.0458440523949
0.31 0.219377063116472
0.32 17.9063367265462
0.33 13.012147195025
0.34 8.33345882845925
0.35 17.8798909187542
0.36 15.1838445070532
0.37 7.64312409183412
0.38 1.88523830610774
0.39 11.100641587721
0.4 7.45374741698173
0.41 7.78559222052215
0.42 22.2392597292197
0.43 12.1844781455738
0.44 14.4750589498444
0.45 5.72089337149349
0.46 -3.32543545943877
0.47 9.43509211231668
0.48 -4.31450224538387
0.49 19.5046669864153
0.5 -4.05351627683104
0.51 17.701374127456
0.52 3.14539169932853
0.53 23.7469521066523
0.54 14.3423114261881
0.55 15.032369436216
0.56 1.35751545269323
0.57 8.33612299131798
0.58 7.11557680756815
0.59 -0.0576310501531712
0.6 2.93686323210075
0.61 12.6662654599123
0.62 10.8088508210837
0.63 25.8170950808779
0.64 35.1528004139852
0.65 23.6984762310664
0.66 25.008024423998
0.67 -0.493463976827686
0.68 18.4226394068806
0.69 -1.2940896299331
0.7 -13.2355500100005
0.71 35.161306666688
0.72 5.40413197198028
0.73 1.40341532782029
0.74 25.6522861734365
0.75 6.0949744999845
0.76 14.9856901154179
0.77 26.1790526379401
0.78 6.58369456024189
0.79 18.5632191064962
0.8 21.1214786612922
0.81 7.83459202161782
0.82 4.66674335580334
0.83 -5.94954110230371
0.84 10.3039836986093
0.85 22.3429452510674
0.86 7.77860630250769
0.87 10.9124047310629
0.88 12.1252509121258
0.89 25.5752519526149
0.9 28.2626756751054
0.91 -10.8630402416862
0.92 17.2823140555749
0.93 12.1521755424471
0.94 -3.96500069682528
0.95 9.21031398922559
0.96 19.0925641203049
0.97 2.86624031548749
0.98 17.2217027672273
0.99 1.85411872393189
1 30.1112132606175
1.01 9.87354508576412
1.02 17.6092084316249
1.03 8.15867507740926
1.04 11.8449057785061
1.05 23.2193749131429
1.06 16.1441570611723
1.07 -5.61906329504935
1.08 -0.634009892049948
1.09 18.746363116049
1.1 -3.78140533185493
1.11 19.3236119708642
1.12 18.6953928519664
1.13 3.20718465560358
1.14 -3.10340595752933
1.15 6.84830837413759
1.16 -8.74394455487023
1.17 23.4462023038966
1.18 9.04198579665354
1.19 17.8460055326214
1.2 7.88128981121202
1.21 -0.679270297276855
1.22 6.75321812748181
1.23 10.9912189681054
1.24 21.0332999166453
1.25 25.9213354572455
1.26 9.59219186328425
1.27 15.874132478175
1.28 16.9305815205099
1.29 20.4042785033096
1.3 22.9791459638773
1.31 14.3424042747375
1.32 3.3326002364778
1.33 31.0652420228861
1.34 16.1952116355975
1.35 18.0061527080267
1.36 9.52496306025647
1.37 2.41782568988706
1.38 25.0922816608045
1.39 9.90516608655184
1.4 9.7531462711876
1.41 22.4871537362406
1.42 23.4041270394135
1.43 10.084582749382
1.44 16.2294187175317
1.45 29.5143843156677
1.46 7.72885619710057
1.47 -9.91924771950229
1.48 2.81681216629821
1.49 2.12075693627638
1.5 5.31772466543199
1.51 2.48211735910042
1.52 19.4419149195019
1.53 -2.97810036437289
1.54 15.5854440747017
1.55 20.0736474116729
1.56 20.8783156280305
1.57 7.67132176705348
1.58 12.0758931972577
1.59 18.3405640271894
1.6 7.82284686185216
1.61 0.240320502415511
1.62 26.3368546914918
1.63 30.1467409419784
1.64 -3.17342640721993
1.65 21.785730435931
1.66 9.15319815211834
1.67 24.2467405766004
1.68 12.647968550213
1.69 14.7169833087582
1.7 29.5905653176906
1.71 2.49475106288425
1.72 -3.75207770021194
1.73 12.6555136225363
1.74 7.27687939139598
1.75 23.67442702401
1.76 14.4813914489247
1.77 9.78187465860288
1.78 21.4153305243913
1.79 11.1600851534778
1.8 -1.10686432979555
1.81 22.4027072702239
1.82 7.55732554518176
1.83 29.939767518877
1.84 8.07585995886011
1.85 17.2221171724736
1.86 -13.1226159233604
1.87 29.3356532526027
1.88 31.1428646966633
1.89 34.2847322061197
1.9 15.7517333403307
1.91 18.4363781175074
1.92 21.2360468266208
1.93 12.1698217102862
1.94 24.8687400329635
1.95 20.6230252299189
1.96 11.6490380483708
1.97 5.50212739521627
1.98 13.2383861355957
1.99 18.6242524944808
2 6.35140855904705
2.01 12.4815828467288
2.02 10.1711456829017
2.03 18.7005265342167
2.04 14.3208170242392
2.05 -0.816447396342827
2.06 19.6175782464318
2.07 26.8635068770382
2.08 22.5564093960601
2.09 25.728365728149
2.1 14.0762177395217
2.11 17.3645891939468
2.12 19.1830667550083
2.13 12.0887128377026
2.14 29.8201829011289
2.15 20.495401500663
2.16 -4.02149641636226
2.17 23.0372505936163
2.18 8.92500492718107
2.19 6.60351448678625
2.2 -6.67450973120259
2.21 17.2183395099894
2.22 31.742546300679
2.23 13.3461865050498
2.24 28.4077956667924
2.25 15.3749951447748
2.26 19.6338772896201
2.27 10.7921501480032
2.28 2.58214658466617
2.29 11.1537316551276
2.3 20.2139021710054
2.31 29.0006239821695
2.32 29.9009185594785
2.33 -4.03003419549173
2.34 16.7858128216209
2.35 29.5451668706407
2.36 26.7672471806719
2.37 21.2290555943154
2.38 37.5507337688445
2.39 22.3143874100814
2.4 11.8014730141013
2.41 18.9692051490303
2.42 8.04153980779194
2.43 15.3737777416511
2.44 34.0310324239863
2.45 37.5449834607198
2.46 32.9614030851387
2.47 9.3597279881744
2.48 15.7532807382928
2.49 9.6139337231344
2.5 13.5315838569697
2.51 4.68899271808051
2.52 17.5452630401454
2.53 31.9069739340972
2.54 -4.12770317079578
2.55 38.5286092937657
2.56 17.3074740393986
2.57 1.98174684462001
2.58 9.3402728686012
2.59 21.0806656866062
2.6 34.840078026165
2.61 33.9560999372241
2.62 13.7102558654732
2.63 8.40981755122262
2.64 1.06409894975412
2.65 31.4182615620094
2.66 25.9442030562675
2.67 22.66758318475
2.68 2.98692928134909
2.69 24.0200621733079
2.7 5.54415867686576
2.71 17.9245249080231
2.72 23.0430364233998
2.73 8.38540548607719
2.74 21.8263786674295
2.75 30.4617709179206
2.76 31.8803938729346
2.77 -0.205253448104155
2.78 3.71618268131318
2.79 25.034383135608
2.8 8.70104314418286
2.81 19.1736699430755
2.82 21.2996927341749
2.83 15.7703690333821
2.84 20.8445297026522
2.85 17.5600382142139
2.86 11.9478409020955
2.87 23.8728337607473
2.88 19.2211116024792
2.89 12.4096855178416
2.9 31.7862132876491
2.91 43.440324890963
2.92 22.2015575697004
2.93 17.9786572963875
2.94 23.7520168770137
2.95 26.4569841217203
2.96 16.4122060616102
2.97 24.0358699794036
2.98 18.2540271210937
2.99 19.5774087254251
3 36.5105920609633
3.01 18.3351248426068
3.02 27.7747844145618
3.03 24.8224281969512
3.04 21.0637280573118
3.05 31.0256416537955
3.06 7.20738974222002
3.07 20.6619934101748
3.08 30.8914324298129
3.09 28.3474514540799
3.1 25.7435849950408
3.11 17.5499306508169
3.12 35.4197590430412
3.13 32.6291191401113
3.14 17.0286403368365
3.15 18.9759682936154
3.16 13.8033826426224
3.17 45.5725486723477
3.18 8.10820789568398
3.19 17.3309595452572
3.2 15.2156649742078
3.21 24.5452788554537
3.22 21.6455990685326
3.23 18.9175768595925
3.24 21.866424172022
3.25 9.9529406673377
3.26 23.5743713984428
3.27 19.7012806801249
3.28 15.0353518370012
3.29 13.0175951876367
3.3 21.0656919705948
3.31 17.7648074437998
3.32 30.9491766945003
3.33 21.2145273917633
3.34 37.2139388732179
3.35 4.05867594763797
3.36 10.505055968964
3.37 24.7160773946086
3.38 14.5676297277981
3.39 28.4720945376483
3.4 22.6731413975156
3.41 18.6578470914413
3.42 17.6653848797234
3.43 25.2275361132554
3.44 25.0672991173182
3.45 22.3298143902053
3.46 16.9780569914274
3.47 22.4215711384242
3.48 43.2726251225191
3.49 8.88138266421112
3.5 28.4458476371709
3.51 30.8359561768018
3.52 34.0802735763331
3.53 13.7702635626541
3.54 7.14132421896919
3.55 23.0777975058769
3.56 26.904837301532
3.57 35.4336255730063
3.58 4.4591910938647
3.59 6.94702923428456
3.6 15.6985182198533
3.61 11.338762415703
3.62 -1.31066598551993
3.63 27.4340171389078
3.64 24.4228606443995
3.65 27.2231889700703
3.66 45.4325805609833
3.67 18.9740859343445
3.68 7.42831083472998
3.69 35.9256764052458
3.7 28.9165786343091
3.71 26.9911695148708
3.72 35.8994332919049
3.73 35.1863286085845
3.74 30.7546181216962
3.75 29.2034218561667
3.76 26.1567871065908
3.77 22.1269386278891
3.78 23.8604118235384
3.79 23.6426289191062
3.8 9.90526307692518
3.81 17.7832300073892
3.82 26.4807264035764
3.83 7.91099172128138
3.84 38.7954822621869
3.85 6.2103005708531
3.86 38.5211293447061
3.87 16.7661067653714
3.88 20.422772944086
3.89 24.8997961932385
3.9 18.9123014616492
3.91 10.7388311337105
3.92 28.33769184973
3.93 29.8868330368524
3.94 8.84050339902867
3.95 29.4801054130737
3.96 26.1626442229275
3.97 15.6767355280187
3.98 14.6150041708562
3.99 22.9283099473636
4 41.6372744603422
4.01 13.8874682153829
4.02 13.4347660380863
4.03 25.7978331002585
4.04 35.4497333922979
4.05 27.1995832354791
4.06 28.4701702215627
4.07 21.7375077535387
4.08 33.5813461665447
4.09 28.1954704546232
4.1 26.4103220643774
4.11 31.614412030856
4.12 8.67940932860087
4.13 11.9683024773813
4.14 22.1387715498448
4.15 44.6014443203827
4.16 25.983505102783
4.17 17.7210178257739
4.18 27.1154781327457
4.19 33.6697841993869
4.2 16.5529737367342
4.21 18.2745310190512
4.22 21.701709450906
4.23 16.0405294241032
4.24 26.1469171088243
4.25 34.8702943087124
4.26 8.87898092531903
4.27 27.5369371789279
4.28 14.7748291467983
4.29 27.5769892255981
4.3 36.0936004385877
4.31 31.1783491475667
4.32 35.6581435032019
4.33 38.400689297886
4.34 33.4444041719579
4.35 28.8080565598488
4.36 37.9909239254237
4.37 50.5633605999944
4.38 25.9295736770455
4.39 26.8410997110742
4.4 26.0339944652728
4.41 12.4769909297955
4.42 30.4386311644574
4.43 15.144886305354
4.44 24.9808879647349
4.45 13.3411885061172
4.46 14.7745664978773
4.47 23.8457322993744
4.48 31.0724948180051
4.49 35.278561681325
4.5 15.1472361033806
4.51 27.2103235605209
4.52 33.3960079367697
4.53 39.2049832071093
4.54 46.5477102687124
4.55 26.8407055953953
4.56 47.5315501088362
4.57 26.8229929764187
4.58 26.0924217069126
4.59 40.1475556170644
4.6 42.3062336884587
4.61 25.049375900551
4.62 40.8815089902323
4.63 22.127946936314
4.64 10.547831647269
4.65 22.1285919351078
4.66 30.6350847549805
4.67 13.8751805127757
4.68 15.0780321553308
4.69 31.7574200364267
4.7 45.5496697790936
4.71 19.8631497713158
4.72 11.7113288068158
4.73 21.5713108820334
4.74 27.715385793676
4.75 22.1095095760041
4.76 37.228178768218
4.77 39.1694037391704
4.78 24.4347769242236
4.79 27.9050941631484
4.8 37.4300055263163
4.81 15.1789413831293
4.82 21.800853186917
4.83 46.6959838588472
4.84 23.1912802264785
4.85 54.6728177879651
4.86 38.2516690999246
4.87 23.3769689651832
4.88 34.2137265467706
4.89 23.7681585400822
4.9 33.7187756165
4.91 21.2193789122976
4.92 27.5526604312502
4.93 27.3709225406739
4.94 66.2865598609937
4.95 41.5004894045807
4.96 30.4756661245395
4.97 30.0140997382347
4.98 36.8171656423035
4.99 43.5867013355892
5 21.820413500482
5.01 15.8053465637818
5.02 36.1724650634535
5.03 16.6142748958158
5.04 38.6955794423845
5.05 15.9094901232348
5.06 37.2716971265545
5.07 26.2257248236088
5.08 38.5964567070968
5.09 10.48796242248
5.1 29.9380084246083
5.11 20.5403816868315
5.12 25.993633612071
5.13 47.1426377390369
5.14 15.7768114379512
5.15 25.8842395693534
5.16 19.7758666853883
5.17 25.4701612101189
5.18 46.1196504108892
5.19 29.5407829205205
5.2 33.8995761725833
5.21 45.0285451553389
5.22 32.148227030285
5.23 27.0258710746784
5.24 44.5938651441656
5.25 28.9953329738901
5.26 36.6353149392918
5.27 23.6477602602895
5.28 36.9409657263732
5.29 32.6654088151546
5.3 35.8031498838457
5.31 16.2563437186377
5.32 44.3449351821248
5.33 26.3531737993597
5.34 35.9286199582676
5.35 21.4020934840105
5.36 30.5169796187029
5.37 30.1780045458903
5.38 42.2595558297733
5.39 23.2246959292404
5.4 31.4804424682623
5.41 45.7948225093164
5.42 36.5806195044272
5.43 29.1318085514746
5.44 28.9544044342243
5.45 25.9221712557304
5.46 27.3698012742205
5.47 33.2459753779403
5.48 22.1434984291871
5.49 17.3312828590525
5.5 34.6958065433362
5.51 49.3580792921016
5.52 12.8337505677163
5.53 12.8599869834037
5.54 24.0880234781476
5.55 21.4947322619005
5.56 25.4762600206932
5.57 21.4953830480735
5.58 32.3462043181542
5.59 44.7285055951979
5.6 34.3218509814224
5.61 44.8998699426014
5.62 45.8854899864237
5.63 33.2497607344498
5.64 35.3565905390011
5.65 45.0752004533721
5.66 33.5418076248842
5.67 21.1758463785603
5.68 16.6638117293234
5.69 37.6329348672982
5.7 37.7525124086588
5.71 10.0957656312275
5.72 28.7911857895873
5.73 40.3550021115832
5.74 37.0433423271176
5.75 43.5186242698702
5.76 29.5256198199511
5.77 49.9881538987675
5.78 38.5011438564217
5.79 30.1919303593783
5.8 32.0484820441034
5.81 30.4369923443656
5.82 22.2894190724054
5.83 48.2464866101319
5.84 41.0294610259652
5.85 7.98855126266194
5.86 32.4911913118158
5.87 31.2770168169249
5.88 20.3968755448459
5.89 39.9723013013972
5.9 16.8328217650032
5.91 37.1150260205336
5.92 42.4144255850958
5.93 49.35551923355
5.94 48.5419090555368
5.95 37.7878230474259
5.96 44.7745813675741
5.97 46.5682813910712
5.98 36.6644286014683
5.99 27.018832437758
6 23.1435784522644
6.01 30.4488622974918
6.02 26.4127127728726
6.03 35.8088215225999
6.04 42.2761168822678
6.05 17.0343587153452
6.06 41.5874253828239
6.07 36.7175265200549
6.08 47.9698571855659
6.09 26.7412159295703
6.1 31.3705246413761
6.11 55.1425664996662
6.12 30.3705389420045
6.13 26.4057913447527
6.14 33.8331608767934
6.15 29.0321805155478
6.16 42.5570265327989
6.17 33.5673208259566
6.18 28.9959218401705
6.19 43.3354293315234
6.2 31.1540572507266
6.21 29.6907058994979
6.22 28.6140407697354
6.23 38.9553930541239
6.24 51.0148736881655
6.25 31.7123296890629
6.26 37.3484577400642
6.27 26.6879543467159
6.28 20.3550874614383
6.29 42.3176711407067
6.3 50.3749764267355
6.31 44.1854904456021
6.32 38.7168537343003
6.33 32.0773700821063
6.34 31.1244832368556
6.35 41.8752889316299
6.36 28.7350466269886
6.37 33.9375977369138
6.38 39.8027415360529
6.39 42.557024588515
6.4 31.1033542684627
6.41 35.7970339604971
6.42 17.0371192180833
6.43 40.3774406931782
6.44 36.4219660256576
6.45 43.3339605813648
6.46 26.3271556399657
6.47 38.226632860761
6.48 51.5301552555175
6.49 56.2328775511667
6.5 45.6179037781206
6.51 36.4547161763623
6.52 26.6162910397369
6.53 42.7155792504898
6.54 22.6144348992247
6.55 40.8575976344649
6.56 44.1852195676756
6.57 15.9287031480459
6.58 40.6613343572215
6.59 36.1603176647673
6.6 38.9176980608713
6.61 38.0361156350625
6.62 50.7941824458624
6.63 36.5017729012476
6.64 32.7497835716344
6.65 40.2633308558279
6.66 47.5197036692778
6.67 32.9776662182254
6.68 45.256277829698
6.69 33.239315440201
6.7 37.3660433878903
6.71 43.8537485707208
6.72 37.5336610706116
6.73 43.9752557669112
6.74 47.3605605905236
6.75 20.2248902748099
6.76 26.4101262463656
6.77 40.6587429807986
6.78 50.069521615165
6.79 27.2768383941587
6.8 39.1077008133155
6.81 55.6918283649953
6.82 18.610216209891
6.83 20.5058250266732
6.84 44.2049293504586
6.85 41.2182953212097
6.86 28.485862901817
6.87 36.5415410390092
6.88 53.8399211180776
6.89 34.5229434408472
6.9 53.6483956880906
6.91 35.44898804909
6.92 37.6642446137446
6.93 37.9999633195588
6.94 43.7325747354869
6.95 44.9824640369248
6.96 32.3051886554188
6.97 32.6947827238057
6.98 38.7711029146865
6.99 51.1479641258974
7 55.6106251060724
7.01 41.5688179724274
7.02 32.0538719372754
7.03 40.7446754607355
7.04 34.5999302396733
7.05 40.3327290281861
7.06 32.8048640309886
7.07 39.0020241810255
7.08 46.7750339127876
7.09 35.9427160583531
7.1 41.2723007903873
7.11 30.1967855857055
7.12 45.1538185008729
7.13 36.592352245297
7.14 43.6975068960149
7.15 41.0399045699493
7.16 28.8145080053544
7.17 46.7491621475751
7.18 43.5096915664942
7.19 29.648048401541
7.2 52.1699016191602
7.21 42.275486831776
7.22 38.247147676256
7.23 48.5042550947284
7.24 17.8633538345188
7.25 54.1247158943548
7.26 41.6003976395056
7.27 39.419377880646
7.28 40.235004577901
7.29 52.5093992606927
7.3 38.7263562406841
7.31 43.1414508376724
7.32 32.9426204649261
7.33 35.068111367348
7.34 35.497433871275
7.35 42.4770179653849
7.36 40.7836561972862
7.37 53.6669743144943
7.38 39.0663225665009
7.39 36.7858789488745
7.4 26.7250758081151
7.41 41.0316145721377
7.42 35.8412760580985
7.43 45.1674608661264
7.44 43.3590405651604
7.45 24.5095150280848
7.46 52.2773042056238
7.47 57.3042476642079
7.48 72.6031657688301
7.49 23.9428258694229
7.5 60.7312613163411
7.51 58.2636570499145
7.52 36.6369034637692
7.53 51.8984651512829
7.54 40.4478993108379
7.55 54.9615596947611
7.56 51.7271625264088
7.57 45.9634466289979
7.58 42.9943254454242
7.59 49.9879409151886
7.6 2.96177059466117
7.61 43.2097870360906
7.62 42.124692681468
7.63 48.7001456269419
7.64 41.3131382637304
7.65 28.0802833417972
7.66 38.0034676832457
7.67 43.5866643157596
7.68 41.0281705334961
7.69 50.0250657091566
7.7 34.8364734987056
7.71 62.2158875846529
7.72 30.7837777877143
7.73 67.1426961231153
7.74 26.6154679156277
7.75 46.2369985016731
7.76 42.1642869469739
7.77 52.2319871703711
7.78 48.4393429448226
7.79 57.8148535492653
7.8 16.2046137081738
7.81 46.907412753245
7.82 40.9831680584731
7.83 54.3181748756937
7.84 29.0335267162144
7.85 52.6599230459061
7.86 46.7794459910032
7.87 42.616547460684
7.88 43.0356352759471
7.89 41.5640344068526
7.9 28.1592739550949
7.91 43.8414396007335
7.92 52.3671479022692
7.93 41.5577441638968
7.94 21.3779235068723
7.95 49.2856728793947
7.96 39.824019735325
7.97 35.3373327284133
7.98 37.7919881398095
7.99 23.325975745435
8 32.1452922414141
8.01 34.9483828342056
8.02 34.4716164314512
8.03 48.4687275628562
8.04 43.9286434610367
8.05 46.6153807078153
8.06 43.0393126457882
8.07 53.2052968930792
8.08 36.646937765644
8.09 45.7396002745424
8.1 39.812057069739
8.11 46.3692449017161
8.12 44.0509884144924
8.13 26.9236442036096
8.14 56.4534865383409
8.15 37.0167473546735
8.16 49.4552996368999
8.17 28.6805147226402
8.18 45.6633062265964
8.19 33.6917350088863
8.2 58.8699471884825
8.21 55.6196420374612
8.22 56.2185383914993
8.23 46.8318283141539
8.24 51.4292169347326
8.25 60.3907639915983
8.26 54.7315578926749
8.27 35.0408257487019
8.28 39.7628225750836
8.29 38.6223460613033
8.3 29.2839913131123
8.31 44.1914181102017
8.32 31.0282664575609
8.33 34.2908922302265
8.34 44.2643297178921
8.35 48.7924692137902
8.36 42.8021963344832
8.37 34.3769891703638
8.38 42.4694097410562
8.39 57.2249569607119
8.4 28.8755697157179
8.41 36.5845845657876
8.42 41.8986955306338
8.43 35.8746814191598
8.44 44.643798718672
8.45 47.7021152711317
8.46 45.339642739915
8.47 46.0294771590082
8.48 64.0930854018273
8.49 43.6686348336999
8.5 43.3135826530875
8.51 31.8899220465088
8.52 54.7325978005343
8.53 44.9370709278316
8.54 55.7669769967516
8.55 42.5029288222003
8.56 54.8015331438183
8.57 63.4468073416758
8.58 23.5452399676957
8.59 47.0760522276429
8.6 41.4805002869104
8.61 59.0178664101579
8.62 34.6788958583034
8.63 44.3583831216885
8.64 41.5786903206994
8.65 55.7632663540952
8.66 34.6608872021154
8.67 67.6590464298694
8.68 65.4089805586354
8.69 42.0500385098185
8.7 32.6193941758363
8.71 41.260494746126
8.72 50.0023738589909
8.73 66.9424143917595
8.74 55.8582586255567
8.75 54.4795546759879
8.76 50.4123722954356
8.77 52.9031327319446
8.78 60.983592580685
8.79 37.1308301174499
8.8 52.524317850401
8.81 50.2450639396869
8.82 45.6354293802516
8.83 56.3047518640246
8.84 37.1251354543311
8.85 70.7820557596737
8.86 65.1647238518568
8.87 42.999265507044
8.88 39.7070260325951
8.89 52.9546816519592
8.9 33.6983514658667
8.91 54.7338491463528
8.92 66.5824946656048
8.93 53.5651586044643
8.94 29.1807864529364
8.95 53.8322941933866
8.96 43.266259146003
8.97 65.8646587129164
8.98 67.5634151599744
8.99 52.0067586224205
9 60.415383187523
9.01 33.6020161945294
9.02 54.1171633093305
9.03 40.2336070229555
9.04 60.5292688393222
9.05 30.5403336779254
9.06 63.0478829285408
9.07 48.1610527746601
9.08 50.1506602134377
9.09 47.7526360495427
9.1 40.8592720463505
9.11 24.49991293923
9.12 30.9068244048856
9.13 59.9940898578745
9.14 78.693995720298
9.15 46.638036770291
9.16 43.470178280295
9.17 46.329725627499
9.18 62.3509206766401
9.19 75.8755995940319
9.2 60.7965232072298
9.21 62.6709651857273
9.22 55.0709750054064
9.23 57.9406263849297
9.24 66.8747821944229
9.25 53.3721125456898
9.26 47.6219071972585
9.27 30.7985272476459
9.28 44.1094186266262
9.29 68.7562993841388
9.3 41.3151099996571
9.31 80.9033049740994
9.32 56.0778178080417
9.33 58.4785950854197
9.34 47.6356155797713
9.35 58.1376361594303
9.36 55.2737974905961
9.37 47.0391023590928
9.38 52.0208904506404
9.39 57.4555710053997
9.4 53.9376627492441
9.41 50.8135143560164
9.42 39.0999684446968
9.43 70.3145771782299
9.44 51.698397563038
9.45 57.608054411864
9.46 44.1288855318792
9.47 50.926358869067
9.48 34.4653671514767
9.49 70.7014297709571
9.5 73.874938296769
9.51 50.8311999642936
9.52 58.024124275405
9.53 43.0443902010093
9.54 37.5450432869171
9.55 46.9806847384522
9.56 41.1493715643292
9.57 57.7955185205489
9.58 49.9000459151197
9.59 33.9296560287043
9.6 34.5916523100959
9.61 42.2179804111618
9.62 50.3576216388126
9.63 62.3974718107591
9.64 55.7106863770479
9.65 42.3916660046117
9.66 64.2405179420982
9.67 40.6298760128415
9.68 43.0557464217895
9.69 65.7251488820589
9.7 38.7561197862533
9.71 46.3673462422153
9.72 55.114093786773
9.73 49.1984933780289
9.74 51.7380262218935
9.75 65.7755355127253
9.76 52.6630154460455
9.77 50.9543777497321
9.78 43.4089194219528
9.79 50.4110155363083
9.8 61.4587152361993
9.81 46.4758112566212
9.82 52.981162579672
9.83 55.3038217768501
9.84 47.1242007204538
9.85 51.0324258370234
9.86 58.2673989430001
9.87 42.4763814648301
9.88 34.5901472181436
9.89 58.3236879969738
9.9 61.9188068490126
9.91 57.7809451392747
9.92 45.0793824089505
9.93 72.752288070409
9.94 35.279789657204
9.95 66.6897869617234
9.96 47.6598430163711
9.97 42.1977764859515
9.98 68.5710269745858
9.99 70.5547720483538
10 70.5924256357258
