0.01 16.4658499536656
0.02 4.34111252129807
0.03 17.9694888753474
0.04 -4.02627790258394
0.05 9.80948791865738
0.06 11.9533190472055
0.07 -10.6289697361907
0.08 -10.8052892397123
0.09 10.6132879511299
0.1 2.59795133282549
0.11 0.634287722097813
0.12 8.80388178909514
0.13 24.8201889916085
0.14 10.6868786808624
0.15 21.5463228094831
0.16 7.64460545185835
0.17 -2.36148828419731
0.18 14.7833606812646
0.19 8.71974879738814
0.2 -5.29537189994993
0.21 15.7234602477318
0.22 26.6533941817003
0.23 31.9589082154432
0.24 7.21257140813542
0.25 -10.1394045968055
0.26 -6.29855162442887
0.27 13.6998957527078
0.28 -13.060681635041
0.29 1.10473664885519
0.3 -1.76962317662917
0.31 -1.95448380267002
0.32 8.68945097712534
0.33 14.4313900790273
0.34 7.85971140233586
0.35 -6.30195486119501
0.36 6.58581248967653
0.37 11.05784723613
0.38 7.03543331478042
0.39 15.1753115691291
0.4 16.8664898642919
0.41 -6.53445375890653
0.42 12.4562513967642
0.43 3.4029710779053
0.44 20.6567123381541
0.45 1.80392660439854
0.46 19.1695881425055
0.47 5.24168259592556
0.48 15.1482464448151
0.49 19.9713133014178
0.5 -4.87974689550556
0.51 -0.477798332265083
0.52 1.85952308687054
0.53 31.1950959772175
0.54 15.433020223879
0.55 0.298208866702362
0.56 20.1941574201017
0.57 2.76734890016097
0.58 6.59899768902683
0.59 -3.27799506868042
0.6 10.4875898628072
0.61 24.1229313534477
0.62 14.1359460146232
0.63 2.14745842956886
0.64 -2.47531992667412
0.65 1.84325376030549
0.66 -6.96201790332225
0.67 6.58948800392506
0.68 7.95133110697438
0.69 -1.55125557734534
0.7 6.28687123252041
0.71 10.3669008520826
0.72 6.83826620438113
0.73 13.9050072051948
0.74 3.26353349634801
0.75 -3.77149631282028
0.76 10.9615411414534
0.77 5.37747623890247
0.78 14.5659951699326
0.79 29.9429771043945
0.8 23.381157099709
0.81 -1.06289183992983
0.82 4.40122647293197
0.83 1.18192113446477
0.84 13.4090720716048
0.85 15.3615159453903
0.86 27.6958369382416
0.87 3.9026926558028
0.88 7.04086359457979
0.89 8.30088672999566
0.9 15.890153418527
0.91 -7.45739267552743
0.92 -1.59396803658425
0.93 5.88073010045193
0.94 14.6353144203281
0.95 8.94366720120514
0.96 9.79301384438526
0.97 0.688212301561549
0.98 -1.49845687983386
0.99 21.2591427984171
1 -6.2438833527722
1.01 23.7958105624918
1.02 12.5427652202431
1.03 3.86452113644938
1.04 26.323715457047
1.05 -3.93954721879196
1.06 31.0707048836026
1.07 5.02663988787423
1.08 11.8767976830844
1.09 13.3004206644911
1.1 4.77739158348925
1.11 25.0194409417585
1.12 1.20521875272985
1.13 13.4116900854179
1.14 4.05711820273701
1.15 -5.73440529856782
1.16 7.60940108202805
1.17 24.7251494902778
1.18 8.56966860427997
1.19 9.55215629887101
1.2 21.044130585024
1.21 -0.216444183824976
1.22 17.7060546040683
1.23 13.9078731189027
1.24 32.9975989320142
1.25 17.7846859206624
1.26 9.70607618957862
1.27 27.7928361669249
1.28 14.1750995906247
1.29 14.0956197114632
1.3 3.91945304888033
1.31 -3.58224136593069
1.32 -0.640901473141689
1.33 0.112610129218005
1.34 1.48302562945339
1.35 -5.74532583400722
1.36 14.8145005717888
1.37 7.50315419643491
1.38 20.4227954774191
1.39 17.4051963700173
1.4 12.3196569673948
1.41 22.3266139759202
1.42 17.0431213219791
1.43 16.8816798348035
1.44 9.79617920917099
1.45 0.940112917693883
1.46 6.497280912029
1.47 9.23213700956403
1.48 -3.75511972005864
1.49 23.0479484924346
1.5 20.0373230628433
1.51 0.921777715353709
1.52 0.356148483104513
1.53 21.1789472852182
1.54 18.1451405930498
1.55 18.4277127211026
1.56 21.3061339036695
1.57 21.0489801837494
1.58 8.58315852370759
1.59 27.9807731689926
1.6 12.9183441840109
1.61 23.3055279762495
1.62 9.23758813985139
1.63 16.0662923333457
1.64 27.614046528517
1.65 21.6448805377187
1.66 -3.87275283678868
1.67 6.96232291864898
1.68 2.13719355797761
1.69 23.4164958924373
1.7 28.8752928816942
1.71 11.1459192753068
1.72 17.3971479692309
1.73 -6.99970655753875
1.74 19.0000554081241
1.75 11.7622411034337
1.76 3.08124904162579
1.77 34.7440288191123
1.78 7.31328155180506
1.79 14.6488787498388
1.8 21.0829877676305
1.81 21.0965054440312
1.82 24.6053303748415
1.83 -9.16886470410828
1.84 15.5630147834477
1.85 18.6575730323425
1.86 36.7405802331388
1.87 9.64242014935534
1.88 25.5858502240461
1.89 10.7552211947329
1.9 33.8745496307222
1.91 7.79089221138184
1.92 12.192249656488
1.93 28.0950283306114
1.94 26.204954900345
1.95 48.8598419015098
1.96 26.4473968707796
1.97 8.68780841732394
1.98 11.1423154505699
1.99 13.7281737732075
2 4.45434105582074
2.01 19.1174659359429
2.02 28.2792211916182
2.03 20.2085857445476
2.04 16.193134884879
2.05 26.3538228221738
2.06 10.1093843003639
2.07 28.0282422189765
2.08 13.3598278576633
2.09 -2.61338926242422
2.1 9.91343795082324
2.11 8.03685623941621
2.12 12.9895051480784
2.13 11.4268074015706
2.14 14.984375802168
2.15 3.62363476434138
2.16 20.1243753663333
2.17 13.0684558758429
2.18 16.9096428105093
2.19 13.3025859815161
2.2 13.6064771698677
2.21 42.3598862086802
2.22 2.41732500975152
2.23 19.9835797022245
2.24 18.0502379398565
2.25 10.6632728728781
2.26 22.5357204681925
2.27 32.635003646668
2.28 7.30094125716924
2.29 11.474077595751
2.3 24.6001893752608
2.31 37.1398981346312
2.32 17.2742466559501
2.33 12.9091786393691
2.34 21.2564604576504
2.35 15.565235745608
2.36 16.4875166106006
2.37 35.7041744675955
2.38 12.7544806677616
2.39 0.801470776072675
2.4 22.756643335299
2.41 -12.1718421295969
2.42 14.4256151352333
2.43 19.8453886976288
2.44 12.9142143391066
2.45 3.46247110144156
2.46 16.5741342694661
2.47 26.1128633320785
2.48 16.838349306528
2.49 24.6870904776976
2.5 35.5157883930538
2.51 23.7894658484355
2.52 25.0462466240329
2.53 17.9426539201146
2.54 20.6894138173646
2.55 26.3688986206328
2.56 26.2070127145049
2.57 19.0226585060385
2.58 14.2758558146144
2.59 12.3202879785167
2.6 6.39562840591005
2.61 23.4278467431092
2.62 11.7926009583669
2.63 23.4057374028943
2.64 17.5116716589689
2.65 23.2692301839028
2.66 5.06474259944283
2.67 25.7185033091309
2.68 39.1807079329698
2.69 17.6032002797571
2.7 21.7808657899516
2.71 21.7457051946936
2.72 19.3196873091427
2.73 6.32723839037449
2.74 32.8530830130814
2.75 1.54410432761994
2.76 9.46305795900842
2.77 3.99171148921408
2.78 25.2636787448118
2.79 23.6861641334084
2.8 11.6087836245693
2.81 11.1379801085988
2.82 48.782828803434
2.83 22.4244975650632
2.84 25.4257385356367
2.85 5.88143223533041
2.86 21.856035410048
2.87 20.7590000416203
2.88 20.0745312188323
2.89 -0.690807648507938
2.9 10.6833762871537
2.91 15.4790369138071
2.92 37.5736105145229
2.93 14.6966197203095
2.94 26.1587135931551
2.95 22.7657332127625
2.96 16.5748362605816
2.97 17.8183046169271
2.98 7.90406444593342
2.99 21.6431500508474
3 23.6397150131653
3.01 13.0178072420696
3.02 21.512210443363
3.03 41.3020393396876
3.04 20.3163585406478
3.05 5.24686233992884
3.06 3.96112218536565
3.07 19.1341793351504
3.08 24.6391229953769
3.09 38.3816549511393
3.1 21.0958686486938
3.11 15.8462395880882
3.12 41.8717107943165
3.13 18.1833290727611
3.14 13.0670956689584
3.15 37.2489996819445
3.16 9.45326775451368
3.17 12.0622375071167
3.18 20.2922232828718
3.19 26.990412183972
3.2 13.6914939747206
3.21 17.9542999532152
3.22 25.1688127868729
3.23 23.5313741331398
3.24 17.0716338198282
3.25 -9.73893134637891
3.26 28.7838588442256
3.27 4.89128247319882
3.28 29.2759732210809
3.29 40.3168703994757
3.3 0.176307187626119
3.31 14.8921754516187
3.32 20.494654120242
3.33 12.5798413551087
3.34 15.4226928049908
3.35 24.7161903546184
3.36 27.1970579425293
3.37 21.5902276959357
3.38 28.6774390636446
3.39 11.3226159864742
3.4 24.7860358547878
3.41 23.7444804435242
3.42 28.773227385417
3.43 11.4501770721675
3.44 44.8391579850801
3.45 37.2665220949245
3.46 15.2012507144031
3.47 22.9996365144782
3.48 26.6918183646775
3.49 38.3617737590285
3.5 10.7769481854717
3.51 21.2927850912221
3.52 11.0800107453748
3.53 37.1674044123934
3.54 14.8780589577762
3.55 20.8332864310709
3.56 18.880132885565
3.57 23.7857850059814
3.58 6.86584983111191
3.59 25.13295696405
3.6 11.8936073952224
3.61 24.8496963615083
3.62 23.8134592300845
3.63 20.621287497377
3.64 8.1459452837314
3.65 29.1725110274494
3.66 20.3351065110224
3.67 38.0297323457604
3.68 14.6254336966245
3.69 17.1629143982538
3.7 20.5322322300767
3.71 18.1503009836127
3.72 10.9909367799684
3.73 22.261354858617
3.74 18.7697451044202
3.75 20.2850021190049
3.76 33.1325232518057
3.77 32.0832898492715
3.78 8.33736971461272
3.79 41.7389175092994
3.8 20.6025823623154
3.81 16.0015006570901
3.82 9.38817570955519
3.83 17.8648285587428
3.84 15.5711911834738
3.85 28.0300406667744
3.86 2.81966739795065
3.87 19.9453809658468
3.88 31.699453584863
3.89 36.0485908534794
3.9 32.2682966455627
3.91 18.3476875492503
3.92 29.2671803927421
3.93 28.1780484356266
3.94 29.9462902669147
3.95 15.4688085055617
3.96 8.96225244900718
3.97 18.1656904763475
3.98 40.5246363441834
3.99 15.057145071786
4 52.8549395365802
4.01 24.4753155966031
4.02 32.6640348319002
4.03 4.99164667711063
4.04 34.3560214575136
4.05 2.6862698814331
4.06 37.2164440368863
4.07 21.8860104106909
4.08 25.5333684482512
4.09 19.0822034102332
4.1 17.8524370602265
4.11 16.1812191068402
4.12 8.39002289608248
4.13 32.0605992194569
4.14 12.5325146955029
4.15 30.5648326129116
4.16 31.0205701192059
4.17 27.8503378815252
4.18 31.5539745122606
4.19 21.2660316950375
4.2 30.5326667016562
4.21 17.9717454149245
4.22 48.1420729431327
4.23 13.7615400736122
4.24 8.53199012460328
4.25 32.2036768836844
4.26 36.5489575599895
4.27 26.0931497601472
4.28 33.7928713195988
4.29 30.4516884771007
4.3 13.8716056799336
4.31 28.7157665801369
4.32 16.6261277312484
4.33 31.1906707683219
4.34 34.1056677222346
4.35 13.0986872273081
4.36 41.1126234887031
4.37 25.9601650967797
4.38 46.4847777199639
4.39 29.5426613796796
4.4 17.8428794639647
4.41 53.7114439672578
4.42 27.6447581650408
4.43 7.64559470154781
4.44 27.7197611384753
4.45 23.2344968516565
4.46 16.1168081412689
4.47 28.5291806428756
4.48 30.5680514464938
4.49 37.2976100773078
4.5 31.8975727070099
4.51 30.5038686722423
4.52 45.1258349946837
4.53 28.5333096092204
4.54 18.9986316434116
4.55 43.1913287569134
4.56 31.7710367941504
4.57 21.5473712753647
4.58 26.5181700762847
4.59 25.9628940432005
4.6 6.0784110403641
4.61 38.9549071630952
4.62 32.5159361521454
4.63 25.3849458873492
4.64 28.6118179559735
4.65 6.37081689924328
4.66 29.0251717175245
4.67 7.72288958751866
4.68 22.0725962910975
4.69 19.3025238028071
4.7 29.3827468097981
4.71 21.6296798242603
4.72 36.4804021925376
4.73 39.8722503859914
4.74 27.9769328003794
4.75 27.608740926519
4.76 20.0381447381451
4.77 31.3004812066027
4.78 35.7756061348999
4.79 15.7291426037491
4.8 29.4453320054395
4.81 9.40019703423781
4.82 36.3714909769743
4.83 48.8054391270645
4.84 26.8583720487745
4.85 35.0941578548205
4.86 32.6738722951055
4.87 36.7501676210026
4.88 38.9188829445535
4.89 19.3683563659406
4.9 29.5369016212824
4.91 15.6736214692008
4.92 20.9601304862635
4.93 34.9176160455543
4.94 46.5598719048429
4.95 21.5133866589136
4.96 15.7529793031572
4.97 15.9129479592507
4.98 23.7314319703232
4.99 28.1754732227616
5 20.1159510335509
5.01 24.4347140473489
5.02 20.1380785665147
5.03 18.8628405869329
5.04 40.9275314797739
5.05 29.4370108884403
5.06 52.508520355507
5.07 25.0972841103439
5.08 18.6456763784895
5.09 47.7628160000086
5.1 42.0225313531226
5.11 18.7852004559223
5.12 34.1750307298848
5.13 27.3915924377678
5.14 20.8817603368801
5.15 33.4765924888884
5.16 29.0749612208767
5.17 36.3849438629351
5.18 30.9720151923311
5.19 32.9029677163624
5.2 38.300224314653
5.21 39.8325467921144
5.22 32.9304832915532
5.23 24.9275674884842
5.24 26.4412941396896
5.25 29.2032810257833
5.26 28.4729653778163
5.27 25.0482469316317
5.28 32.1263330367404
5.29 21.8730541032812
5.3 39.4674961365606
5.31 38.2958388060765
5.32 28.2804348644688
5.33 16.7105927133142
5.34 37.7792795703857
5.35 33.6182058097301
5.36 27.623523835001
5.37 28.7828403433213
5.38 25.7448509545503
5.39 16.2152896814778
5.4 46.0254213231599
5.41 22.798152896118
5.42 26.0624380575503
5.43 53.3055451580166
5.44 17.5007883825176
5.45 33.9282218670834
5.46 34.0648376173706
5.47 36.7943089680825
5.48 26.2328211237496
5.49 29.256686846294
5.5 28.8757296889852
5.51 18.1595050492217
5.52 34.4605439361636
5.53 32.4894752890204
5.54 39.4949153408091
5.55 35.4568149753056
5.56 37.31888732015
5.57 29.5236674552709
5.58 10.1428713122492
5.59 31.3937736282318
5.6 17.4337770932806
5.61 38.7192696429333
5.62 51.5271836704961
5.63 22.3774189392152
5.64 19.8294463551073
5.65 69.7876801464662
5.66 43.0625406220914
5.67 37.926562790672
5.68 40.7807929494805
5.69 41.2693848235778
5.7 38.9713721947909
5.71 40.4726467510618
5.72 30.556926934307
5.73 36.3267095581988
5.74 51.3535075361756
5.75 1.78969103532499
5.76 29.9085048375697
5.77 48.551552302106
5.78 48.4786460153253
5.79 41.8035836880714
5.8 36.3049083605668
5.81 43.2968066485399
5.82 25.7837642452288
5.83 42.5730498488866
5.84 41.6763015203055
5.85 35.1778151347938
5.86 34.3138616109395
5.87 48.5656343819029
5.88 30.6425447629383
5.89 19.4933266538858
5.9 27.4703987631928
5.91 35.8236451603135
5.92 43.5917905802508
5.93 16.4139770660209
5.94 35.7409339275166
5.95 25.7303566897783
5.96 21.997446927692
5.97 11.1076993536639
5.98 30.5610038519381
5.99 35.3063283450929
6 39.5777753825907
6.01 24.9253649955457
6.02 22.778504236574
6.03 36.0085327316438
6.04 12.3250154373419
6.05 33.9164371531442
6.06 37.288025424576
6.07 38.3868875634796
6.08 29.6977712028499
6.09 41.726179173021
6.1 35.5305561564528
6.11 27.1341959256241
6.12 21.212082571214
6.13 29.7855719699172
6.14 34.836953844856
6.15 43.2350597560243
6.16 45.2384853527045
6.17 48.2420564966033
6.18 30.6890247018361
6.19 33.9013257971416
6.2 41.4721826814836
6.21 48.884013391838
6.22 45.2481887801369
6.23 28.654636322328
6.24 32.978120472954
6.25 20.5547055903158
6.26 38.0872771419819
6.27 35.2944938265167
6.28 36.9638652943313
6.29 14.0283455963344
6.3 29.8012158470661
6.31 41.6099758327605
6.32 21.3404422535876
6.33 49.6709419193605
6.34 31.4705470444094
6.35 22.046537351036
6.36 31.7549889177262
6.37 43.7805730643215
6.38 39.8495210504989
6.39 40.1365184416856
6.4 35.6391171780783
6.41 48.4490520607349
6.42 32.559732900398
6.43 50.3679644467402
6.44 26.4905113288263
6.45 50.8364319526633
6.46 38.5692604247608
6.47 46.5395933089208
6.48 46.417552869274
6.49 33.5717295371663
6.5 27.5857175891355
6.51 34.7857792765837
6.52 58.6514888548934
6.53 42.1028691183637
6.54 37.1301135575039
6.55 28.9499633817238
6.56 35.1394230174592
6.57 53.7529124436923
6.58 32.6785862552015
6.59 36.7062818799117
6.6 20.0125418670473
6.61 42.8658819713008
6.62 38.0645530720654
6.63 27.9259103893733
6.64 11.0640768157725
6.65 38.7483378846921
6.66 46.8698813317005
6.67 47.8852434852616
6.68 44.3477337637772
6.69 11.1482327516217
6.7 29.6372492386643
6.71 49.0617373742217
6.72 36.5726311687944
6.73 45.5803737492478
6.74 27.6059013877994
6.75 44.689587412232
6.76 31.8386886273338
6.77 40.5751051320421
6.78 24.700316248808
6.79 45.4310741027476
6.8 36.2567310610487
6.81 53.7296504031246
6.82 30.6689607480868
6.83 42.9393284047259
6.84 50.1769280442669
6.85 34.3855418467357
6.86 44.2336852938907
6.87 38.4266125291824
6.88 24.2638947819776
6.89 26.1907726466212
6.9 38.8719390536913
6.91 58.7882973490293
6.92 49.8291668692183
6.93 27.0372206147344
6.94 27.5628445450416
6.95 44.88211682114
6.96 51.1140999343199
6.97 58.0853121789105
6.98 39.7732217170807
6.99 48.6216229616847
7 44.250744767035
7.01 46.2813752985698
7.02 53.6238927370722
7.03 55.2803950581836
7.04 45.3111850977408
7.05 37.5007457376286
7.06 55.2709874109519
7.07 19.8387476818563
7.08 21.1570430288417
7.09 35.1344481537068
7.1 34.7224371819382
7.11 24.6359894149417
7.12 26.3115424587264
7.13 48.1744055491418
7.14 35.5246542227001
7.15 51.8244692777154
7.16 50.0652118869466
7.17 70.6356934354977
7.18 53.7069957031911
7.19 45.1813580097426
7.2 35.7149837565691
7.21 44.8204331629996
7.22 25.2260700270617
7.23 25.0695768006148
7.24 45.4279858008243
7.25 36.2165205368823
7.26 57.2621313844531
7.27 39.3390580161183
7.28 62.0625874188201
7.29 34.3694502581442
7.3 42.0006603605947
7.31 55.7419205741282
7.32 33.4463909273313
7.33 32.6561830195638
7.34 47.0407274698078
7.35 29.8898199585354
7.36 27.3752708921068
7.37 32.6804611030987
7.38 27.9192891524777
7.39 34.363970986883
7.4 30.0599720334508
7.41 25.1541517791734
7.42 40.7271546441735
7.43 43.2037306596417
7.44 42.3051304782557
7.45 34.3883014960669
7.46 54.0048158512356
7.47 32.447393375718
7.48 32.2120881991426
7.49 34.6023523785668
7.5 44.8384554473761
7.51 37.2530238069671
7.52 52.2440469926891
7.53 34.2598021400696
7.54 59.3294425274121
7.55 32.2400550447694
7.56 58.083423853612
7.57 34.8654825043882
7.58 49.4220819662382
7.59 46.2417505559766
7.6 51.3994461009551
7.61 35.7083991007956
7.62 25.8440358131098
7.63 46.2065714388773
7.64 31.1813140724959
7.65 34.1333643417934
7.66 39.3753056757231
7.67 38.7820322873978
7.68 33.9954386643544
7.69 43.660339638325
7.7 46.1023686765227
7.71 35.0422446266365
7.72 32.687583364059
7.73 27.4541611247974
7.74 34.3859738153415
7.75 25.2429839375753
7.76 34.0027106228207
7.77 65.8014481360881
7.78 50.1375558125179
7.79 47.5870851965843
7.8 43.201642367987
7.81 45.0027377841432
7.82 44.398653632435
7.83 44.9631570863199
7.84 47.8277814190042
7.85 50.0238013391747
7.86 32.7724905474024
7.87 51.0384054524244
7.88 54.7131954896393
7.89 37.5102320634133
7.9 35.1308217831463
7.91 46.5927471871283
7.92 48.0338874390512
7.93 44.300324741728
7.94 58.5377624959125
7.95 45.9437007407359
7.96 34.3349154069695
7.97 53.3541080387439
7.98 48.0929489484812
7.99 32.3342092384328
8 44.2437436668431
8.01 35.653684354619
8.02 49.2870175377502
8.03 34.6238731472189
8.04 48.8679024255869
8.05 48.9622753376743
8.06 29.2377737820613
8.07 65.2676244741214
8.08 40.2932012697697
8.09 41.9027934486952
8.1 38.7399102517923
8.11 43.4800874250715
8.12 20.2157356567878
8.13 52.9748202976899
8.14 51.4886063617051
8.15 59.4474389475856
8.16 47.5100733675555
8.17 31.6022737301296
8.18 36.0477271152647
8.19 51.7522929183013
8.2 57.2144055451318
8.21 37.7275881765523
8.22 54.6888798978878
8.23 53.156229457474
8.24 54.3022343379234
8.25 39.8159115221964
8.26 67.6857420907017
8.27 51.3194974113851
8.28 71.6308862800938
8.29 40.8691280387669
8.3 67.7780656503408
8.31 66.2194001825476
8.32 50.2395020871771
8.33 45.5042363601482
8.34 50.8315863880755
8.35 36.6449260350695
8.36 45.7321654965567
8.37 56.2080691456819
8.38 62.124635641936
8.39 34.0366109792294
8.4 33.4570807606336
8.41 49.9443253967082
8.42 69.5117087840794
8.43 52.7035463088962
8.44 44.4648494471492
8.45 55.4949124976571
8.46 37.470621397055
8.47 26.1064015055745
8.48 44.0749970738754
8.49 65.6320896660377
8.5 55.5669727300583
8.51 38.6956186715899
8.52 38.7608838545057
8.53 42.898265407916
8.54 41.1767348996309
8.55 55.0858852358742
8.56 41.1155945188151
8.57 47.4149812754403
8.58 50.9629762477806
8.59 52.6187188405594
8.6 30.2701146020667
8.61 41.8094288828122
8.62 58.1050544482803
8.63 58.0239768974548
8.64 61.2840277644846
8.65 61.8626449427513
8.66 39.3554982636471
8.67 45.7987365521421
8.68 33.2839118625821
8.69 43.060492039362
8.7 65.9059933336644
8.71 36.8160523700527
8.72 36.7219492247456
8.73 55.3369809699378
8.74 55.9535645159516
8.75 48.0018830783456
8.76 49.8463342887669
8.77 44.6287949667618
8.78 72.0040560563313
8.79 35.7658359795512
8.8 65.7959620325723
8.81 47.8042931044861
8.82 51.2967550988486
8.83 44.3122421249874
8.84 41.1990081295603
8.85 39.5444288007633
8.86 44.895815226314
8.87 47.5204634631458
8.88 49.8403691038911
8.89 43.2690108365103
8.9 54.7235761696109
8.91 68.5538037510022
8.92 58.9977174432457
8.93 48.6261220026867
8.94 62.468068385817
8.95 47.9196308551499
8.96 66.6079307037919
8.97 62.6800499566978
8.98 46.5647685536649
8.99 50.7676914398098
9 68.25141221985
9.01 73.1977838223463
9.02 36.5483595412217
9.03 47.8828809787391
9.04 66.476031028737
9.05 28.1124800117815
9.06 49.7743898083598
9.07 35.8428071967913
9.08 60.0637267195914
9.09 48.0433588053353
9.1 71.3841352079754
9.11 62.0390173521296
9.12 51.0595810633451
9.13 54.8988515680939
9.14 56.8244149266117
9.15 44.5705890157486
9.16 30.9600336848224
9.17 24.4064344810045
9.18 54.788788640529
9.19 42.0766656276753
9.2 59.0416505460065
9.21 55.1134784068007
9.22 70.4371652630603
9.23 44.2923941747353
9.24 59.8156326491763
9.25 46.0635365340849
9.26 47.6441731510539
9.27 42.8600690302413
9.28 41.9292803883262
9.29 45.5907785068116
9.3 60.2239973030311
9.31 60.9691385401323
9.32 57.3771159285298
9.33 38.0933158850274
9.34 50.4423429189772
9.35 65.9110176951583
9.36 50.5287554785593
9.37 53.7245904790143
9.38 53.3642826697049
9.39 58.9460916294533
9.4 58.0050858317032
9.41 52.3446368197594
9.42 42.2213319466183
9.43 54.2840183670505
9.44 50.6569366081107
9.45 44.8769637769055
9.46 64.6968544412512
9.47 45.2898432964535
9.48 56.9335613545116
9.49 60.0680316759091
9.5 58.5394627581589
9.51 45.6309052085838
9.52 51.0621643258872
9.53 42.3676924119573
9.54 59.7524012509772
9.55 65.5797470234535
9.56 43.7188366480151
9.57 62.0765066563773
9.58 59.6628095445657
9.59 59.4566235921574
9.6 46.5377458023982
9.61 37.4331697202444
9.62 42.4138545226743
9.63 60.7242920515235
9.64 53.0058821109487
9.65 42.775757565588
9.66 68.0985399387371
9.67 62.318714819874
9.68 49.8751498227583
9.69 40.8937412847495
9.7 58.2650476956103
9.71 39.8831922288589
9.72 57.9420129736819
9.73 46.3491800505512
9.74 42.285770356172
9.75 65.3998211609903
9.76 63.6025480958865
9.77 34.3192142181225
9.78 61.443860586868
9.79 48.6816510761866
9.8 51.5133217398494
9.81 45.8187267781684
9.82 57.9132890702424
9.83 62.7442075134814
9.84 59.4519348286588
9.85 42.3438001074777
9.86 58.9695932417305
9.87 57.8073760822813
9.88 46.6209290972907
9.89 58.039016671055
9.9 56.7986483023252
9.91 47.7113899140518
9.92 51.2860476706902
9.93 41.2860239301591
9.94 62.4161134722564
9.95 20.525701523805
9.96 58.4104698683062
9.97 40.7693272321876
9.98 52.5163663423886
9.99 72.9612412929111
10 45.1746673160105
