0.01 10.3467504552222
0.02 15.8438493038326
0.03 0.677062790163389
0.04 29.8111358928014
0.05 16.0100767719741
0.06 -12.926249322076
0.07 16.4132824975039
0.08 -1.51747351170519
0.09 9.74291841310257
0.1 12.2287703597249
0.11 -15.1921555484287
0.12 2.07481272752973
0.13 9.07736457266659
0.14 5.2296914605652
0.15 -26.5329248394855
0.16 5.90260821578702
0.17 -10.596367519138
0.18 7.78904326928884
0.19 8.00176501055792
0.2 -12.1851382523522
0.21 9.54050328250023
0.22 25.1908806800681
0.23 -10.9585173952321
0.24 22.2410924742322
0.25 -12.3689384263992
0.26 13.5092619074342
0.27 -6.32177717733959
0.28 6.52626459629638
0.29 30.371307463771
0.3 -20.1862775478052
0.31 5.10415925514666
0.32 -9.57373259514329
0.33 15.5725878599496
0.34 7.38691377511288
0.35 1.47656475461157
0.36 6.11152671781931
0.37 -13.4936896003516
0.38 11.245845421148
0.39 0.723903886297107
0.4 -20.0935416967847
0.41 -8.99362937057059
0.42 2.39975993754817
0.43 -2.17654482251711
0.44 3.11944969471707
0.45 14.5661535776176
0.46 -3.66236811661562
0.47 29.4954123107158
0.48 14.042257914347
0.49 9.73400852064452
0.5 3.88740920451782
0.51 10.7889638668714
0.52 12.4910188778464
0.53 10.3958195598697
0.54 5.52799885959369
0.55 4.26929233543846
0.56 12.6789624151433
0.57 1.31590409357662
0.58 -4.22849639280461
0.59 17.0532966956943
0.6 25.3941193373992
0.61 15.2908312543853
0.62 3.28755853748005
0.63 -2.19965347784114
0.64 16.2962384584129
0.65 5.52668719096923
0.66 22.170473441719
0.67 -2.01846229389593
0.68 -6.2862695311716
0.69 6.81225956940117
0.7 1.98116209202009
0.71 20.4807861209391
0.72 23.785443619532
0.73 16.989053744042
0.74 -1.04634397691325
0.75 3.29787103888714
0.76 -5.63145386678432
0.77 22.4970342993752
0.78 22.1096948020537
0.79 0.35151322862802
0.8 -2.00805730130129
0.81 14.5756099127923
0.82 6.89982068816281
0.83 23.9282054138899
0.84 11.2881843678638
0.85 24.8202397505176
0.86 1.31548764672281
0.87 8.13999998864256
0.88 25.4581938120237
0.89 8.74512741060181
0.9 10.9722811999849
0.91 11.1814509584199
0.92 3.1462729458947
0.93 4.98898850135291
0.94 -2.42049856372418
0.95 5.71201524005954
0.96 15.9230580690477
0.97 3.31788735233927
0.98 19.8307595653127
0.99 12.1857545204094
1 3.45579991003469
1.01 16.9356562094411
1.02 -6.50572419494491
1.03 14.2905438467381
1.04 -6.87536193027465
1.05 4.12751333205841
1.06 9.71275814298555
1.07 20.8240280482011
1.08 -9.11807220476009
1.09 -8.89622713362634
1.1 0.92994240323506
1.11 21.5975298095419
1.12 11.025397993887
1.13 4.42834130844225
1.14 19.3672563902364
1.15 16.3478766110938
1.16 16.9195558680994
1.17 12.1549714725908
1.18 9.1572545719437
1.19 11.5476654760326
1.2 13.4898459532575
1.21 7.45514564323594
1.22 10.4681344728048
1.23 -2.32621676079099
1.24 25.4818280133933
1.25 17.7153427820805
1.26 3.37092189105204
1.27 20.9172192830116
1.28 -7.44988793932022
1.29 4.20494097907407
1.3 22.7629380128273
1.31 14.6093807770365
1.32 7.08982085651315
1.33 12.6316940971878
1.34 5.69910882425511
1.35 6.81299478290989
1.36 34.1917194397554
1.37 0.329926292149207
1.38 15.802265349062
1.39 -0.232305644478814
1.4 26.7283532788623
1.41 -8.87660560931889
1.42 -0.867714900409938
1.43 -2.67402899133299
1.44 1.63836369890775
1.45 2.99149609967849
1.46 15.4356445826017
1.47 9.64940838957351
1.48 -3.32995902077781
1.49 11.9317070815161
1.5 16.6951257503223
1.51 18.6924684483205
1.52 -3.34786814265238
1.53 8.76154918160599
1.54 33.717037272131
1.55 1.58864862926912
1.56 13.4150487168803
1.57 11.025186781242
1.58 10.3661792359585
1.59 10.6768183256585
1.6 6.7457546408146
1.61 3.72224736794519
1.62 3.37002937772414
1.63 14.8241572406
1.64 20.8033666317779
1.65 3.16000949028644
1.66 15.8688339883532
1.67 2.65866823285749
1.68 13.9892538101131
1.69 -3.38268525474574
1.7 9.65501320150334
1.71 7.411280936376
1.72 12.9704010479687
1.73 -0.0196370755950177
1.74 4.62876395992629
1.75 10.3090758717918
1.76 12.4035900114075
1.77 13.1544039932121
1.78 11.1656583661527
1.79 10.7327648269451
1.8 8.18846678822019
1.81 9.29648749192591
1.82 0.104917995031212
1.83 12.4947685686695
1.84 6.90143864172069
1.85 13.596346083836
1.86 8.8259720168451
1.87 9.05107087079656
1.88 14.3328026827256
1.89 22.1424775232058
1.9 -1.96460052699935
1.91 29.1527403380888
1.92 33.7755563930857
1.93 9.62664796604485
1.94 7.69147948964559
1.95 15.7236518661463
1.96 32.7963966762849
1.97 13.2995345394629
1.98 19.5118327880539
1.99 31.818209084231
2 17.1505910022203
2.01 7.52385210852042
2.02 29.8522858382792
2.03 7.52205994617888
2.04 10.9438404930022
2.05 8.30364856798114
2.06 13.5401823437939
2.07 7.7874383494811
2.08 15.4636678294853
2.09 19.6327286046978
2.1 27.2074047163125
2.11 3.74195783748613
2.12 7.06679733978722
2.13 17.7422900386959
2.14 18.7898479007364
2.15 17.9400808666735
2.16 6.68966014889176
2.17 4.73091504952259
2.18 27.5295920830521
2.19 11.6033618007838
2.2 22.9427630910715
2.21 13.2071439929183
2.22 12.1875173772383
2.23 17.678213843367
2.24 14.0195114022635
2.25 12.6109003988212
2.26 8.36675998306889
2.27 28.0804965523737
2.28 16.4248337346785
2.29 18.5728002248887
2.3 13.6359272509371
2.31 36.6683990493873
2.32 2.09391987969862
2.33 12.4613818682024
2.34 -7.34571595853806
2.35 30.5605489847578
2.36 11.0935590262906
2.37 29.6244305676046
2.38 27.3199807910537
2.39 0.0421559763178507
2.4 29.7576290475973
2.41 12.4047582775171
2.42 18.5588964597727
2.43 7.09158695549237
2.44 14.947679811928
2.45 17.8400093282488
2.46 14.688765512772
2.47 15.5802126212511
2.48 -0.682105390141986
2.49 22.1267272272743
2.5 44.2706693694878
2.51 9.94893112047139
2.52 18.9188752807181
2.53 25.0710652973497
2.54 12.6965175029151
2.55 23.5414835039832
2.56 20.9566408045562
2.57 9.81333866643536
2.58 5.79239129426932
2.59 26.3678676967145
2.6 22.8819882143865
2.61 27.267842874807
2.62 25.5594942856923
2.63 31.0271933216578
2.64 28.7975049072412
2.65 9.73264883014214
2.66 1.53565861659981
2.67 19.1670005626495
2.68 32.7338970657912
2.69 19.1874980676057
2.7 37.173409640021
2.71 16.1609326590217
2.72 25.0035075959194
2.73 24.4689931037887
2.74 24.5880140518594
2.75 16.9080248467244
2.76 26.4941693212697
2.77 12.4727961712134
2.78 16.1659693751969
2.79 13.213742505057
2.8 22.3544801999701
2.81 32.7469950139252
2.82 24.9317454968825
2.83 7.00062764296657
2.84 17.0044219553443
2.85 20.189330528819
2.86 6.41988738125739
2.87 12.1599270673952
2.88 13.9604938114941
2.89 16.690044279403
2.9 24.3116547011675
2.91 31.0765031523533
2.92 19.645202123412
2.93 32.3743186906516
2.94 20.2555997156357
2.95 23.1326703485782
2.96 29.5275170194871
2.97 11.1351324086399
2.98 9.41083710724159
2.99 21.4241418039863
3 13.238801209128
3.01 36.3842380291965
3.02 27.4618260999433
3.03 6.45172021276374
3.04 30.1316897860014
3.05 22.181567602239
3.06 16.6699654644753
3.07 18.8885971121866
3.08 36.2120209378741
3.09 1.31312359340006
3.1 14.8328234165924
3.11 13.7672824289939
3.12 14.2329051542322
3.13 8.35824780325942
3.14 20.1821026989064
3.15 18.155635953597
3.16 49.3478108142115
3.17 27.4858916619484
3.18 19.7799829756799
3.19 19.6343622778359
3.2 11.4863621074478
3.21 29.4349703285597
3.22 12.6436195900526
3.23 27.0748755472956
3.24 31.9424653685562
3.25 7.36603699073843
3.26 0.807801320686622
3.27 11.093210555455
3.28 35.2733871184796
3.29 7.64329643561678
3.3 16.4726593908058
3.31 31.6622485514717
3.32 24.5017916696601
3.33 35.5015594464326
3.34 15.6191422645824
3.35 11.9490204312926
3.36 32.9943810563423
3.37 5.57441683125053
3.38 43.8775977687182
3.39 24.6187106993896
3.4 10.7429184162873
3.41 9.61416932333912
3.42 13.9325277514293
3.43 42.5747610856406
3.44 4.70924289794274
3.45 21.3104349754026
3.46 20.1189892751367
3.47 31.5771035453036
3.48 18.0984784433138
3.49 11.1846866342285
3.5 28.3156627089692
3.51 24.3040174081001
3.52 18.2484634195607
3.53 -3.54292782487812
3.54 21.9067881389906
3.55 23.678356043473
3.56 22.429156326467
3.57 25.2695492615013
3.58 25.3827781028461
3.59 23.2350516451502
3.6 26.9097863751472
3.61 23.6424698535891
3.62 27.0552092680975
3.63 36.2130831730576
3.64 18.2014856626328
3.65 17.8294180256165
3.66 25.2672804836976
3.67 23.025450693837
3.68 5.07568285621852
3.69 25.8152234263258
3.7 30.2501579706273
3.71 31.0177609673358
3.72 18.9356223117977
3.73 34.1965344602382
3.74 8.86019148017468
3.75 24.3918620012699
3.76 23.4792232609288
3.77 11.0018174890618
3.78 9.83221788979017
3.79 36.9910688659653
3.8 25.5402829274131
3.81 14.7561921387528
3.82 13.0359939198789
3.83 35.1618134681034
3.84 25.0936651630424
3.85 11.9306220269313
3.86 45.3862998834512
3.87 16.3052512218855
3.88 18.5179102595186
3.89 26.2990957085516
3.9 24.3207146521503
3.91 34.9183492030524
3.92 24.3081674042718
3.93 47.6518338813453
3.94 23.1313094241762
3.95 32.509640562725
3.96 25.1995066586553
3.97 30.0365237009679
3.98 21.4426592454163
3.99 37.1229591995932
4 43.2841743015077
4.01 13.8733686260092
4.02 31.5545885952586
4.03 12.562070777015
4.04 28.8662942596453
4.05 20.7100637339943
4.06 39.1222131345585
4.07 30.8693548129038
4.08 31.0943321456553
4.09 32.4695186539804
4.1 9.34720341911598
4.11 17.8392185006911
4.12 9.8143403030093
4.13 32.5931793136839
4.14 17.9299237695393
4.15 25.6968899993591
4.16 -1.24118162097068
4.17 17.6118831549272
4.18 13.6577435715948
4.19 17.2824909604238
4.2 29.8222544949428
4.21 39.5225597944309
4.22 24.1373864404469
4.23 32.7554437148197
4.24 25.7067755056701
4.25 23.8082109295648
4.26 13.5184024336433
4.27 23.3046575385677
4.28 28.6645980306985
4.29 37.1859926327205
4.3 5.03974814137241
4.31 21.5873446150977
4.32 38.0626852657222
4.33 24.9688667775494
4.34 14.1343029606491
4.35 29.8254851550529
4.36 20.5767273957961
4.37 27.1747629468314
4.38 16.9401052533022
4.39 13.6275903025729
4.4 24.0305655738663
4.41 33.4931021699757
4.42 25.5973274886052
4.43 27.2168351015864
4.44 35.2886472337652
4.45 40.3241602424454
4.46 27.371431301052
4.47 37.000369944862
4.48 18.5192069125796
4.49 25.3575062050195
4.5 32.4596527795614
4.51 28.0482171293227
4.52 31.7047807681658
4.53 27.919846442489
4.54 35.07124178522
4.55 30.8177438942363
4.56 38.8748320307852
4.57 12.9355937201277
4.58 13.2776029748904
4.59 28.4337160302358
4.6 26.4560441871299
4.61 24.9403469130886
4.62 33.4775641769764
4.63 19.2611517739137
4.64 39.0083683243928
4.65 22.8492962989733
4.66 22.3025718129652
4.67 29.8576087551102
4.68 27.0500824433814
4.69 16.8278791311402
4.7 24.5905899496932
4.71 25.4729507355019
4.72 27.9744533532125
4.73 36.2632967827448
4.74 41.8390173655202
4.75 29.2087940279285
4.76 51.757080250317
4.77 35.3813894959535
4.78 17.589931977783
4.79 45.2360216696091
4.8 38.8576701560566
4.81 33.4885586668648
4.82 14.9240297637903
4.83 9.87540154455278
4.84 12.9045718998854
4.85 42.8852675440165
4.86 26.1417508729795
4.87 39.176568184767
4.88 19.5736035400903
4.89 30.9292160360516
4.9 35.2805863695984
4.91 41.6186800824965
4.92 30.0160568388343
4.93 17.8020592123883
4.94 38.1237976025607
4.95 44.0530250865205
4.96 46.7229492861951
4.97 9.45762550516043
4.98 13.982868580716
4.99 26.9427584199166
5 35.6281624256767
5.01 39.0205862474534
5.02 30.6130393191661
5.03 23.2422084068564
5.04 22.077909817708
5.05 29.5549483765455
5.06 23.0729753893457
5.07 24.0832001272573
5.08 32.8984070870256
5.09 39.5004508008654
5.1 29.8824676364892
5.11 53.0219444395934
5.12 19.1667841815491
5.13 29.1215806705356
5.14 35.1321791026145
5.15 35.7627540344125
5.16 11.6337006470965
5.17 47.3262976110935
5.18 31.2382144517954
5.19 38.1005965074236
5.2 15.7005472474436
5.21 23.1701019992912
5.22 28.3376979670329
5.23 34.9514450659121
5.24 28.1690079298208
5.25 45.8811171134355
5.26 30.5129888379104
5.27 25.8434792308745
5.28 39.5992342829852
5.29 20.7572266559883
5.3 54.9595574937296
5.31 3.82143713726715
5.32 35.0369958527889
5.33 33.8863492036643
5.34 39.9855979661548
5.35 20.1481068308983
5.36 28.3798535023941
5.37 44.5004478826857
5.38 42.7795204003098
5.39 20.2029697466304
5.4 45.0811147542142
5.41 7.29339072119387
5.42 30.2295077139477
5.43 57.0934309093211
5.44 38.638337680194
5.45 40.0926573594733
5.46 28.0200521880946
5.47 19.70087038843
5.48 24.3419615711187
5.49 16.9593700226631
5.5 23.9406562154784
5.51 17.6088053163985
5.52 45.5292521253905
5.53 26.5054600145592
5.54 54.8672362283187
5.55 27.4617159880036
5.56 15.1456260620514
5.57 29.8336391648077
5.58 29.4649731432707
5.59 38.3698184654726
5.6 43.9121441157249
5.61 41.684787311261
5.62 26.1678538202934
5.63 24.7754486812154
5.64 39.0616627802553
5.65 41.7188141350606
5.66 50.8805514191488
5.67 22.9804815578195
5.68 41.8580138928592
5.69 35.1344530029965
5.7 34.2328350028602
5.71 28.6553967935789
5.72 37.4028960045314
5.73 36.5527008768519
5.74 28.4105219516918
5.75 31.305114817865
5.76 33.5306480982066
5.77 20.4407077286761
5.78 33.985278759923
5.79 33.2372943080387
5.8 48.3074009986825
5.81 49.5038601230615
5.82 43.710524920447
5.83 16.1330546305489
5.84 30.1402211130304
5.85 45.6761341525246
5.86 26.6311308836084
5.87 19.119803692281
5.88 49.5898490308126
5.89 33.5550762847839
5.9 26.8233817600332
5.91 37.0954238285577
5.92 33.2457195705109
5.93 47.2521961604182
5.94 18.909150341383
5.95 69.5703812131164
5.96 31.3917166682221
5.97 34.9692513849665
5.98 41.5892797467189
5.99 32.0272843051706
6 31.583855167047
6.01 26.7989139104691
6.02 36.2786500828299
6.03 30.4529923909127
6.04 36.5814093999563
6.05 27.3913047356498
6.06 34.3472425861306
6.07 26.2357705278771
6.08 29.3572593276671
6.09 54.8006474642522
6.1 46.0882570015358
6.11 50.6843224846993
6.12 29.0867640734451
6.13 23.5603471374438
6.14 52.1807598212535
6.15 49.2663236366525
6.16 36.9755074362083
6.17 47.5041964115905
6.18 30.241215307343
6.19 36.7774797314378
6.2 41.8907063129666
6.21 57.417540612815
6.22 46.4412757971962
6.23 20.0472263183635
6.24 35.330645507832
6.25 23.04745354288
6.26 26.9826574711763
6.27 36.1020570934236
6.28 43.4704472636472
6.29 39.3525014772491
6.3 9.57363241813208
6.31 31.5985157365063
6.32 33.7255606264022
6.33 39.1092295464576
6.34 25.3526003461129
6.35 42.5596777930129
6.36 21.9306111646405
6.37 41.2230002758929
6.38 34.9338886512261
6.39 31.720385614759
6.4 25.4053478058017
6.41 40.6883235521313
6.42 39.1565880138274
6.43 42.4576202393098
6.44 33.1787971651582
6.45 31.7264296939387
6.46 40.0957451132222
6.47 25.5952254361173
6.48 28.7670640110309
6.49 36.5480954150867
6.5 36.7956422309958
6.51 37.3345155666302
6.52 39.8976245402297
6.53 33.0787822053485
6.54 29.6460361289313
6.55 37.2819360857905
6.56 29.470936854221
6.57 36.2772818584891
6.58 35.1365810356214
6.59 33.5954506455027
6.6 53.2541397211498
6.61 48.681041149758
6.62 26.5247803012587
6.63 49.097625394451
6.64 29.1911772460351
6.65 38.6811966858973
6.66 46.0387694278619
6.67 28.156281738178
6.68 22.9079385521882
6.69 41.1415845970606
6.7 38.680815514706
6.71 33.5408144284359
6.72 51.6742348187172
6.73 51.483126708655
6.74 44.8882119561247
6.75 39.0614923720867
6.76 47.1191111884399
6.77 41.1273347335334
6.78 30.5450178431712
6.79 35.6486342020562
6.8 56.9973211502938
6.81 49.3596782646518
6.82 50.5172541007372
6.83 54.6976906446988
6.84 40.5252225379625
6.85 24.5880654909609
6.86 26.8205763222669
6.87 33.5675582152659
6.88 37.7387156991685
6.89 24.0375536785535
6.9 42.5970587942157
6.91 38.5434962162964
6.92 44.1407005449908
6.93 58.3271087439259
6.94 45.0916402689498
6.95 38.030089867196
6.96 31.0421867722336
6.97 29.1326632206559
6.98 33.5672429608573
6.99 38.5035985125464
7 43.5949402816747
7.01 20.0257956508163
7.02 27.7465132311899
7.03 27.0218449328879
7.04 49.1148512143635
7.05 35.1764418636968
7.06 42.4005679755367
7.07 36.0304083799168
7.08 32.3705511220786
7.09 33.4967342654713
7.1 48.8844931821982
7.11 35.1297631236704
7.12 32.5243566695427
7.13 36.646999495076
7.14 45.2395771028542
7.15 35.7515942316388
7.16 19.5328554590502
7.17 45.53135066001
7.18 31.3639904327804
7.19 36.9999098317416
7.2 55.535998679712
7.21 32.1186895348033
7.22 40.2923494595238
7.23 29.5063044806453
7.24 46.5220938248709
7.25 43.2880399172578
7.26 43.2072032211782
7.27 40.399096707922
7.28 50.0323198924065
7.29 37.5715336348076
7.3 61.3241591484109
7.31 49.0200312868832
7.32 21.0412720858667
7.33 54.7362285968889
7.34 35.4679390439238
7.35 52.6981473039027
7.36 36.2150390855924
7.37 47.0289489659959
7.38 31.4402782389332
7.39 44.6864654934696
7.4 61.0546713612804
7.41 34.1969316196891
7.42 44.2704468334426
7.43 51.0545132456944
7.44 49.1485448737854
7.45 36.7204840516811
7.46 39.7944829593138
7.47 30.578921901356
7.48 45.2455589770064
7.49 27.1530320839063
7.5 32.0906073715948
7.51 41.3966300598769
7.52 31.6019493908209
7.53 46.1955870702783
7.54 44.3676587852257
7.55 42.9644235798146
7.56 39.547087849336
7.57 55.7933278087957
7.58 47.2486536695752
7.59 59.3105454569551
7.6 51.3791377297873
7.61 54.3957894651194
7.62 50.7799141179817
7.63 48.5748858165899
7.64 42.9391883190709
7.65 54.5686388848894
7.66 37.9534064625161
7.67 46.4503054601829
7.68 35.0573377592133
7.69 51.7780489607661
7.7 37.8725538321698
7.71 39.0578765383035
7.72 39.5978793026012
7.73 37.1305967574796
7.74 33.1063242087634
7.75 40.4335613085011
7.76 59.202770055272
7.77 41.3654108270131
7.78 43.5307588932328
7.79 58.6319168129962
7.8 47.3477131712161
7.81 43.8956068179641
7.82 52.2047796209725
7.83 32.5200180722404
7.84 40.3098179995147
7.85 35.4818245705981
7.86 38.4748532746276
7.87 27.7851703705366
7.88 38.8324361761968
7.89 46.3129750091086
7.9 34.7852361575941
7.91 22.5084720468898
7.92 31.4859352379693
7.93 56.0602220716607
7.94 44.633973901573
7.95 55.8654549526371
7.96 16.8341246061615
7.97 38.8650474594059
7.98 37.3482267921168
7.99 34.0970603104418
8 58.8531696136878
8.01 42.0214831471705
8.02 48.6159045726914
8.03 43.7258661460657
8.04 68.9330858632521
8.05 43.1371541025569
8.06 52.27618013817
8.07 49.9807596855476
8.08 50.1051396647301
8.09 48.7351666173953
8.1 42.1466829039369
8.11 38.6169188567676
8.12 30.1298837590419
8.13 29.2128701364458
8.14 50.6313667401294
8.15 30.260329673769
8.16 48.9118050745667
8.17 42.976583402031
8.18 60.9502533109934
8.19 59.5542817094523
8.2 46.7479930373346
8.21 45.9717274772251
8.22 54.3976609509047
8.23 54.9373275038078
8.24 50.5423292326475
8.25 41.0752311973004
8.26 38.9004554946425
8.27 52.3327206091826
8.28 53.3704491056241
8.29 38.8385912111669
8.3 56.5673027907668
8.31 71.8118969322565
8.32 46.9817272265512
8.33 58.8038469404381
8.34 47.7803843566876
8.35 28.380608457555
8.36 43.8163357898468
8.37 53.8432233666769
8.38 41.3728650393162
8.39 35.6563598574062
8.4 42.2493664580887
8.41 55.0998171314608
8.42 61.903932849842
8.43 37.0189502245777
8.44 35.7682155865903
8.45 35.8640613839755
8.46 46.6155016495529
8.47 52.7607729763971
8.48 61.3195356676436
8.49 55.5910607256135
8.5 48.8942102951923
8.51 56.8989760175864
8.52 47.424854468407
8.53 59.5713778125165
8.54 30.2629376335613
8.55 49.3945291631711
8.56 53.1342742641024
8.57 50.157903737833
8.58 55.4323319149429
8.59 59.8896667207362
8.6 46.5352215206829
8.61 50.1641514662793
8.62 55.2591339103888
8.63 62.9761465031092
8.64 48.7108838789629
8.65 43.1836721598219
8.66 37.7768114828465
8.67 25.2290189831415
8.68 14.665979037499
8.69 32.6026892913671
8.7 55.5211184902016
8.71 54.5692994737718
8.72 53.5984144403028
8.73 54.7746836166578
8.74 47.6152637995959
8.75 56.2059131542159
8.76 47.5893634041439
8.77 45.560961265736
8.78 36.7926852719405
8.79 48.5206640715317
8.8 50.9782577123438
8.81 54.9597529733063
8.82 48.8159097546523
8.83 59.4525013084905
8.84 43.7244925227852
8.85 42.5461524016405
8.86 44.4427165896618
8.87 52.3848952817104
8.88 50.1124721293094
8.89 52.8916755984442
8.9 36.6817636256795
8.91 62.3312232129812
8.92 67.0818082133515
8.93 52.234665478069
8.94 42.747093969003
8.95 45.6177754676856
8.96 58.4682263731796
8.97 58.2599250076335
8.98 42.8494796545241
8.99 25.772325977607
9 46.5939718588328
9.01 64.5713942660703
9.02 74.8326768126661
9.03 40.2494296743288
9.04 57.2708728641986
9.05 34.1606822802998
9.06 43.1929252199287
9.07 46.0150605592757
9.08 77.0537202307025
9.09 77.8019904001134
9.1 70.1802053084283
9.11 37.1077682943581
9.12 51.3920069187116
9.13 35.2611721115179
9.14 47.3206259406196
9.15 38.9749397053491
9.16 33.3036674212996
9.17 31.6601790127656
9.18 62.757071889505
9.19 40.6732089119528
9.2 53.0958359231802
9.21 51.5030277700379
9.22 45.379213549417
9.23 68.8194989869858
9.24 50.5154984448733
9.25 70.1225027027558
9.26 62.388518015664
9.27 51.0320632026057
9.28 48.9363673248343
9.29 57.9726283254517
9.3 54.9761190688857
9.31 29.1678062601193
9.32 50.8869448285146
9.33 60.2931530752739
9.34 65.9162224199382
9.35 57.6401489167283
9.36 66.0444432438235
9.37 76.481645929209
9.38 60.197944892482
9.39 59.9635131912262
9.4 39.8310593760535
9.41 44.8188022141612
9.42 57.558578594943
9.43 35.3156955995307
9.44 64.7497495048624
9.45 57.1731615535634
9.46 62.3550961263226
9.47 22.5258642033241
9.48 44.1181565050131
9.49 51.5244154987611
9.5 63.8531586984457
9.51 50.8054143156321
9.52 40.9659033832942
9.53 60.5816342591186
9.54 64.5914252087389
9.55 47.4536722204148
9.56 55.4061547619949
9.57 66.6314626422349
9.58 49.7960905071631
9.59 60.9331738670103
9.6 47.5029887945051
9.61 62.9043761668269
9.62 71.2305428302447
9.63 74.78895474241
9.64 66.8120174186797
9.65 58.2395160627831
9.66 60.0156142137117
9.67 64.2111355178637
9.68 64.3795775361681
9.69 39.4153208671146
9.7 53.3194841364819
9.71 61.3865344088626
9.72 52.1333762470223
9.73 48.643615510501
9.74 38.8906258492735
9.75 50.9792515012333
9.76 53.4244080595597
9.77 62.7166741025722
9.78 55.5360807211572
9.79 44.1659620627417
9.8 24.5932209839658
9.81 32.5448619458789
9.82 51.8758134217072
9.83 47.8558705821785
9.84 75.2014766814147
9.85 50.4110643179301
9.86 73.8364178460291
9.87 20.738737555602
9.88 48.7798722865629
9.89 38.5809145965352
9.9 69.2952869381452
9.91 55.4191889460643
9.92 43.2481083358734
9.93 62.3187439231149
9.94 55.6806864293015
9.95 40.1151797746294
9.96 58.0203987462562
9.97 62.5032389331753
9.98 57.7963077098973
9.99 48.9124980950071
10 44.3154950706336
