0.01 4.89714631207205
0.02 -15.9157667578678
0.03 10.5772908592715
0.04 8.6402680481405
0.05 -4.34753648336023
0.06 -5.80230760233305
0.07 9.96705814711856
0.08 12.0152707231636
0.09 27.157275722349
0.1 0.330291946864233
0.11 10.3779836953295
0.12 14.4412913428366
0.13 16.0632677342865
0.14 -15.1579127296182
0.15 6.32670319601916
0.16 10.5014324607714
0.17 23.2884134285909
0.18 9.50101690770424
0.19 10.1866170896985
0.2 12.5537930254193
0.21 -8.22910276526217
0.22 -10.6370263179171
0.23 11.0154226176063
0.24 18.5093475989672
0.25 6.12822755366757
0.26 -3.18444686707999
0.27 18.7952992973062
0.28 16.9556674081252
0.29 -0.935061652273723
0.3 12.9125988936745
0.31 7.65104796011516
0.32 14.7008477632315
0.33 -2.61640623438398
0.34 -13.5126611893823
0.35 5.65951133577351
0.36 5.46373983988564
0.37 9.6124062823678
0.38 13.2268281240424
0.39 6.7267802883513
0.4 10.457035334645
0.41 8.75249339621591
0.42 6.77980339055057
0.43 5.56665785841426
0.44 16.4122099551538
0.45 15.4178088308441
0.46 7.87694738942904
0.47 13.0368547740211
0.48 -6.08403915768795
0.49 7.80987648680623
0.5 10.6264790924986
0.51 19.2223421583381
0.52 8.38941620950906
0.53 9.03543978290847
0.54 6.60842912310842
0.55 -0.17148773646233
0.56 14.7278301660651
0.57 14.0364950606962
0.58 10.6759774028618
0.59 8.93682158049901
0.6 0.919187400110285
0.61 21.109858145439
0.62 4.16481430344305
0.63 24.8943872003581
0.64 24.6421059462002
0.65 2.49068170099126
0.66 6.31214712337575
0.67 1.22734378465564
0.68 12.654442039532
0.69 36.5367976387092
0.7 7.79404995005504
0.71 -3.63632853889672
0.72 15.7970038757976
0.73 7.94839410285766
0.74 -7.22260719735606
0.75 11.8276960526361
0.76 15.879218996419
0.77 5.44222051686156
0.78 23.5330818936842
0.79 5.9474383677617
0.8 23.1445863420905
0.81 8.29260573009608
0.82 -0.944828121599809
0.83 -4.08919326618082
0.84 12.8690992606963
0.85 18.3498119459553
0.86 -3.92149015903553
0.87 11.1305030083819
0.88 16.7522535579812
0.89 -5.28173644077319
0.9 2.97345760811355
0.91 0.0147412393093109
0.92 -5.39432529116035
0.93 13.4618635638461
0.94 7.22477200148085
0.95 13.5693657922549
0.96 7.36538709556475
0.97 2.7729644302039
0.98 11.0968853497678
0.99 -4.25079830984632
1 -1.72433249904183
1.01 -0.725264258695542
1.02 12.3384842982577
1.03 2.11784850041869
1.04 23.3932025763072
1.05 8.60562114258055
1.06 -5.2111411032738
1.07 33.4311917426599
1.08 2.64576393342575
1.09 18.1709936405743
1.1 11.2326842192805
1.11 17.3282752569328
1.12 1.67222884355841
1.13 6.96535254451862
1.14 33.7996719958766
1.15 12.5476307326101
1.16 4.83213532970442
1.17 -0.467028671979001
1.18 -4.33336518468201
1.19 12.5997319346888
1.2 -16.1876200635415
1.21 12.2553142269366
1.22 21.3130241527506
1.23 12.99162672411
1.24 10.2707753629406
1.25 6.13695899917645
1.26 24.1630442861445
1.27 19.7095277715295
1.28 20.3539604448766
1.29 18.00307673571
1.3 15.5625429622153
1.31 22.6689141979565
1.32 13.5211064954359
1.33 12.2845414091192
1.34 17.7542812470857
1.35 9.13253477540702
1.36 -0.537058645206546
1.37 -0.303083132863161
1.38 10.7536735613453
1.39 15.4781625408902
1.4 10.4264501516841
1.41 23.6524207325503
1.42 0.881570915760902
1.43 30.4015138722034
1.44 25.8084825003062
1.45 16.5452724481678
1.46 11.6365382819993
1.47 3.35665466261424
1.48 6.68185210221512
1.49 1.51914538052296
1.5 0.929699833018459
1.51 23.2207028583065
1.52 26.1063276642713
1.53 14.7127754509875
1.54 14.9608196426227
1.55 15.23925306423
1.56 3.85398398978721
1.57 11.5909159495589
1.58 6.28066080706657
1.59 17.1707985538696
1.6 12.4531349916522
1.61 10.0855317684088
1.62 -2.00079757890748
1.63 15.0813263713238
1.64 14.133327837879
1.65 30.4601414450689
1.66 24.8583688519928
1.67 7.45178894084812
1.68 -3.70818448943844
1.69 20.2697929399002
1.7 20.4677366958796
1.71 0.806297640884866
1.72 28.5512758667085
1.73 15.7621662158027
1.74 3.60257476886242
1.75 15.403742798592
1.76 39.3488189979087
1.77 16.3356561030939
1.78 12.7124468667849
1.79 15.7272790210435
1.8 31.1233335607775
1.81 20.3126781391471
1.82 17.1013300527226
1.83 21.558371876029
1.84 3.65662776321385
1.85 14.6500509855781
1.86 29.896438572968
1.87 6.80075857580045
1.88 14.507405722915
1.89 20.8904838822995
1.9 12.2552460791521
1.91 5.46823853952815
1.92 4.95586039484614
1.93 0.825148366975478
1.94 24.7403767745824
1.95 19.8879871949169
1.96 18.4151992086332
1.97 17.6394304008412
1.98 17.2771143084858
1.99 12.6741970220326
2 31.4382610439935
2.01 -8.23830308425391
2.02 -5.64096976035889
2.03 -4.99035180192999
2.04 23.2220392338216
2.05 10.6248472198347
2.06 25.8858434054483
2.07 11.345223735117
2.08 18.5195412972521
2.09 -0.450160643267528
2.1 10.1167037331795
2.11 25.7657179098779
2.12 31.6606919406487
2.13 15.6225114512053
2.14 11.0719267419914
2.15 -3.9262236770234
2.16 3.73540639800098
2.17 7.04768097188966
2.18 2.30281862584402
2.19 1.12119131016078
2.2 -8.08286904256479
2.21 14.2592455115853
2.22 47.2215355862891
2.23 15.9467452296702
2.24 22.7634320869919
2.25 13.3676101979942
2.26 26.6824518856954
2.27 0.949295116798629
2.28 -2.75437014683465
2.29 11.0791828435537
2.3 5.65437714718066
2.31 23.9394382071511
2.32 13.901617020086
2.33 -3.76280111416843
2.34 5.79564367450444
2.35 14.0232664959937
2.36 0.211505348498221
2.37 8.14666436573622
2.38 14.132193588223
2.39 17.1348590059855
2.4 16.6560169392255
2.41 16.9309662239294
2.42 14.0052092782089
2.43 43.774693490461
2.44 27.2747994734608
2.45 20.0800950380586
2.46 8.81490394978034
2.47 -3.87601026305945
2.48 18.7952950306158
2.49 10.2668231236084
2.5 12.6278468333108
2.51 11.8656568263759
2.52 14.5722064798428
2.53 35.2451704000289
2.54 20.3276979570001
2.55 13.0025032033227
2.56 15.4885057973411
2.57 14.3351051957011
2.58 30.4604727210074
2.59 4.40475661373273
2.6 24.435513937361
2.61 -1.11364182635916
2.62 16.593743633745
2.63 4.20262549992612
2.64 12.1048781272958
2.65 27.0926347262826
2.66 43.6469158011755
2.67 35.5507281832351
2.68 8.4586101662672
2.69 8.18093825110284
2.7 -9.93149625107812
2.71 13.5984888276472
2.72 10.6921717816987
2.73 22.0172899995703
2.74 12.6070961141331
2.75 15.1253623893424
2.76 29.3389870444786
2.77 38.9202936178654
2.78 42.5590379975623
2.79 14.5863819475541
2.8 31.9399473816943
2.81 22.2097582460139
2.82 38.3407579951067
2.83 21.7523980743312
2.84 34.175326313522
2.85 -7.03824259332918
2.86 4.1104826082268
2.87 10.7964483384539
2.88 15.6322157978062
2.89 -1.76483045324385
2.9 21.6547458357244
2.91 27.5786224759075
2.92 7.08197242712994
2.93 11.4701965673732
2.94 33.633570857607
2.95 12.6547969870156
2.96 23.4171526913358
2.97 41.6737561713515
2.98 14.137662015367
2.99 24.4304877805873
3 29.3729445140048
3.01 28.7726732220684
3.02 16.3345541469561
3.03 33.3294468404488
3.04 6.99715898052956
3.05 23.3355817927906
3.06 28.3926327508638
3.07 21.5562408014601
3.08 19.9664965171162
3.09 30.1001003120333
3.1 14.7073268269717
3.11 17.9082456125545
3.12 23.3645120148933
3.13 13.4455713697263
3.14 15.5869940855278
3.15 24.8733799319087
3.16 18.5880719604426
3.17 11.8380500736452
3.18 8.21407229328403
3.19 25.2571607783405
3.2 29.9498749733093
3.21 26.2377995982542
3.22 29.8643433329891
3.23 28.0241856137227
3.24 41.1254482871642
3.25 17.4357686048238
3.26 41.4322640230629
3.27 -4.42736118174416
3.28 29.397400212773
3.29 27.4757015220082
3.3 9.62178028032247
3.31 22.6154825747353
3.32 8.034780825529
3.33 21.8525465683352
3.34 0.342339333470299
3.35 27.1666835907554
3.36 12.8617123547876
3.37 17.306613429178
3.38 15.4409085882431
3.39 12.1731321534431
3.4 35.9923563638496
3.41 22.8539876733465
3.42 19.3494930580359
3.43 8.44958554015841
3.44 17.1535606146642
3.45 21.5541913591002
3.46 16.1234651083997
3.47 24.7608127857326
3.48 3.62220609408242
3.49 20.105680576169
3.5 37.7700808665818
3.51 32.4180455636619
3.52 -1.0101276709971
3.53 20.6125087532769
3.54 9.30483230602709
3.55 14.8601928769765
3.56 34.031477485349
3.57 45.5861710288846
3.58 12.6505496220548
3.59 8.29093340444644
3.6 32.0493709523573
3.61 51.2064018514618
3.62 15.9577714860795
3.63 17.3987119191224
3.64 34.5642229347386
3.65 7.00053606841456
3.66 24.8962303398243
3.67 24.8067285105213
3.68 9.76775077894999
3.69 40.7320544358695
3.7 9.14107094116492
3.71 1.32723394322818
3.72 34.2059582831111
3.73 -4.30745865795324
3.74 31.9800038044818
3.75 13.9797398241485
3.76 33.0877472673123
3.77 21.6318997042628
3.78 8.26052403019396
3.79 29.4217517482064
3.8 39.7893525068135
3.81 15.3137531441885
3.82 10.5729675751558
3.83 12.4181283886478
3.84 25.4640763226796
3.85 24.5711650199854
3.86 29.6859287039077
3.87 48.2570366148424
3.88 20.579122062481
3.89 28.0773794878818
3.9 37.5191827379235
3.91 11.0777297790657
3.92 39.4417095089725
3.93 40.8151540911666
3.94 41.0165225257576
3.95 39.9573369099956
3.96 32.5568792621285
3.97 13.0501229728665
3.98 26.6267316049476
3.99 16.7508036152016
4 44.1622319770493
4.01 44.0159317986457
4.02 29.8771711113774
4.03 23.9525364204519
4.04 33.533732438699
4.05 32.5253605649202
4.06 26.9710480936853
4.07 47.180372042447
4.08 24.4101260796342
4.09 12.1108411177458
4.1 3.5033175286064
4.11 19.7094250952333
4.12 31.2174170300579
4.13 24.7284440401579
4.14 6.00602097452007
4.15 27.7168279061677
4.16 36.7950490860258
4.17 26.7996647972902
4.18 28.1458529046922
4.19 25.7185735653245
4.2 44.0998410634509
4.21 9.9134288841718
4.22 21.0910375028085
4.23 35.0979141922022
4.24 39.2216906939388
4.25 26.2474144034194
4.26 15.5035817716527
4.27 23.1866255108887
4.28 5.48276910655464
4.29 29.4905965401725
4.3 23.869910289035
4.31 25.3389284682411
4.32 26.5592414923094
4.33 11.2602230035244
4.34 29.6315004858757
4.35 32.0805882878461
4.36 25.3216404737588
4.37 35.7232158190786
4.38 20.1370406349416
4.39 17.4174967091097
4.4 22.9484942540892
4.41 23.6504595496991
4.42 20.1700584033601
4.43 18.7183755810384
4.44 12.1414782022684
4.45 23.3130178061217
4.46 25.0904874539635
4.47 26.3679569997467
4.48 26.0948385827763
4.49 42.325529976543
4.5 28.6663111429764
4.51 8.42419523060667
4.52 27.3615817829289
4.53 29.7353007329698
4.54 34.0106803589086
4.55 26.3894228423625
4.56 39.1009619826411
4.57 -3.45042478814696
4.58 31.9108591964878
4.59 29.081434136483
4.6 42.2807191970629
4.61 25.0702804044437
4.62 28.3871907765207
4.63 27.5609610427173
4.64 2.01870733710213
4.65 27.7024461386882
4.66 23.3009506445169
4.67 11.3579035611501
4.68 47.6638952148986
4.69 33.8090378480143
4.7 19.4017675408745
4.71 33.1649521042144
4.72 23.2180496038071
4.73 45.3817261049304
4.74 20.5336317094225
4.75 34.1105289994766
4.76 9.32796311499372
4.77 35.8140008806008
4.78 34.8414113558293
4.79 30.2947992883829
4.8 40.0775824149584
4.81 27.0509435000127
4.82 38.2891085622168
4.83 36.4192181272274
4.84 37.0746715857491
4.85 11.2336856647956
4.86 30.4761554255884
4.87 38.9394746820893
4.88 26.8929818631164
4.89 40.60018118631
4.9 35.8672545332333
4.91 26.4752385086387
4.92 38.9313755477642
4.93 38.7101148795463
4.94 44.4628648110221
4.95 25.2781421948606
4.96 36.1713881042028
4.97 13.3052382273303
4.98 34.9292632295331
4.99 35.1650802855221
5 27.87393237765
5.01 8.05440766275832
5.02 11.5094472520128
5.03 44.2007957175302
5.04 21.8571315591066
5.05 32.3632753087654
5.06 46.3051692918556
5.07 23.9366739396053
5.08 34.223169542872
5.09 21.6743261414371
5.1 25.9938705588187
5.11 24.2508635604217
5.12 44.5907119013448
5.13 9.50870667725547
5.14 19.1869717296822
5.15 37.4623991820912
5.16 26.4762218872145
5.17 33.0077006248407
5.18 37.7735607281094
5.19 30.3910331792892
5.2 19.0834657642872
5.21 33.4006059157955
5.22 21.0588304534064
5.23 32.0546572006097
5.24 42.4862662467739
5.25 25.7220241243478
5.26 31.8652649737235
5.27 23.8661299762678
5.28 40.7147690637424
5.29 31.6820045040124
5.3 34.2735166401457
5.31 16.5916362457195
5.32 27.7883115343314
5.33 30.0134128303945
5.34 39.9066740706675
5.35 29.3676717218069
5.36 42.1535166894227
5.37 26.7072872556913
5.38 28.1661124345491
5.39 19.742535311324
5.4 48.0865097915862
5.41 41.4880080340409
5.42 40.3160522188717
5.43 39.6094748873591
5.44 42.7472482441082
5.45 41.3968270519653
5.46 42.2208825300537
5.47 39.4337731641314
5.48 10.1016979820523
5.49 43.2344347957014
5.5 46.0446794101794
5.51 25.6663970953364
5.52 45.8709749857475
5.53 9.59639551257825
5.54 19.1296032880706
5.55 34.6911724037559
5.56 52.2909234877256
5.57 46.0678760613951
5.58 44.0274287097813
5.59 35.2564502721958
5.6 31.8607236255364
5.61 38.3967092632591
5.62 20.1615216324378
5.63 42.5330348290505
5.64 41.003565701358
5.65 40.8426613175351
5.66 33.9021672666944
5.67 33.0271992046219
5.68 23.2956150966722
5.69 7.82039776371916
5.7 24.5886755957489
5.71 31.8963948811599
5.72 34.886356526647
5.73 47.6951352854872
5.74 36.1582526498624
5.75 25.8792795996888
5.76 21.8949433361023
5.77 18.9538828260304
5.78 28.7749606974294
5.79 44.6100782629292
5.8 36.8998920633925
5.81 46.2797290797277
5.82 20.6565047779308
5.83 37.2694499453421
5.84 32.0617631186468
5.85 36.5772849899104
5.86 36.83717935456
5.87 36.1789082990484
5.88 22.7856889675944
5.89 37.0082334277568
5.9 22.2200741710906
5.91 29.2920685680977
5.92 34.0527637890638
5.93 49.0006283372951
5.94 34.1924254907283
5.95 27.098375156728
5.96 19.7270552141744
5.97 33.2190750733354
5.98 12.0356524259008
5.99 30.7136788824941
6 38.4213839771
6.01 53.2411569653604
6.02 38.1274079682694
6.03 30.8603894679309
6.04 38.9399283554282
6.05 35.4735000964469
6.06 52.5801420637379
6.07 50.7030669934885
6.08 52.0393065244202
6.09 38.949169904659
6.1 27.0046113473292
6.11 58.2011311331506
6.12 11.8230056345814
6.13 31.0986063382624
6.14 37.7201962133884
6.15 48.1546142495572
6.16 48.8889322743481
6.17 34.8140260672387
6.18 42.2904251682452
6.19 18.9725083072581
6.2 31.3341451333515
6.21 37.023540371085
6.22 36.2337697495597
6.23 42.8630684944918
6.24 34.9853005815575
6.25 22.3890685555136
6.26 42.9943256671395
6.27 40.090442149774
6.28 37.9947816094313
6.29 38.8128639650839
6.3 38.1551357273235
6.31 30.7063999475154
6.32 43.2721756843422
6.33 31.7383453217255
6.34 37.5154134726559
6.35 7.40757076396142
6.36 30.671378085819
6.37 37.9106183960341
6.38 13.5362301161091
6.39 20.091248626308
6.4 34.2240809013813
6.41 32.4653399813558
6.42 47.7444851127912
6.43 45.9372216717383
6.44 37.076004697433
6.45 21.1383315101855
6.46 42.2114828122169
6.47 40.7698882058666
6.48 42.3426531105125
6.49 47.5320850478237
6.5 43.0980720606315
6.51 30.9433770157205
6.52 42.0639680399396
6.53 29.8665033645251
6.54 34.3247602856672
6.55 34.3101233855603
6.56 26.7174935589858
6.57 28.1860987061858
6.58 44.3816117992286
6.59 50.8406768286222
6.6 30.5655357464863
6.61 37.2754470309698
6.62 36.5981606765219
6.63 21.9321966785853
6.64 57.938578244248
6.65 34.0158855708363
6.66 41.8820154192472
6.67 35.5847551877081
6.68 44.0360912622011
6.69 30.1967282388158
6.7 36.2706847492105
6.71 51.7354065524946
6.72 39.6029756296953
6.73 61.1435004115026
6.74 39.1271892519399
6.75 48.9458119759901
6.76 49.481190807503
6.77 36.2860784260833
6.78 26.4069926147597
6.79 38.552422852869
6.8 32.9420174771951
6.81 55.4830022321747
6.82 51.2730556788957
6.83 39.8353689894794
6.84 48.9267463580894
6.85 45.0075970057575
6.86 49.0505248883685
6.87 34.6958273470634
6.88 47.6256947149672
6.89 45.3119569771428
6.9 56.2891588159714
6.91 32.7180563346904
6.92 38.6597244648567
6.93 43.980009885195
6.94 46.370196903376
6.95 53.5422826604552
6.96 37.0405300151081
6.97 36.7855538714801
6.98 34.6830575138347
6.99 19.0003623076616
7 40.480069860413
7.01 34.7400046103583
7.02 23.1375374085117
7.03 21.2106362204346
7.04 24.4091595885864
7.05 22.1453963523113
7.06 48.8480589900472
7.07 46.0235284624738
7.08 32.8853387954517
7.09 13.7923077891619
7.1 48.5418138330323
7.11 50.7894629865831
7.12 38.853018624165
7.13 24.5192643556155
7.14 50.3020136742266
7.15 56.6666423697697
7.16 31.3199270761924
7.17 43.2053562525377
7.18 40.4090626781454
7.19 40.9367130971255
7.2 22.9487973579647
7.21 61.3628651269207
7.22 47.3708735120563
7.23 40.6586773194529
7.24 56.0852082878406
7.25 39.7870335199813
7.26 40.316826618702
7.27 40.3656630583639
7.28 56.5834096572327
7.29 38.6630580423272
7.3 30.8677038486819
7.31 46.1742462794388
7.32 51.9470874679674
7.33 31.7649478888138
7.34 41.8617091947961
7.35 38.0758642351814
7.36 34.0725177731415
7.37 39.7110750261091
7.38 49.2651676681194
7.39 54.6015602813092
7.4 34.576161780709
7.41 39.8167967862364
7.42 32.7038192707953
7.43 57.8585482706963
7.44 45.3466379673999
7.45 48.9523130348666
7.46 44.5924280568794
7.47 44.135882779121
7.48 59.373955597327
7.49 55.7586981764877
7.5 24.4664817271661
7.51 34.8471600436988
7.52 40.0193514759973
7.53 42.6915556284837
7.54 37.9999776625685
7.55 50.6746401772566
7.56 27.5164384834493
7.57 39.2631779749128
7.58 31.3734861922679
7.59 47.3302704118622
7.6 54.8063980367074
7.61 24.654857508127
7.62 63.9621703786527
7.63 43.9697642644917
7.64 46.8172236958655
7.65 53.2289171658417
7.66 38.106581674705
7.67 52.963596784294
7.68 55.3349146057566
7.69 23.0129266612313
7.7 19.7984588955303
7.71 49.6852592370186
7.72 40.8699725671332
7.73 42.6501324618387
7.74 40.8364458635421
7.75 22.9719776296494
7.76 52.1807421049481
7.77 39.5145424956118
7.78 54.454349933587
7.79 53.7716039439413
7.8 39.3702928603202
7.81 30.9322465527984
7.82 47.7823269483447
7.83 20.2336356212133
7.84 52.3299682399811
7.85 50.2454416825369
7.86 41.9930913668901
7.87 40.8903659689483
7.88 59.6708897834858
7.89 30.688617293576
7.9 48.9322196979105
7.91 55.9106598451187
7.92 35.9300833985981
7.93 56.5115218477836
7.94 45.9264148128711
7.95 46.5134950103108
7.96 52.8586742901551
7.97 38.7638210974944
7.98 69.0833546440892
7.99 42.4443505814516
8 25.9965550011191
8.01 37.3944646229285
8.02 34.3198777082235
8.03 43.991677523101
8.04 46.9078246332705
8.05 39.9117861414016
8.06 44.6212987918409
8.07 62.5079919477992
8.08 39.0927522115059
8.09 61.3054687808353
8.1 30.6714826850387
8.11 41.2558474723646
8.12 46.5986900216612
8.13 55.816805094037
8.14 61.3799935025021
8.15 58.1427593622954
8.16 47.7541225248682
8.17 20.408060550293
8.18 71.450260447924
8.19 42.7999367284163
8.2 51.4915666465736
8.21 53.9158151612866
8.22 55.6459809774046
8.23 41.1425794729754
8.24 48.8384222964152
8.25 36.6636586513762
8.26 33.3563361714724
8.27 46.0137033900071
8.28 34.8410470451788
8.29 42.8278385299097
8.3 30.5184017572013
8.31 64.6874129317709
8.32 46.5398572939017
8.33 40.4177776351838
8.34 59.5674779175306
8.35 24.7676386267999
8.36 35.2031004806542
8.37 48.715859647202
8.38 39.2136214309567
8.39 55.1592596210823
8.4 42.0241155230339
8.41 36.0877238185902
8.42 64.4629673903525
8.43 47.0384972308166
8.44 57.7930070933893
8.45 54.5669375671669
8.46 43.684136973278
8.47 43.6284239186025
8.48 40.3950243686394
8.49 33.7728346890819
8.5 35.3733635294273
8.51 59.5911546381842
8.52 48.8496799777513
8.53 64.835342893971
8.54 68.1633671303113
8.55 44.2917442829457
8.56 48.8224946158433
8.57 47.3405267878269
8.58 34.9412099636637
8.59 45.9788897657508
8.6 69.2280532230478
8.61 31.6281170042082
8.62 67.6606272854856
8.63 58.1727510720584
8.64 41.0780370362771
8.65 51.7043525979116
8.66 59.988904982132
8.67 33.4998866930669
8.68 69.4114388753798
8.69 60.5704351503808
8.7 47.0978896095688
8.71 67.0375093072301
8.72 45.402327359397
8.73 50.358514317453
8.74 47.7681073186752
8.75 38.7276600894482
8.76 75.0210177261222
8.77 61.0776119112692
8.78 54.7237338996617
8.79 32.8356059302156
8.8 51.6564645474889
8.81 43.9376008871826
8.82 37.6840781115215
8.83 60.8990721391657
8.84 60.5861357861127
8.85 45.2166170418708
8.86 55.7013460268475
8.87 62.6560024264243
8.88 24.9106509169025
8.89 54.1305214842378
8.9 62.5365981410964
8.91 39.5160779039321
8.92 54.0228259248673
8.93 44.3291546051127
8.94 47.8728161787091
8.95 56.5322979737638
8.96 43.1403021438999
8.97 56.8363067053335
8.98 51.3971901140025
8.99 39.0432432683192
9 57.5837431848735
9.01 46.3780878996093
9.02 44.4555897708513
9.03 45.5729841306958
9.04 19.045889404359
9.05 65.7356827485086
9.06 46.779720224765
9.07 54.8116621167448
9.08 61.1122104529328
9.09 42.4136181639625
9.1 48.246163880385
9.11 55.6554467784777
9.12 50.3352741365683
9.13 57.467381135539
9.14 65.1121481240336
9.15 57.0683871658376
9.16 59.1422722869027
9.17 57.3771280385795
9.18 71.0443701561748
9.19 42.4186334468757
9.2 52.7914018262403
9.21 46.5914435245758
9.22 55.62085070996
9.23 42.4888518788295
9.24 54.4569634565524
9.25 31.3673899696252
9.26 51.5878217920115
9.27 37.2483784860144
9.28 55.4010660945963
9.29 68.8517866742332
9.3 43.3416918175776
9.31 51.032026463416
9.32 37.207832352972
9.33 73.1831184909762
9.34 40.4348656143469
9.35 49.3443374625654
9.36 60.3279458215035
9.37 66.0536060123167
9.38 63.3946668452644
9.39 53.9436772083311
9.4 41.8009652457921
9.41 49.6880757315131
9.42 50.0048941289561
9.43 56.1166530828972
9.44 43.29607639526
9.45 49.6207659517282
9.46 35.0072016376623
9.47 55.3999560204573
9.48 55.110043636099
9.49 62.1584021055507
9.5 54.0875067855444
9.51 63.7564477527707
9.52 52.5365505455992
9.53 41.2398808341509
9.54 66.4750768801319
9.55 56.3281170513224
9.56 40.3312355997307
9.57 47.1863305291608
9.58 59.5566757471677
9.59 60.4060908811499
9.6 67.8499346578737
9.61 35.1307816865678
9.62 57.3738601596983
9.63 46.5027592450921
9.64 45.8545752587962
9.65 55.0108118615022
9.66 35.9179521426132
9.67 77.8888783694872
9.68 64.091189058961
9.69 58.9311827706842
9.7 61.9754838425818
9.71 53.1788546923655
9.72 55.8386075807409
9.73 61.239147143876
9.74 57.1808052878472
9.75 64.3528073290766
9.76 56.6369617951149
9.77 78.6642407794502
9.78 44.7007211657861
9.79 49.5530471690179
9.8 53.4409998970841
9.81 59.8997889446285
9.82 50.7309919980798
9.83 38.2614166816777
9.84 49.7565783209476
9.85 54.8113842576683
9.86 30.7138014697102
9.87 36.5215616129595
9.88 60.7991471789329
9.89 58.2537335625534
9.9 52.9321441558172
9.91 74.1305648339462
9.92 50.528540445011
9.93 56.8481971230537
9.94 71.1642411803318
9.95 46.335562937563
9.96 64.2400845163899
9.97 70.8499160770295
9.98 67.14351467686
9.99 43.9070998027747
10 52.541835711386
