0.01 6.54753202930738
0.02 6.78996089111205
0.03 -2.08243217611829
0.04 15.2307264711821
0.05 5.24695399215364
0.06 5.89263367921268
0.07 -2.79690692006769
0.08 -14.7856582474241
0.09 5.26493568432097
0.1 14.0276866366672
0.11 2.86088582327617
0.12 15.0960346231648
0.13 10.5491422563328
0.14 7.87976006594379
0.15 8.89719284278103
0.16 -12.7105976195096
0.17 16.8499984657239
0.18 7.47603089662476
0.19 1.02129047748572
0.2 6.52874380416009
0.21 17.2629232303665
0.22 19.2597170140392
0.23 10.6480075142677
0.24 1.40419710133893
0.25 12.8641805590645
0.26 5.40321594751195
0.27 16.7703902996712
0.28 7.16860801877508
0.29 17.9417744816822
0.3 13.0417262206492
0.31 8.10294896595997
0.32 10.7925192839308
0.33 -3.47331608072054
0.34 25.596873702953
0.35 5.51012598161107
0.36 25.8495724774109
0.37 -9.00021327067633
0.38 15.646617654747
0.39 2.16089023375454
0.4 -5.1834551699214
0.41 10.4154023299908
0.42 8.59772836284986
0.43 -2.1684759079912
0.44 15.0547779877903
0.45 11.2917991683552
0.46 10.1014077065874
0.47 0.832662471672084
0.48 -1.38235386140616
0.49 -2.06998639857742
0.5 -8.46014329467792
0.51 16.3888426580909
0.52 11.0913439110379
0.53 6.92979885577387
0.54 14.4449285661459
0.55 16.0213624290134
0.56 4.2841304297665
0.57 12.1853421767359
0.58 1.41235367431155
0.59 5.4962905836985
0.6 26.9911162206155
0.61 29.6439241353932
0.62 17.7536863921988
0.63 13.9825994145389
0.64 7.95893725205091
0.65 0.0717209861235073
0.66 1.50772984842011
0.67 9.76882789163616
0.68 9.67301458227022
0.69 10.3706340709648
0.7 5.89691022649304
0.71 7.43479329496763
0.72 32.9126048799334
0.73 13.3209857767292
0.74 -9.76345211657708
0.75 10.1206204445582
0.76 9.17689082147548
0.77 5.50891190638024
0.78 4.54346367720882
0.79 19.9161841112047
0.8 5.37754012721364
0.81 32.6439146318298
0.82 -2.79551949324711
0.83 21.4454381639819
0.84 4.17589162224196
0.85 -1.58603262239074
0.86 4.56193323132165
0.87 22.126561595453
0.88 -11.7702825877734
0.89 12.1772356031148
0.9 28.918977585567
0.91 5.27278673818845
0.92 4.59517360990839
0.93 17.0409788368397
0.94 23.0377434517887
0.95 10.7144733373754
0.96 -7.1123180100549
0.97 3.19913269744548
0.98 3.38240081091709
0.99 31.2006007400594
1 3.15123761060031
1.01 18.4718320767615
1.02 5.23566355211508
1.03 31.7566652911423
1.04 -7.814977011286
1.05 22.4141006145817
1.06 9.42878291622953
1.07 14.8768240351253
1.08 6.63882538902316
1.09 10.1998353838056
1.1 11.959034682965
1.11 21.530377432946
1.12 14.896127311424
1.13 8.69395706001383
1.14 29.9249137562011
1.15 43.616512294759
1.16 12.4824137010384
1.17 13.3761337653136
1.18 17.8195771795069
1.19 2.69041985856515
1.2 13.0522445561005
1.21 12.2689680609739
1.22 6.5023684208521
1.23 16.5046580605918
1.24 1.76494498858904
1.25 -1.69335048135264
1.26 1.55749506430162
1.27 13.6933180595782
1.28 9.7560367113302
1.29 -8.29234217231815
1.3 10.6896950318523
1.31 1.41847540067976
1.32 30.0919396926228
1.33 17.9513081197221
1.34 -13.1108152754441
1.35 15.777758977486
1.36 22.6254195100986
1.37 17.5176176529402
1.38 18.5682149655971
1.39 36.356291140548
1.4 9.00159858942776
1.41 10.2657134638269
1.42 14.5500877968693
1.43 11.5095976818218
1.44 -0.297280800811924
1.45 19.9061570710141
1.46 9.79234446703687
1.47 10.8621114011876
1.48 20.2913653613303
1.49 -9.57917219692401
1.5 10.4987308659144
1.51 34.9474762629203
1.52 40.4492895317177
1.53 1.82847943035411
1.54 -6.02309341998669
1.55 28.9291775636094
1.56 23.1159187154572
1.57 21.4409616209782
1.58 18.7694780850447
1.59 -0.769760146359967
1.6 34.5951408036178
1.61 -2.18785335990802
1.62 18.8535572298683
1.63 18.0256552812518
1.64 19.5889815418844
1.65 6.09099938597235
1.66 23.6688299484907
1.67 19.2021051218284
1.68 16.9505452826812
1.69 -3.68541231244019
1.7 14.6249769476818
1.71 18.6872950255744
1.72 18.4885470023782
1.73 16.3178772506931
1.74 29.3809644997175
1.75 13.1168610781288
1.76 22.3400222527903
1.77 5.92695089408945
1.78 18.6565966077637
1.79 23.1832262764059
1.8 34.8784049271014
1.81 18.0472862377068
1.82 14.7611751703407
1.83 11.0376864467052
1.84 10.1143507798987
1.85 0.659824025897771
1.86 -10.0252750991009
1.87 14.8335203981008
1.88 0.205124920401843
1.89 34.6707978690529
1.9 5.5918858182949
1.91 7.4634533055004
1.92 -3.85677577688496
1.93 7.92266160395871
1.94 12.2927796267396
1.95 34.6192390847014
1.96 16.1927640388868
1.97 -0.487834719184308
1.98 9.73983712450964
1.99 20.0781807943728
2 12.9196845160258
2.01 1.07065349087542
2.02 7.03060775550952
2.03 16.9364511903921
2.04 6.98413297622185
2.05 2.90576539380403
2.06 8.0883737929186
2.07 17.7533173763885
2.08 19.4161445160755
2.09 22.501477757932
2.1 22.7095921601235
2.11 -5.2995661310119
2.12 21.7388594099378
2.13 16.5711001393634
2.14 -6.58118661426028
2.15 14.1746355573949
2.16 19.7592965090083
2.17 18.5674008365438
2.18 9.89474004000638
2.19 1.41332563873011
2.2 -5.84514826604091
2.21 11.1097592342237
2.22 9.99002259010501
2.23 17.4207900136639
2.24 15.9624910556876
2.25 9.52548635878156
2.26 30.3967694489947
2.27 16.0762599302743
2.28 6.78313232681688
2.29 0.788286036802461
2.3 37.4965744363997
2.31 26.478851585277
2.32 25.5143799490858
2.33 34.8084882688551
2.34 10.6970423835956
2.35 10.6712490122363
2.36 2.55607434270088
2.37 18.7330266098431
2.38 4.63670530247159
2.39 10.3145289608475
2.4 0.848992758941167
2.41 -0.863945043637754
2.42 23.7870997210401
2.43 15.4814210222995
2.44 14.5411267185854
2.45 21.7675401613416
2.46 0.580560398067863
2.47 20.1975639541441
2.48 17.06591799303
2.49 34.1942291999481
2.5 32.3508236589179
2.51 14.7433471109031
2.52 14.9697291099054
2.53 3.25279681805052
2.54 27.3856804334133
2.55 10.4691774986817
2.56 3.45928529606255
2.57 21.7341714692161
2.58 10.0012977301145
2.59 18.251155979705
2.6 13.8146238122622
2.61 10.6828313782234
2.62 28.4142846220539
2.63 27.9241406679374
2.64 26.2753345916523
2.65 17.0096960293346
2.66 14.1552985587242
2.67 23.3737960385792
2.68 11.2792651220958
2.69 8.35497274257147
2.7 27.8568102788754
2.71 27.7657827178358
2.72 25.1542293829231
2.73 28.8468255712676
2.74 11.478993753427
2.75 15.6820879503916
2.76 -0.109946827439298
2.77 19.1418035128896
2.78 19.3319308906606
2.79 28.2863167035168
2.8 20.4504422973462
2.81 15.8762990245637
2.82 25.7805128183869
2.83 37.4975471648098
2.84 28.8798896586435
2.85 10.5381076245399
2.86 30.700863621457
2.87 22.0957238152527
2.88 6.00492697111908
2.89 47.5724799684864
2.9 27.0067668613675
2.91 24.8704712794199
2.92 22.3578254744221
2.93 21.9291056418749
2.94 21.3189714521581
2.95 13.8728938475983
2.96 15.0676139086619
2.97 5.07029402833993
2.98 29.0032377353717
2.99 5.45976366383602
3 7.67142045297597
3.01 23.4502279553048
3.02 10.6338329321374
3.03 24.0986876319781
3.04 17.4060622410732
3.05 11.3020951783136
3.06 15.7391602537733
3.07 23.9048452304018
3.08 38.5131620786203
3.09 22.6512494669321
3.1 34.6219272301811
3.11 34.2524546930601
3.12 32.90317812826
3.13 17.5831895658586
3.14 16.5214686723622
3.15 37.6065617393123
3.16 20.6329591260369
3.17 9.02311760463607
3.18 15.9093505460622
3.19 15.9867905876754
3.2 40.2361944638977
3.21 18.1270440222567
3.22 9.30057579660676
3.23 28.5345074334202
3.24 16.1933605245938
3.25 39.8405660064395
3.26 17.516425314689
3.27 12.3598748404307
3.28 19.0807009875332
3.29 27.2093295290054
3.3 19.2578360514117
3.31 25.7811892305993
3.32 40.1080268842341
3.33 20.4376374947205
3.34 25.9164960431703
3.35 13.8375097446858
3.36 30.23367379737
3.37 25.9610511988678
3.38 10.8097048541272
3.39 46.3416759861868
3.4 26.1982140249619
3.41 18.1615512220733
3.42 18.8104888647996
3.43 23.3890921252541
3.44 6.88034993279742
3.45 29.61374198281
3.46 25.4893261409612
3.47 31.8801805331858
3.48 13.7824449599878
3.49 0.134695582766078
3.5 23.0466822663551
3.51 20.5161966476782
3.52 1.4362085061998
3.53 26.1388849783013
3.54 34.5100918885233
3.55 14.7163291898374
3.56 13.7886840890729
3.57 32.3486030956966
3.58 17.3506887048105
3.59 40.1244586813025
3.6 21.3760539158028
3.61 15.1538393980811
3.62 23.3333093613302
3.63 24.1865892059363
3.64 16.8844192524786
3.65 39.7258221370343
3.66 24.6414583351523
3.67 24.7204711295258
3.68 39.00095987847
3.69 13.2325398404798
3.7 17.784376916592
3.71 26.3269323794646
3.72 40.5398971553626
3.73 21.8168751035526
3.74 23.4087385917235
3.75 17.5078794800851
3.76 2.82899634584414
3.77 13.6269131931928
3.78 30.1408084550661
3.79 43.2976193182285
3.8 12.1233121025106
3.81 18.752164470268
3.82 31.9278117241001
3.83 26.3626820548282
3.84 24.9704149841752
3.85 17.2438713746419
3.86 25.617773746502
3.87 21.1759778058341
3.88 42.1401606686783
3.89 15.8201918706533
3.9 21.3046916064853
3.91 24.7119451275809
3.92 25.9679512368115
3.93 34.9337239284563
3.94 23.9619647537923
3.95 27.7447643918235
3.96 3.52371652667568
3.97 23.7184789628695
3.98 17.641642117677
3.99 41.435175375809
4 13.99089805049
4.01 32.2181669712128
4.02 30.0440651852868
4.03 7.18516036945633
4.04 33.0010845701923
4.05 12.4423833190321
4.06 17.936470359726
4.07 37.424716535984
4.08 22.4659179573679
4.09 16.1272813974216
4.1 37.3240293628691
4.11 8.86153996967473
4.12 28.3764561430659
4.13 26.6995176830453
4.14 16.4095722910493
4.15 35.9324748558315
4.16 31.861646591863
4.17 27.3725431098099
4.18 29.196695452488
4.19 23.4874496309894
4.2 32.8054124928261
4.21 37.1712990955386
4.22 29.7042773816182
4.23 19.3255116653824
4.24 35.9023902621996
4.25 39.1296975199956
4.26 23.714582600044
4.27 18.6724436920991
4.28 18.4872458571129
4.29 36.8407934291573
4.3 22.3507939739718
4.31 18.4574122864576
4.32 35.5012769746833
4.33 5.77227139100245
4.34 24.5891983841397
4.35 24.8332291994392
4.36 31.2390827108529
4.37 28.2007845371062
4.38 17.0251765558887
4.39 25.3328382454393
4.4 51.6880805450894
4.41 32.3089736300501
4.42 16.1656165434898
4.43 9.03582422248424
4.44 29.1092693956368
4.45 37.7890422570153
4.46 25.1769426517192
4.47 17.9244718503258
4.48 21.3894730300142
4.49 45.5589490000101
4.5 31.1306870664236
4.51 12.1989437465486
4.52 38.2465474299143
4.53 44.8308821639924
4.54 37.1704518833654
4.55 17.9170090403827
4.56 27.8095547081355
4.57 34.3102296879342
4.58 7.59717920819065
4.59 16.8081107000938
4.6 27.7907479934131
4.61 37.2815943764587
4.62 39.8387037083856
4.63 30.3163956335289
4.64 21.1717283771254
4.65 30.2402065480716
4.66 27.1025439722095
4.67 27.189380692138
4.68 29.4192648409465
4.69 12.8262598043874
4.7 16.3573877383495
4.71 26.6589087025571
4.72 32.0756793066188
4.73 37.4322244405052
4.74 24.6872462477113
4.75 37.0939868806591
4.76 17.2491184348131
4.77 21.039969572004
4.78 30.2436917614174
4.79 31.6061952941083
4.8 22.5952653204747
4.81 19.7811652429028
4.82 31.9265847852922
4.83 12.4875696362718
4.84 23.5322657622211
4.85 23.0603801222205
4.86 39.159837050468
4.87 13.1847072502389
4.88 35.7305783668661
4.89 38.3082390499508
4.9 26.1509705811094
4.91 6.19435831101833
4.92 37.0002002444978
4.93 36.9447088586331
4.94 24.3468183604911
4.95 38.0420698787811
4.96 41.3958480991868
4.97 5.56986253844972
4.98 21.9185944973546
4.99 51.6729297667924
5 28.3920222159864
5.01 22.6744004618318
5.02 18.1951340207957
5.03 34.0351765937107
5.04 53.4960008312885
5.05 42.2820568873761
5.06 9.89878866391578
5.07 7.36208464056282
5.08 21.6727222288306
5.09 35.4928755660698
5.1 13.6809506168412
5.11 26.7659102909567
5.12 27.5420613667088
5.13 34.1887599962295
5.14 19.9292584086662
5.15 30.3905814091745
5.16 25.6478316880636
5.17 23.1896041620136
5.18 36.6762257508529
5.19 40.4039230663268
5.2 39.1560527084217
5.21 32.1235111209897
5.22 35.5753214023987
5.23 21.7716942426218
5.24 37.2698604050855
5.25 44.3128451099362
5.26 53.707420610851
5.27 28.8182886737107
5.28 21.711885100659
5.29 48.2121390732975
5.3 16.9993289631625
5.31 21.7243922872546
5.32 18.2748819866212
5.33 25.1113314364022
5.34 24.5079807830185
5.35 25.1087636648244
5.36 40.2174605571506
5.37 19.2330595124859
5.38 25.9229112312628
5.39 37.0169973967556
5.4 40.8434972894462
5.41 33.8260768920474
5.42 33.3928050537911
5.43 31.8343500755438
5.44 43.0569089841544
5.45 24.1703535590364
5.46 22.7145777648038
5.47 39.1337338375092
5.48 18.2965541747055
5.49 35.6003459306917
5.5 19.023536001146
5.51 50.7153299490509
5.52 27.1470243802672
5.53 23.5628600899211
5.54 26.2650420567028
5.55 17.9622266446916
5.56 34.8433287017597
5.57 37.8686616869341
5.58 50.3360746514834
5.59 36.0084917443296
5.6 33.9815491302093
5.61 40.1609848014569
5.62 27.6955026460764
5.63 17.6771191694329
5.64 41.8964096401774
5.65 37.7273657112086
5.66 42.2374827122631
5.67 37.3816420046459
5.68 1.91121102350928
5.69 43.4702168907284
5.7 39.3158735273852
5.71 32.7295617926467
5.72 27.5238346150789
5.73 35.5264806883428
5.74 12.8051128849239
5.75 32.6846341330566
5.76 40.4479665033712
5.77 37.8944552994832
5.78 34.1417363911313
5.79 33.3612108661714
5.8 53.3196020684114
5.81 33.7753607333097
5.82 25.2734480235503
5.83 30.0007092966771
5.84 23.5603536818671
5.85 29.8860615102704
5.86 40.6315147494827
5.87 42.272757595336
5.88 46.8009752576833
5.89 34.2344404110917
5.9 37.0998793859321
5.91 27.1142191229482
5.92 47.8636017240951
5.93 54.5593377978029
5.94 31.2365197757014
5.95 38.1183562529033
5.96 50.0137984781254
5.97 54.1970150124405
5.98 29.0718869667487
5.99 34.3062928607472
6 44.1083771086151
6.01 37.076961981249
6.02 50.5508192672855
6.03 41.0953456616487
6.04 23.575578826459
6.05 25.7271151938312
6.06 26.5679718313293
6.07 48.5834706270242
6.08 48.5787366315226
6.09 40.2527344673454
6.1 17.2340152695336
6.11 26.3673513509249
6.12 33.3544092859718
6.13 26.8552490773446
6.14 39.37412148667
6.15 41.6895583717351
6.16 56.5733878318436
6.17 33.0653979955025
6.18 12.4657763786079
6.19 40.0014495672634
6.2 27.4982097409163
6.21 34.2981792679156
6.22 53.2130517246821
6.23 24.237059785984
6.24 25.2932298890141
6.25 33.7768802325568
6.26 26.1369029423532
6.27 38.5708800354485
6.28 43.4590155215171
6.29 30.6805226411642
6.3 32.1828889946435
6.31 22.3997643358783
6.32 24.1574711676986
6.33 27.6788301728129
6.34 39.6083832797534
6.35 37.8243685837611
6.36 31.2025483320578
6.37 56.4357611791315
6.38 47.7030875090115
6.39 30.9897188244314
6.4 36.9900380440053
6.41 42.3501575132185
6.42 30.1128903451844
6.43 44.0775716752064
6.44 44.7936180785185
6.45 30.6061371797043
6.46 29.6545232932867
6.47 43.0401017796575
6.48 42.5691387336576
6.49 44.6788260317788
6.5 36.6575785520298
6.51 18.4307536930146
6.52 44.2462061533537
6.53 33.4149773100777
6.54 25.4861098629577
6.55 28.0377614979868
6.56 33.3798289955841
6.57 46.5683203432703
6.58 28.5243055807113
6.59 32.3226774821755
6.6 43.7728408007419
6.61 23.8116124320198
6.62 46.6474542339004
6.63 20.2687680062508
6.64 61.7039082927342
6.65 33.0042927473792
6.66 38.9084545833967
6.67 50.503360713439
6.68 60.295006278073
6.69 46.2611713082062
6.7 48.624085308374
6.71 33.2079905485515
6.72 30.0182091949426
6.73 26.4425079964264
6.74 38.7761890182025
6.75 31.7473898881747
6.76 47.8893720496814
6.77 46.3728171064059
6.78 36.0158787300569
6.79 33.9749484618543
6.8 35.1853046265946
6.81 42.1310368602613
6.82 21.5733116634168
6.83 39.3945126759745
6.84 45.5118799241334
6.85 63.8912238094412
6.86 30.2222740385396
6.87 42.3437736567167
6.88 64.7854907132251
6.89 39.955796192877
6.9 41.8566062758874
6.91 33.4039308983176
6.92 32.4024968383518
6.93 38.0307866979458
6.94 41.3653305679919
6.95 49.6310632764182
6.96 35.2696177944414
6.97 44.0621768933886
6.98 49.1903818623708
6.99 49.854917229562
7 38.3998642901645
7.01 43.244346039651
7.02 37.9094375524924
7.03 42.7318026452676
7.04 14.826709809142
7.05 53.1938768673583
7.06 55.6510022312619
7.07 42.9051388984983
7.08 21.4483436934678
7.09 47.5512715660715
7.1 43.0965637306196
7.11 55.4631627976237
7.12 48.7207442469537
7.13 54.8388947943555
7.14 53.278175199328
7.15 39.7287703406158
7.16 36.6629628360221
7.17 34.2783035330631
7.18 52.9234157825117
7.19 33.2182720264197
7.2 46.8160296907343
7.21 38.120959394065
7.22 51.8012149900531
7.23 32.4087862164377
7.24 54.1709055609699
7.25 50.8013636378347
7.26 45.4689227596248
7.27 35.6031132236355
7.28 48.9422554750299
7.29 57.4066422994849
7.3 34.2457689902011
7.31 56.9315920522555
7.32 40.7505135602186
7.33 47.6569338962155
7.34 53.0478240959331
7.35 49.7220206621216
7.36 44.8607558624554
7.37 37.1893539036416
7.38 56.6038501143723
7.39 55.5121267822448
7.4 40.7380875182843
7.41 32.5020388679146
7.42 43.4895058764853
7.43 27.7559961494194
7.44 50.5603443470041
7.45 54.6775499728127
7.46 43.9512999974699
7.47 38.2407245668889
7.48 50.62499645605
7.49 57.8522093106043
7.5 44.2493456809211
7.51 49.5079170835583
7.52 39.2803562500656
7.53 50.2229094317917
7.54 58.0966317391802
7.55 40.0346250249066
7.56 37.9121138973707
7.57 43.6272629926295
7.58 38.6083482617886
7.59 40.1736838293763
7.6 56.5169857433246
7.61 39.3444858356297
7.62 52.3700413855673
7.63 50.7199369547566
7.64 47.1737983925901
7.65 45.2929116770534
7.66 38.8000050718721
7.67 65.549709770277
7.68 54.8591873387243
7.69 42.9070052341409
7.7 51.4661321210491
7.71 51.3715510901959
7.72 39.4157303716621
7.73 29.7136592084713
7.74 48.1174480822569
7.75 50.9277964644246
7.76 34.0264675979139
7.77 33.861690989408
7.78 56.5369147887253
7.79 34.7611158222458
7.8 58.3781346435503
7.81 35.1971232533487
7.82 40.6362797951134
7.83 53.5142217744109
7.84 25.0951815762816
7.85 46.3102455337437
7.86 32.2996377789574
7.87 45.2215228867011
7.88 49.7099565252098
7.89 46.0582256009202
7.9 55.9938099292015
7.91 30.9592472329678
7.92 42.5493113918153
7.93 43.3473492313155
7.94 38.002152169803
7.95 42.0895819266272
7.96 58.9179511299177
7.97 42.1492409115523
7.98 44.2032880205548
7.99 39.9221125979304
8 64.1135484390932
8.01 51.5113151584468
8.02 69.7843128194852
8.03 46.0175455679179
8.04 60.883073454697
8.05 32.2601443112246
8.06 44.1815478985285
8.07 38.2240791512923
8.08 58.3468073833564
8.09 53.548120179342
8.1 39.4611320431805
8.11 46.4656674430285
8.12 57.0838675302357
8.13 40.0191482468592
8.14 35.7081751784993
8.15 43.3835980324649
8.16 52.4464479606545
8.17 40.2731270771357
8.18 49.2447701831158
8.19 45.873365238991
8.2 43.2117067881595
8.21 39.4761077232114
8.22 43.9085694154255
8.23 57.5568452270232
8.24 57.2390812621738
8.25 54.4386657267029
8.26 45.7334116266627
8.27 47.0289158735375
8.28 48.4351702709314
8.29 46.6404826231438
8.3 44.4208990834585
8.31 28.3234763369467
8.32 49.8222255077661
8.33 41.0546774376451
8.34 51.5985134958822
8.35 60.9347992006355
8.36 48.5553390328603
8.37 43.3713016163645
8.38 51.1472653501459
8.39 23.9947863328181
8.4 58.3809173924535
8.41 48.3586812576756
8.42 38.1750439571347
8.43 54.6894640249696
8.44 36.4253687000422
8.45 34.5165077193517
8.46 44.8682291265294
8.47 40.9129331141563
8.48 57.7563255355716
8.49 41.4571043424739
8.5 53.6891828630327
8.51 45.6846273716712
8.52 38.766246034651
8.53 52.2207195195005
8.54 56.4723864476206
8.55 47.4961020542519
8.56 35.9460619470413
8.57 36.2446067854612
8.58 48.9139771219399
8.59 43.7659299893029
8.6 76.9585523195929
8.61 59.892130351376
8.62 45.0591569217119
8.63 60.6376285463483
8.64 64.3340610876734
8.65 42.5983853293753
8.66 55.5841709114899
8.67 48.5788992100532
8.68 39.4369411694928
8.69 44.8811895973897
8.7 46.4530423287431
8.71 53.7352962947784
8.72 56.8617955761253
8.73 48.7491930180826
8.74 51.1981125717126
8.75 51.3190508039807
8.76 29.661693151983
8.77 45.9304690748554
8.78 45.4179049995462
8.79 51.4545378572381
8.8 53.8508810461614
8.81 40.8214691450674
8.82 46.8105603321764
8.83 49.5883037441271
8.84 53.9107021914581
8.85 48.865084936807
8.86 59.0470191160392
8.87 57.5645994390405
8.88 48.1483308143825
8.89 40.2984993310432
8.9 53.6196587916648
8.91 25.0452076777752
8.92 52.3720154424105
8.93 40.0000992170086
8.94 52.992341137148
8.95 62.8416802002594
8.96 71.0313270233197
8.97 26.6734564162899
8.98 39.6023459790198
8.99 60.9626445585907
9 56.2892981585686
9.01 45.2556540797733
9.02 67.9384526147876
9.03 48.045972757348
9.04 44.5221048889029
9.05 57.8163352174297
9.06 34.0955073458694
9.07 42.2388332464612
9.08 56.1801485814548
9.09 51.6233120071425
9.1 53.1828915901265
9.11 34.804648034644
9.12 69.4858632400955
9.13 47.0117193511215
9.14 41.1853661766624
9.15 61.7162733640805
9.16 57.0613601397785
9.17 49.4717159812042
9.18 45.7059057826475
9.19 40.5854702977525
9.2 48.0121251977566
9.21 54.6640833977625
9.22 50.6237072110146
9.23 39.115649160674
9.24 47.9817017749812
9.25 36.0834462254275
9.26 44.9455045148278
9.27 66.7104979182924
9.28 29.4093805510965
9.29 52.4174092983392
9.3 53.0769739780128
9.31 56.9186277165672
9.32 37.7037320450441
9.33 54.136801345166
9.34 33.0907750110249
9.35 54.6636654381505
9.36 60.9887022387068
9.37 41.271110852751
9.38 47.9516067524543
9.39 57.5824963871708
9.4 55.6805117252537
9.41 60.5528576828209
9.42 58.1256513338392
9.43 56.5902467602079
9.44 40.7203742016466
9.45 52.0974441491745
9.46 40.4358881281588
9.47 46.0076354500735
9.48 44.1824126076137
9.49 68.9813067979961
9.5 57.1024319964331
9.51 61.0341242696867
9.52 50.7222345230019
9.53 44.030441582108
9.54 57.2736528004637
9.55 57.850791250553
9.56 50.6436342300572
9.57 47.6483010855885
9.58 62.1979800939876
9.59 50.3391103916699
9.6 54.524183521336
9.61 54.1762737086706
9.62 47.3046866569806
9.63 41.8146340576122
9.64 56.2356550314783
9.65 49.1751246331073
9.66 65.9335285571397
9.67 45.0109047711042
9.68 39.8680294904369
9.69 37.6988513146609
9.7 68.8674568035667
9.71 64.6093271375435
9.72 53.1479332318005
9.73 51.0265729585409
9.74 56.7147716272077
9.75 62.5862874729574
9.76 48.0397326582096
9.77 60.002243153503
9.78 50.4783289810465
9.79 44.0295702305341
9.8 51.0534389599694
9.81 48.3921574820053
9.82 57.0423650914221
9.83 66.5115909546159
9.84 58.7087875703798
9.85 34.4125761694961
9.86 47.8529184152294
9.87 68.4307445206908
9.88 50.8795335904528
9.89 56.293853356375
9.9 58.8946444056337
9.91 46.9845422902702
9.92 48.4589968200324
9.93 46.6333291138557
9.94 57.6860603383255
9.95 58.4751520803332
9.96 40.1216185752897
9.97 54.4907623666435
9.98 54.2279221868244
9.99 62.4747971282131
10 69.1664029755896
