0.01 -22.4453953151949
0.02 12.0289612183347
0.03 7.36316126955933
0.04 15.154515021426
0.05 15.4052338160008
0.06 15.5219345328256
0.07 -3.46915192686619
0.08 6.24116478092742
0.09 4.64291025658797
0.1 15.8923718743728
0.11 -0.61768468345246
0.12 -4.07981935055573
0.13 6.16029612126708
0.14 6.65381543815863
0.15 5.20196620181922
0.16 -3.19148476310701
0.17 16.1736186269715
0.18 4.99776815166316
0.19 7.91784545447381
0.2 17.3699208487105
0.21 14.5204793404487
0.22 -7.15888814852222
0.23 8.55858351885023
0.24 18.1290940521518
0.25 -1.6893001741356
0.26 0.211077018493208
0.27 0.811313276082063
0.28 -1.5484352031809
0.29 9.50887663294989
0.3 3.03035588292831
0.31 -4.64609410882893
0.32 13.2853826147089
0.33 17.9084652880488
0.34 15.1569218227974
0.35 9.40739548461885
0.36 2.63144199310546
0.37 12.7698419570675
0.38 -2.71533274892055
0.39 1.09874170267144
0.4 4.22260116290541
0.41 11.4374415713965
0.42 8.78421297134666
0.43 -3.12960425092401
0.44 3.60097906864591
0.45 -3.07847575028045
0.46 9.85323024387445
0.47 6.65349285818514
0.48 17.728549766233
0.49 11.8178632470636
0.5 5.37659047285485
0.51 17.8734843468752
0.52 8.36177134438047
0.53 2.40520330140756
0.54 11.5464186918596
0.55 3.10765040992146
0.56 15.7819538764641
0.57 -13.9460916516666
0.58 11.0863750116653
0.59 -5.29319369450892
0.6 -3.3357771137146
0.61 14.5280647844767
0.62 16.5300789164372
0.63 11.7962358147898
0.64 7.99220617865718
0.65 2.3024047773897
0.66 -4.8162794098161
0.67 4.73918807538346
0.68 9.47904433139696
0.69 14.9490223404023
0.7 -5.18521793134194
0.71 28.5261393742786
0.72 2.69626850054975
0.73 11.2986808538493
0.74 11.1489773002106
0.75 -5.85706618491165
0.76 11.3716119499387
0.77 15.5824517514563
0.78 -0.109224152564421
0.79 0.329923501453779
0.8 19.6252094154554
0.81 28.3329645858112
0.82 3.37609335041386
0.83 5.81812368657824
0.84 25.0981221940375
0.85 25.6585936208059
0.86 11.827697624705
0.87 8.20836255259842
0.88 -0.819762337235145
0.89 8.86873195580615
0.9 2.38666906448861
0.91 14.1319506815845
0.92 8.73153326795747
0.93 16.3076494317052
0.94 14.248074911409
0.95 9.89923053271527
0.96 22.8086619088434
0.97 7.80614198021109
0.98 11.8045599886762
0.99 11.9553960103442
1 7.07197396313664
1.01 23.5767688474462
1.02 25.7249464767577
1.03 22.8901972920229
1.04 -5.0929014979964
1.05 4.45997348251959
1.06 21.4139453874065
1.07 2.95900961774064
1.08 1.94078041069861
1.09 13.9959187202349
1.1 27.1594229413047
1.11 23.7090705810447
1.12 5.91448186873528
1.13 14.9820077714854
1.14 21.2107333194305
1.15 11.3916117926777
1.16 15.2821969068639
1.17 12.2778955997745
1.18 17.9290555242065
1.19 13.2770148112582
1.2 21.6463218883058
1.21 -1.90655598286463
1.22 -4.17790272409636
1.23 -0.348148149005257
1.24 -5.41072085241095
1.25 19.1438918739858
1.26 5.95722799032687
1.27 30.3440978169142
1.28 8.4884005487928
1.29 10.7758540367989
1.3 9.66267119279844
1.31 6.91229278393381
1.32 15.9220784932586
1.33 4.07673595801486
1.34 14.0441225922278
1.35 11.559802482889
1.36 3.31480262387476
1.37 0.304670570797331
1.38 11.7997156836947
1.39 23.8801557917676
1.4 27.9282271810058
1.41 3.44179815702621
1.42 0.70363277629462
1.43 24.0533285670236
1.44 8.98416611907601
1.45 18.8352629083971
1.46 16.047284552432
1.47 37.4964817533083
1.48 7.4154311591481
1.49 -2.64451440844981
1.5 35.2232435054285
1.51 18.0880253252267
1.52 -3.89196839767644
1.53 8.27237670436454
1.54 6.11445603828999
1.55 20.3483605712232
1.56 24.8038644274143
1.57 18.5598868513154
1.58 31.5789430003014
1.59 2.35011526145373
1.6 9.20255468228332
1.61 26.1079356633716
1.62 5.34478372872135
1.63 -5.53172664514364
1.64 19.7424800957274
1.65 9.44179785770248
1.66 16.5648263877169
1.67 18.546257544933
1.68 18.6941074174398
1.69 20.4711711654804
1.7 0.573180021379271
1.71 17.0892541470454
1.72 7.63212640303417
1.73 2.18526588514644
1.74 14.0112748418977
1.75 4.98286703518007
1.76 27.9984670764716
1.77 17.3732691685349
1.78 15.1808501071293
1.79 15.5640359859061
1.8 4.73587653542623
1.81 11.8042376422717
1.82 15.8140779963947
1.83 20.805028554935
1.84 3.90177044622988
1.85 24.5961089136884
1.86 1.51667692824351
1.87 2.7249314469758
1.88 18.136527257537
1.89 15.9937855399829
1.9 15.3962130360071
1.91 -2.25007500147125
1.92 6.10722225967552
1.93 13.9930318715607
1.94 45.8187495413665
1.95 10.9581008227399
1.96 2.13462661276807
1.97 7.46761177275262
1.98 -13.6259004881076
1.99 12.9438683421378
2 32.1664275207974
2.01 22.4453914438687
2.02 9.92439395068539
2.03 29.6289892617732
2.04 17.9412326959757
2.05 27.4803965060338
2.06 2.84780879666141
2.07 23.9746881058966
2.08 22.9618487146355
2.09 6.13956250183497
2.1 11.4542537427781
2.11 19.3484908336168
2.12 22.8108417403382
2.13 26.0900695477138
2.14 13.8600117042077
2.15 6.25984641093821
2.16 4.6827424483368
2.17 16.1822722126165
2.18 9.22482074478759
2.19 3.76593886456536
2.2 6.65811400269981
2.21 13.6620951414906
2.22 21.6120645465017
2.23 14.8277928866725
2.24 12.2905666503758
2.25 8.215695855349
2.26 12.128672204951
2.27 20.5351844835938
2.28 -4.11491336112344
2.29 2.28893592373019
2.3 9.38289290125303
2.31 17.0932583456545
2.32 12.896220982765
2.33 15.8749700311396
2.34 4.75738403431438
2.35 21.1838572635989
2.36 33.4578024876313
2.37 25.1075408670856
2.38 8.02404806426226
2.39 7.14354750368839
2.4 20.9850244609577
2.41 21.4324790905276
2.42 31.0143659003916
2.43 12.4396526378799
2.44 5.83259163168117
2.45 7.93819387868012
2.46 30.9782466720597
2.47 23.7968203861909
2.48 32.7530957722301
2.49 17.6645578080192
2.5 37.8072520021053
2.51 22.6141024781724
2.52 18.0626530850732
2.53 21.4393132907977
2.54 -8.81712959775984
2.55 27.8667490235809
2.56 11.6603746398236
2.57 25.8239790987036
2.58 29.8006791299102
2.59 18.2011912150294
2.6 -3.21185642603069
2.61 25.4590155358866
2.62 17.295507811689
2.63 20.3523272451547
2.64 20.8169294614583
2.65 22.1330508539584
2.66 14.9753574781411
2.67 25.9846869196537
2.68 21.2820079309324
2.69 13.6843270836227
2.7 8.10345280469713
2.71 20.9689853943809
2.72 8.7894264664338
2.73 29.1246001468387
2.74 25.0726239601197
2.75 14.360334575275
2.76 14.7653461085282
2.77 21.3643344418305
2.78 17.8967931172906
2.79 19.7656661068388
2.8 18.1158537339829
2.81 23.4147300481544
2.82 -7.2505391384396
2.83 11.6960712315268
2.84 25.9254170147875
2.85 27.765479799442
2.86 33.1402861045704
2.87 10.4469204834633
2.88 30.8917649275879
2.89 47.6182892456559
2.9 3.32895199227512
2.91 19.5653040879015
2.92 13.8056138574827
2.93 20.3624958809905
2.94 18.1703437860533
2.95 27.4129494589254
2.96 15.3474103661657
2.97 20.485681603672
2.98 23.8173804943604
2.99 31.7310985180067
3 22.5112477961517
3.01 40.432253194033
3.02 17.1348615538407
3.03 26.4884241772503
3.04 33.4231495869267
3.05 27.0508740286275
3.06 37.0170949545082
3.07 15.8425701123815
3.08 31.8490848153314
3.09 27.6473778359225
3.1 12.3140115993147
3.11 7.72723556861438
3.12 47.1954113205333
3.13 29.8124665396492
3.14 45.1198049657
3.15 10.3153450112407
3.16 7.77373150751228
3.17 -2.76496559705078
3.18 27.6946101752799
3.19 23.0856806525043
3.2 9.39331620114338
3.21 4.88269632741025
3.22 25.6453879526723
3.23 20.82602548193
3.24 7.08840113350217
3.25 27.689175206607
3.26 21.0281670200142
3.27 9.85169116897782
3.28 23.1254313712785
3.29 22.3448503140273
3.3 41.192157726015
3.31 25.6749578214347
3.32 8.86624653410407
3.33 18.5479831606297
3.34 42.7926631734985
3.35 14.1933790562248
3.36 24.7528366125883
3.37 30.3351454887929
3.38 33.8382321389677
3.39 18.0948487921952
3.4 25.5795848967086
3.41 23.1596428878024
3.42 21.9181121956453
3.43 17.1904049055534
3.44 24.8303246808433
3.45 25.695593727185
3.46 18.3400931431929
3.47 34.1985442527388
3.48 -1.14496239685764
3.49 6.69118805470092
3.5 10.4379962933668
3.51 20.3628115418475
3.52 36.2861933311479
3.53 36.7031184006828
3.54 17.0976071083586
3.55 24.3650782139356
3.56 23.161504674184
3.57 27.9139783416601
3.58 8.38464580164923
3.59 17.3330424233673
3.6 35.3942703479311
3.61 30.0234839719319
3.62 0.194303215648869
3.63 46.1936411623439
3.64 23.4670381220166
3.65 22.2432308445669
3.66 22.214563062082
3.67 27.3036152600576
3.68 16.9314078886548
3.69 28.9423769766379
3.7 38.8413682927209
3.71 28.6485210020479
3.72 15.7041487309318
3.73 16.3972986044702
3.74 34.1252787411874
3.75 18.0270833401783
3.76 39.2163795879338
3.77 17.1327901699252
3.78 29.3809664602397
3.79 37.6133419761592
3.8 9.47999525260099
3.81 17.9304068024571
3.82 43.5016014676056
3.83 43.0761549783126
3.84 38.2559556189234
3.85 23.6849333610193
3.86 9.36413026939322
3.87 19.8398742625226
3.88 14.6936540664364
3.89 20.27552907169
3.9 36.3428132408795
3.91 37.7523302425322
3.92 12.8120483750565
3.93 24.3816270339331
3.94 21.5655248519167
3.95 31.6106487606267
3.96 24.7170046502548
3.97 27.4471371594941
3.98 20.6897201654471
3.99 34.2867109740816
4 14.5411026982204
4.01 11.4721399203645
4.02 20.5211306149471
4.03 20.4353031689041
4.04 31.9807797637886
4.05 22.8648907087113
4.06 22.737203983941
4.07 13.2340043501178
4.08 15.2307368901318
4.09 16.7331878567251
4.1 12.5242084368344
4.11 26.3343533138961
4.12 34.8915215179532
4.13 27.1311029223734
4.14 30.3064375755677
4.15 23.7661184904147
4.16 38.6056775012752
4.17 -0.186291980671911
4.18 46.5621747675778
4.19 21.1747530305197
4.2 22.0489012519106
4.21 24.2135585247168
4.22 29.3274030272108
4.23 25.7386667015013
4.24 21.5096100392372
4.25 33.5095891137931
4.26 25.5240199074895
4.27 13.1347219826783
4.28 31.5097565976608
4.29 26.0499647494994
4.3 10.1045500651112
4.31 15.216531108696
4.32 11.3272186095905
4.33 55.9554397606452
4.34 28.9070455398202
4.35 40.3131505996984
4.36 36.0932249962484
4.37 34.8829911532981
4.38 36.3509909276355
4.39 21.4197332317393
4.4 30.5646912362564
4.41 33.8217572232591
4.42 43.6132094665627
4.43 16.389237528455
4.44 9.26545560580458
4.45 41.3516277908852
4.46 15.707878814084
4.47 26.4953754120744
4.48 15.1123351190541
4.49 37.5955136445032
4.5 36.9124859023224
4.51 28.7982711087459
4.52 36.1114999527086
4.53 20.1902022591212
4.54 23.2952238929254
4.55 12.8357807438986
4.56 43.9403538107101
4.57 34.4898760457123
4.58 18.0320965769616
4.59 42.9812559122526
4.6 29.9102050505904
4.61 40.9938223422038
4.62 36.4074541905684
4.63 1.97139766229983
4.64 24.6495979235216
4.65 25.7916958199854
4.66 25.3152172775555
4.67 1.70390127927329
4.68 46.0322417353523
4.69 39.6811768135778
4.7 42.0091439477903
4.71 21.5282931281305
4.72 15.4456193173148
4.73 21.0683710596384
4.74 24.6632901993922
4.75 30.6462456819325
4.76 33.0206644391611
4.77 33.7998311098091
4.78 34.2410746391876
4.79 39.2691565716696
4.8 24.8402483853082
4.81 15.456694845694
4.82 -0.793363332844585
4.83 24.4221889245687
4.84 28.0361685564211
4.85 24.0126319662889
4.86 19.406590378263
4.87 26.8216116978261
4.88 22.8672683125398
4.89 21.4019579282312
4.9 29.1337585411278
4.91 11.3058487795629
4.92 18.012426941256
4.93 16.3369969570059
4.94 10.2929618938782
4.95 25.8798341940415
4.96 27.8285383895854
4.97 23.6079591969359
4.98 18.7666130272065
4.99 32.3130021968946
5 34.9897976781274
5.01 12.4563715733463
5.02 15.1524733283052
5.03 40.7862306823101
5.04 16.4627019214087
5.05 43.7974012592251
5.06 39.8865049422708
5.07 25.5684698920216
5.08 12.566374211974
5.09 13.4296173963217
5.1 24.5273034677047
5.11 52.5842901331605
5.12 13.9761982746516
5.13 43.1198199246308
5.14 35.6166137365066
5.15 18.8101528927618
5.16 37.5226719974778
5.17 27.3985513812788
5.18 10.7265046128293
5.19 27.8767726159064
5.2 26.1666717234408
5.21 30.9329310981007
5.22 19.0887175337343
5.23 38.7440489535044
5.24 18.8665793503831
5.25 28.5486254937792
5.26 34.1204348147017
5.27 24.0376689813434
5.28 14.7625524374812
5.29 41.5265469153696
5.3 16.2573353970902
5.31 46.8735283614541
5.32 28.9732914026256
5.33 34.6371705502906
5.34 31.6585183110363
5.35 32.8383174611153
5.36 39.8809411105026
5.37 37.7284797228989
5.38 44.3304344434788
5.39 35.6436869634147
5.4 35.8696392433708
5.41 37.9638663431769
5.42 20.6928834236738
5.43 10.4260102736195
5.44 31.005319181616
5.45 29.9833302105276
5.46 34.9335882271971
5.47 31.2260061073688
5.48 14.8924908265834
5.49 26.9044199058897
5.5 26.0532333465339
5.51 16.4141384547948
5.52 31.3280217406312
5.53 41.0683569563546
5.54 40.8147348574995
5.55 40.1404312782653
5.56 40.3037840248384
5.57 37.8925004528211
5.58 12.6191998154812
5.59 31.3575831943359
5.6 17.4876516060766
5.61 15.6172209930249
5.62 40.549845160174
5.63 31.6754594716333
5.64 47.0886608362454
5.65 50.268411625556
5.66 20.8265495896169
5.67 30.3995573534196
5.68 33.4036222598395
5.69 8.20155476507601
5.7 39.7242155319302
5.71 30.1851372831065
5.72 44.0355617072902
5.73 50.4775666087034
5.74 13.5549666271555
5.75 22.6793670492917
5.76 44.5101047223331
5.77 22.007036785138
5.78 38.7763479366519
5.79 24.2031034352225
5.8 36.1509822292281
5.81 34.6231734056486
5.82 23.6721948218589
5.83 55.9070700204551
5.84 44.7278113099258
5.85 37.0075497132817
5.86 42.1350706305891
5.87 16.4230227644913
5.88 40.8558190230133
5.89 50.5872949265167
5.9 42.4064871943333
5.91 34.5113557043627
5.92 35.4240954854561
5.93 49.9383842573141
5.94 48.7797341592851
5.95 58.6623151030609
5.96 20.3915927035075
5.97 49.1010624736862
5.98 22.0738684316573
5.99 21.9726882813005
6 33.5475752151014
6.01 33.4989750734961
6.02 26.7634380854237
6.03 41.7765691176641
6.04 36.8741442279524
6.05 39.6794929088326
6.06 42.2627050813424
6.07 20.7511000419434
6.08 33.5226346925484
6.09 37.190196223445
6.1 26.2986534264793
6.11 42.3083433945087
6.12 24.1055485760987
6.13 53.0738745859372
6.14 25.7291457528161
6.15 36.0092243260686
6.16 17.4574523975685
6.17 37.136660907715
6.18 47.6791040292044
6.19 37.3875370410529
6.2 39.7984221167455
6.21 32.6962117048487
6.22 37.1434558136792
6.23 26.6427556254641
6.24 30.7798045629033
6.25 43.1172954817166
6.26 25.0441005264522
6.27 31.2553581986317
6.28 54.6880398825597
6.29 30.3225405962921
6.3 25.2847025292399
6.31 45.5258039689196
6.32 37.0515815447881
6.33 49.8527510047696
6.34 20.3457729934167
6.35 34.3482360673577
6.36 23.4400622073107
6.37 29.6325959057026
6.38 26.9302248438991
6.39 48.1258825351407
6.4 20.6745345803085
6.41 31.6137067033763
6.42 34.8585868123978
6.43 16.4766407830588
6.44 41.9553862683962
6.45 28.7792397210618
6.46 40.532950567293
6.47 36.9681854373992
6.48 57.5374176948558
6.49 16.7531245638588
6.5 44.5058601666337
6.51 31.1726893764633
6.52 18.3765311283014
6.53 24.5620814576494
6.54 50.122412586733
6.55 35.5217546337377
6.56 42.6189077644015
6.57 46.9100117884158
6.58 39.7170030725832
6.59 61.4596717896944
6.6 18.7734757324758
6.61 28.2254442716974
6.62 32.1004883427424
6.63 29.9339642920838
6.64 43.2632469624377
6.65 18.8595924721078
6.66 33.0305463192317
6.67 63.7107850659534
6.68 50.5889691317425
6.69 36.2738898159396
6.7 43.581623373339
6.71 34.3592541936269
6.72 55.1348662998147
6.73 32.4257037139015
6.74 10.1098285542602
6.75 60.7667625942323
6.76 42.2362108559687
6.77 34.1202797189987
6.78 56.7279114021372
6.79 41.3948284122138
6.8 30.5671222041816
6.81 32.2194013918827
6.82 35.0952491661254
6.83 41.4129919643304
6.84 27.4095304566439
6.85 38.8502146988119
6.86 37.5679434030223
6.87 30.1661846811027
6.88 50.0834483340399
6.89 48.1498694602466
6.9 42.1361256262106
6.91 33.2315715675151
6.92 36.8466594139521
6.93 51.8080330674387
6.94 46.4107530494855
6.95 26.0164664336204
6.96 32.7671825990042
6.97 32.6341379478903
6.98 34.3078013580552
6.99 33.4307669261861
7 42.2945165926673
7.01 30.8913503146956
7.02 21.8071281858348
7.03 28.4068208042036
7.04 41.5015404992886
7.05 42.7166994794537
7.06 40.8320387517078
7.07 62.592376981924
7.08 62.1863864923078
7.09 53.9544175679131
7.1 34.065654515848
7.11 46.0704598669497
7.12 22.7456072772264
7.13 43.3811265387534
7.14 45.4697064747326
7.15 43.3543650176939
7.16 38.748202460619
7.17 46.7530840802788
7.18 42.7138788378888
7.19 34.3879922772175
7.2 28.8382078714166
7.21 35.2381962737562
7.22 54.6162647734623
7.23 30.9105509978075
7.24 47.9872332495215
7.25 57.9645522186631
7.26 30.3040759904413
7.27 37.7078249498322
7.28 57.0648709472817
7.29 51.5581055141208
7.3 45.5290764265342
7.31 65.5789497224316
7.32 42.3386655460587
7.33 52.6029249550642
7.34 46.5240818049527
7.35 33.2521515200367
7.36 39.2820702067754
7.37 31.1952303129467
7.38 37.1161862503373
7.39 50.442651695619
7.4 36.6457612706616
7.41 32.740682945393
7.42 53.5357968320643
7.43 27.7401680623871
7.44 22.4005495900405
7.45 38.6538400377116
7.46 25.4675908459194
7.47 38.0162427661943
7.48 38.2141338669068
7.49 34.9488316797901
7.5 45.8214733766256
7.51 39.611282054141
7.52 31.5139346504168
7.53 41.9882873158576
7.54 25.7817452207565
7.55 33.831766785808
7.56 27.2013135897806
7.57 41.0709813368968
7.58 24.5805813751909
7.59 26.3975701097346
7.6 28.9501913729964
7.61 42.3819957744358
7.62 49.6123072605129
7.63 41.2352551436283
7.64 31.0658751026762
7.65 35.7434531141104
7.66 51.876614992037
7.67 60.8066436056175
7.68 44.2626278710899
7.69 48.5427508708028
7.7 44.7728780558528
7.71 64.9223640140536
7.72 46.2248546825758
7.73 41.6757316271234
7.74 54.0108577178014
7.75 55.1303181917134
7.76 51.4189814252846
7.77 45.6348047989303
7.78 34.2754746590636
7.79 39.2672802797439
7.8 37.0414059241687
7.81 43.8269980737402
7.82 42.6057420217135
7.83 40.1944821961967
7.84 43.6784244319821
7.85 29.7134399123255
7.86 27.721754653528
7.87 48.6498500983867
7.88 36.2103307787
7.89 52.6163789340739
7.9 45.6580854355429
7.91 42.4611670171967
7.92 48.3709377345503
7.93 46.1828724866245
7.94 53.4601753358859
7.95 22.2826971319076
7.96 50.5047635317466
7.97 59.321796361326
7.98 51.5328421335655
7.99 44.2091509512391
8 39.6528184855582
8.01 51.1269458780154
8.02 46.7166169808804
8.03 58.0678597901863
8.04 43.4211999103147
8.05 35.6095976411139
8.06 48.9037974223723
8.07 38.6303802380832
8.08 35.9882207572387
8.09 41.0197766738393
8.1 31.233653649096
8.11 52.2035333601618
8.12 51.9426751936733
8.13 52.5488041688447
8.14 40.408395147039
8.15 52.4814190829177
8.16 30.2335595269654
8.17 39.5806635583064
8.18 60.7546477055862
8.19 35.5843260006187
8.2 38.6048520123056
8.21 49.886845485775
8.22 54.1444720829999
8.23 49.9583282945878
8.24 50.189196425647
8.25 37.5824137674327
8.26 58.4479924925746
8.27 41.4416345051152
8.28 48.7348880124889
8.29 49.4085868141575
8.3 60.3723917552333
8.31 43.5069702010245
8.32 38.0195122768657
8.33 57.6295932073934
8.34 39.7423708739851
8.35 45.6067591979049
8.36 48.7110769560721
8.37 44.8307360517916
8.38 53.3042175370439
8.39 39.378353057362
8.4 43.5086613954943
8.41 68.5358282621801
8.42 36.4297494345544
8.43 58.9095238348317
8.44 25.2378946206089
8.45 52.2965322656144
8.46 57.2454830958359
8.47 51.4834964997807
8.48 46.3495344267249
8.49 54.6841984521028
8.5 31.7972824881346
8.51 68.9327970146435
8.52 42.5880083000326
8.53 38.9833756178268
8.54 59.3156934630986
8.55 46.9419851019225
8.56 47.3206778738411
8.57 36.5141027868122
8.58 58.9970678360578
8.59 51.3853046993856
8.6 40.5833537996245
8.61 48.3035953883019
8.62 35.747057073756
8.63 55.7844536574244
8.64 51.3251674997857
8.65 47.387079067095
8.66 33.5779385224783
8.67 48.529579563112
8.68 45.2361743422609
8.69 39.7062197707214
8.7 48.7157487184398
8.71 52.0781869189319
8.72 40.1468937843617
8.73 36.2841301568426
8.74 38.7753326467405
8.75 52.1169880867868
8.76 49.4990218647087
8.77 50.9512630552108
8.78 73.7505666905542
8.79 44.2955754549391
8.8 55.7472241042491
8.81 34.9124825363831
8.82 57.640444963421
8.83 58.4749817135134
8.84 54.9201073705753
8.85 55.232122253364
8.86 51.0224396269459
8.87 45.2716021133675
8.88 61.4075326542582
8.89 43.2934869663103
8.9 60.3916584736304
8.91 40.5792937712065
8.92 68.2069061750647
8.93 67.9723389059196
8.94 69.2433801338589
8.95 67.0453215093855
8.96 62.2393329024831
8.97 52.7463377499917
8.98 40.9652156361575
8.99 47.4284537861167
9 36.0379712573716
9.01 47.643865468499
9.02 66.0841911554537
9.03 55.4876967874111
9.04 51.5387642718998
9.05 54.6797897330555
9.06 38.3159400803535
9.07 43.612076767743
9.08 44.7309765523896
9.09 63.3459447811245
9.1 51.5985784397403
9.11 64.1474303994686
9.12 54.0423349375402
9.13 54.6363737230169
9.14 61.8703238188578
9.15 56.5026715684464
9.16 65.3029988022216
9.17 39.8665167181324
9.18 65.3959985249494
9.19 59.8050864078738
9.2 67.7997552119668
9.21 49.3531289468973
9.22 55.5784927071875
9.23 46.4246370626802
9.24 63.4977900438845
9.25 55.1179435151339
9.26 50.3614418473717
9.27 53.4357070704198
9.28 68.1368549531447
9.29 35.6363208699446
9.3 56.1773206879725
9.31 62.9518243103778
9.32 44.3607256577228
9.33 47.6317343752328
9.34 49.7682691723281
9.35 41.5721236519387
9.36 53.2589213814758
9.37 58.8711637437811
9.38 56.1195822508798
9.39 39.3758812416518
9.4 53.6278721683958
9.41 46.9065317951995
9.42 54.089747057537
9.43 47.937185180088
9.44 54.9503579555143
9.45 50.9188438814147
9.46 33.8823328649707
9.47 53.5837279888148
9.48 63.0914249245062
9.49 35.4413623409486
9.5 63.0007289349202
9.51 44.3099848788222
9.52 32.8520591383014
9.53 40.2866405697929
9.54 73.0137190442925
9.55 57.1318017834057
9.56 29.9687534772932
9.57 48.4269251052975
9.58 65.5054559018093
9.59 62.4681588130921
9.6 53.4102189711849
9.61 64.8763795724831
9.62 47.7534264565954
9.63 50.3779856561974
9.64 58.7748355434386
9.65 65.8439692941946
9.66 58.9308925172739
9.67 57.0994758202866
9.68 42.317328781537
9.69 46.0601236823125
9.7 40.862864978614
9.71 36.1878270697575
9.72 61.4929857727011
9.73 62.2835414904149
9.74 51.9211105618352
9.75 53.8000000571817
9.76 59.5358615510319
9.77 56.4994463154598
9.78 28.0533531626581
9.79 51.7319945808341
9.8 61.7599490433013
9.81 42.7202237736115
9.82 53.2154807915333
9.83 38.9737851990928
9.84 42.8765819164014
9.85 82.8222455425343
9.86 68.6721542648763
9.87 41.996493209877
9.88 60.6669920495476
9.89 59.7391880976509
9.9 54.4427732502623
9.91 54.9896010161881
9.92 45.2221116626084
9.93 40.5238423487147
9.94 69.9791279703649
9.95 44.9549638389369
9.96 54.1261571623534
9.97 61.4315931814702
9.98 38.6710016319169
9.99 60.2298656159838
10 68.5304665277304
