0.01 1.70471713866763
0.02 5.95476311286375
0.03 -7.92523367021967
0.04 24.2767253739881
0.05 0.77753868338474
0.06 -8.27312262709415
0.07 18.7802097479034
0.08 -0.633290395922375
0.09 9.44410149208874
0.1 5.9509886528942
0.11 17.5140927773299
0.12 -7.02161472596622
0.13 18.290721130862
0.14 0.704308975361588
0.15 7.31566899313308
0.16 -2.92251664419175
0.17 14.7266843824371
0.18 -8.40652911232062
0.19 2.89745252591092
0.2 -4.90002780604997
0.21 -3.00600288052592
0.22 -7.92468495406828
0.23 -9.10813723050488
0.24 3.04783226322853
0.25 -22.7924327545167
0.26 8.90173419072276
0.27 15.8026987750137
0.28 12.2801312490653
0.29 5.9897221575918
0.3 9.46961915996199
0.31 19.1274021423309
0.32 30.9308937139074
0.33 3.02546243990272
0.34 1.66458050847835
0.35 2.20106191745535
0.36 -5.22428025308713
0.37 13.0442688324515
0.38 25.5266911706446
0.39 5.92348025030587
0.4 4.23073633848623
0.41 -0.19441732732937
0.42 -3.31415712932132
0.43 13.2131555491361
0.44 3.97545291458665
0.45 -3.23233534352508
0.46 6.47156464772012
0.47 15.0457798605158
0.48 0.0357939249840422
0.49 6.38175553210011
0.5 7.65030932482667
0.51 -3.44325502598025
0.52 2.96386014996685
0.53 5.29909513523176
0.54 -0.313171311925116
0.55 4.86182345188292
0.56 -11.4778319174785
0.57 8.82617820310291
0.58 -2.16724018151611
0.59 26.6126796487497
0.6 -5.04282772138686
0.61 13.1118614925795
0.62 -11.1786868494567
0.63 10.2727944672215
0.64 10.2930407017142
0.65 11.9054219845031
0.66 1.78038837171529
0.67 12.7642666354914
0.68 9.05242625904601
0.69 -3.84863786310846
0.7 0.655473813333865
0.71 14.2142875413567
0.72 13.0673408775454
0.73 15.5993559387205
0.74 -10.0032398244443
0.75 15.8356723621431
0.76 19.516214117165
0.77 6.01424810027867
0.78 -7.08198344466585
0.79 25.3874085610589
0.8 -9.94040881473422
0.81 8.29588869474816
0.82 2.53729865379478
0.83 10.57588837977
0.84 0.808854833880932
0.85 1.15063255753898
0.86 4.0575614897015
0.87 15.0767358987462
0.88 1.50089972842786
0.89 6.03695718214904
0.9 16.8781776906212
0.91 14.1882344218969
0.92 19.7727346535682
0.93 -12.5049318137839
0.94 -6.89908962259666
0.95 13.4789345897824
0.96 7.62925551949579
0.97 12.0409058282614
0.98 17.6258897207959
0.99 24.6601257590565
1 6.2361449344565
1.01 11.7179926917774
1.02 16.9828021901345
1.03 16.2022288304575
1.04 -0.0164105833779633
1.05 14.6538473684062
1.06 17.4898199874631
1.07 -5.26809264283834
1.08 -12.0670851664069
1.09 24.7515773402814
1.1 11.2714435740363
1.11 0.852704540564035
1.12 20.3000686931672
1.13 20.7878888929602
1.14 15.9090409068507
1.15 6.86511897001944
1.16 3.18875874566674
1.17 16.8443683583126
1.18 21.8036880119404
1.19 13.7954431329327
1.2 14.9489524940479
1.21 -3.37362625188507
1.22 15.8927223144809
1.23 19.1552107650391
1.24 3.70079216676108
1.25 3.05490753646507
1.26 10.1991751974934
1.27 12.3855940453238
1.28 3.93125932999873
1.29 1.53766455812591
1.3 25.0868295068621
1.31 2.10438307614568
1.32 14.7744134416651
1.33 16.8561576552638
1.34 26.4445069332894
1.35 26.4108844923086
1.36 6.69263133173191
1.37 31.3533483095722
1.38 15.2500938771348
1.39 3.42022200060497
1.4 28.5373108969405
1.41 24.72093086359
1.42 5.17010731419579
1.43 3.8792750164958
1.44 21.1654412868025
1.45 7.52087713060699
1.46 24.3819638132074
1.47 19.4884183257863
1.48 25.2508567038857
1.49 10.410441457016
1.5 15.9062733648654
1.51 12.8615324323423
1.52 -2.06923715776663
1.53 31.0855535463926
1.54 13.6380897882859
1.55 17.0690205320328
1.56 3.64600578681763
1.57 8.40717963506994
1.58 -3.54196569133609
1.59 18.6491543939952
1.6 22.7342303607388
1.61 17.6903111935617
1.62 19.3201881602472
1.63 1.18280327072578
1.64 5.81491131126593
1.65 5.41741054346829
1.66 2.46634066493464
1.67 10.3762844329653
1.68 9.82821445817291
1.69 13.8670003574674
1.7 11.9177052812216
1.71 19.1231192941965
1.72 19.6088042033729
1.73 29.0113372368399
1.74 9.97789267096622
1.75 9.04215330204674
1.76 18.8888821305788
1.77 8.79699962239826
1.78 15.2155284399717
1.79 12.7076700078941
1.8 17.558128133041
1.81 10.2901825840455
1.82 14.7724489003578
1.83 12.5911002794516
1.84 23.1663165234648
1.85 17.864456538278
1.86 4.50216569766346
1.87 10.8824244663778
1.88 23.0561113276791
1.89 8.21283113562287
1.9 15.7259191320071
1.91 11.3906017861903
1.92 29.9558042451723
1.93 16.261651197071
1.94 -3.21566337541953
1.95 3.32907375389661
1.96 24.3234537867935
1.97 18.5456714827095
1.98 11.7264935763264
1.99 2.9469790791206
2 6.52899911015916
2.01 22.4269511040044
2.02 15.073765305677
2.03 8.85089656901766
2.04 36.6488548220386
2.05 -5.11587026164829
2.06 8.36885362441495
2.07 21.4133322861193
2.08 26.861176459082
2.09 35.89432582435
2.1 -5.33988514726575
2.11 16.437926622652
2.12 5.24801443232256
2.13 25.0342709752673
2.14 24.6446513029013
2.15 24.8593037606274
2.16 9.09405365609678
2.17 19.9564652634331
2.18 11.4177999703264
2.19 8.81804935423088
2.2 -6.97090919018692
2.21 0.90346927011468
2.22 -1.5606184374953
2.23 20.7693737901875
2.24 22.9508941449278
2.25 13.4329560241228
2.26 10.5957392044652
2.27 20.3061520116437
2.28 10.6822932757907
2.29 29.6316098790367
2.3 -4.99371811376176
2.31 29.9027116317031
2.32 6.0079286301465
2.33 15.8136574276913
2.34 22.7740669868168
2.35 21.883790719191
2.36 25.1101087317068
2.37 8.95543527907654
2.38 14.5251265634154
2.39 28.7610195839742
2.4 10.7759811074768
2.41 25.4754360306297
2.42 4.67955342107662
2.43 -3.83963372217283
2.44 34.9409994175882
2.45 21.4744035053614
2.46 11.9804865499349
2.47 -0.0979582442197504
2.48 18.2771756857794
2.49 8.42987433914939
2.5 10.7771660115611
2.51 55.5171018861852
2.52 28.982761607863
2.53 39.4884282646118
2.54 33.6693984324887
2.55 -1.22884179060708
2.56 -1.86658099337675
2.57 9.22483592883841
2.58 13.1429923711222
2.59 14.8524738947769
2.6 14.9386093349561
2.61 22.9198645334051
2.62 4.20772151101763
2.63 13.0537204689769
2.64 9.73693753967182
2.65 19.6472352012701
2.66 30.9402513460415
2.67 6.87885984850847
2.68 29.4721760384605
2.69 26.9770487860989
2.7 25.2502017625368
2.71 7.1422171402825
2.72 14.0111375351468
2.73 19.1522952093792
2.74 14.0683506696987
2.75 17.2622352123553
2.76 -15.6459734153856
2.77 31.5385368612322
2.78 17.9607766773455
2.79 10.6449844739098
2.8 8.82899974120035
2.81 26.1525471217487
2.82 19.4499867164403
2.83 28.6330568999326
2.84 28.665395192755
2.85 30.5395776990974
2.86 34.8302833971898
2.87 29.6395987044801
2.88 30.8748928909503
2.89 7.83967650608567
2.9 10.011741212668
2.91 15.3541176624572
2.92 -8.43863078616766
2.93 24.5720172382235
2.94 26.9887375584311
2.95 18.6549224429818
2.96 20.0029948537368
2.97 20.1306538850583
2.98 33.5221138262101
2.99 9.94059008204245
3 33.9406764133444
3.01 30.2526182357386
3.02 3.02951765837989
3.03 35.2055788990244
3.04 4.97803182916595
3.05 6.85824096600121
3.06 8.98028456691549
3.07 6.59613888402616
3.08 26.9226595936872
3.09 29.2428294846015
3.1 14.0368857861348
3.11 12.5648967287621
3.12 -0.996332708211195
3.13 13.8425171424382
3.14 20.0287595550684
3.15 11.8859226995715
3.16 27.5201041283004
3.17 10.2146878547309
3.18 24.7453125443286
3.19 0.943066258289338
3.2 18.0098755659005
3.21 17.5434336082798
3.22 9.8591777856316
3.23 27.4967871796751
3.24 -2.95536007513338
3.25 36.143420512693
3.26 25.9674730800986
3.27 7.93920839086815
3.28 30.7792980940873
3.29 26.9074048977122
3.3 0.956662127665975
3.31 28.8460895891536
3.32 11.3172119038066
3.33 28.5879313999899
3.34 28.5182635731953
3.35 32.8878430461794
3.36 8.39051363488371
3.37 22.5609479937063
3.38 14.8865411156007
3.39 13.0720522123366
3.4 23.9911032876376
3.41 23.6320925319949
3.42 25.2930786294417
3.43 13.9537131838636
3.44 12.650738048451
3.45 10.3492602498393
3.46 18.5072550281384
3.47 39.2886166320049
3.48 16.9669726615112
3.49 27.7787902767438
3.5 39.7041531239968
3.51 14.0650472553608
3.52 23.3403446637103
3.53 20.1340649276909
3.54 26.0076769326783
3.55 18.7492364854062
3.56 25.5453564869769
3.57 32.7351681069318
3.58 16.8066002768283
3.59 41.8436092170541
3.6 27.2185647039498
3.61 36.0123197177778
3.62 25.3874829986802
3.63 16.0868800469216
3.64 11.0859056575755
3.65 30.3799854015485
3.66 8.43417257511821
3.67 21.10387085443
3.68 19.0724712205746
3.69 18.6201930550494
3.7 3.61952847859537
3.71 28.6517147034239
3.72 35.6802109088443
3.73 5.52647428229998
3.74 23.5534129089617
3.75 6.68016599744622
3.76 53.0900144694394
3.77 10.0006160693418
3.78 17.40595529319
3.79 30.7986160319766
3.8 30.4588283167954
3.81 20.7574625347106
3.82 21.3156158857661
3.83 20.1797765549479
3.84 8.42557248368204
3.85 32.7305589648932
3.86 23.1708562592014
3.87 13.9813832751809
3.88 25.4851887331957
3.89 12.0314603413232
3.9 41.8968776100722
3.91 10.8062741614761
3.92 27.9821710072711
3.93 14.2768032677295
3.94 30.9544859959838
3.95 2.73693074572592
3.96 36.8644022658722
3.97 16.2118915817275
3.98 38.0130961617095
3.99 14.9229537923292
4 24.0939521151909
4.01 23.381208598571
4.02 17.8266383992847
4.03 35.5539614429748
4.04 26.086981346282
4.05 30.5186929291116
4.06 29.5539215333956
4.07 39.9376541637523
4.08 16.0742754150587
4.09 28.0631235746034
4.1 20.4756497727401
4.11 20.3494525778513
4.12 35.0635499055653
4.13 26.9365124156137
4.14 38.570594780676
4.15 26.8772039543046
4.16 24.430173465659
4.17 16.8604729799394
4.18 31.462237209916
4.19 31.3905827665605
4.2 15.2515464970504
4.21 20.5867591891445
4.22 38.6378126947799
4.23 25.4802287144159
4.24 35.2421078077593
4.25 25.5677085460164
4.26 21.8686871504042
4.27 23.2631524682342
4.28 26.2772763901146
4.29 53.3850630492161
4.3 25.1390893724091
4.31 46.7495063655628
4.32 24.5185141727521
4.33 29.500901718811
4.34 49.793102207277
4.35 30.8678646965473
4.36 38.1071640435448
4.37 33.9473047343441
4.38 27.1349556161457
4.39 5.94932003649719
4.4 31.6793728325119
4.41 11.5732713876059
4.42 33.7599372718105
4.43 36.4668005134007
4.44 37.2137352509167
4.45 35.0054651718553
4.46 19.4320271986383
4.47 39.198718845861
4.48 29.2076068143642
4.49 31.1101903898429
4.5 40.5699017538412
4.51 31.1156129142645
4.52 15.8891305402458
4.53 31.0314267662034
4.54 38.8087242221113
4.55 0.931656335119435
4.56 24.8459631267192
4.57 22.3249618770336
4.58 38.783564299413
4.59 24.4200917023776
4.6 5.1109310296957
4.61 16.5461810391108
4.62 40.9701166331386
4.63 49.8352658298025
4.64 25.8107439353406
4.65 56.7361001808386
4.66 20.0381604269039
4.67 28.0161460662986
4.68 37.5964389370937
4.69 12.1344933160381
4.7 31.9511719022288
4.71 23.2613145919555
4.72 31.9942504463508
4.73 39.5460895984988
4.74 5.38210911297455
4.75 14.3994855375218
4.76 21.9591217732101
4.77 21.9503075624901
4.78 20.3271827377766
4.79 18.0525567680909
4.8 32.5222590846455
4.81 37.3847833633299
4.82 18.7462635421015
4.83 23.5460925703841
4.84 23.9774703372894
4.85 20.4263934327727
4.86 57.4496727970446
4.87 29.782669311201
4.88 19.8162131022672
4.89 31.671285620372
4.9 21.9372026000742
4.91 43.4320538222185
4.92 46.4541614106858
4.93 39.1466660471415
4.94 35.3642688348454
4.95 33.0859840296474
4.96 24.453247561116
4.97 35.1776535012375
4.98 29.9599044932473
4.99 33.4993127702173
5 19.0793484963951
5.01 24.4231560509876
5.02 29.9027553764916
5.03 37.4551348586101
5.04 15.6509800051928
5.05 21.962061877623
5.06 41.4522852447995
5.07 45.6395165389998
5.08 27.3444265052547
5.09 39.195500841822
5.1 18.4863654672148
5.11 15.8048292547149
5.12 47.3987970481699
5.13 12.0464548029127
5.14 41.0230630820158
5.15 30.1261649527212
5.16 35.9605615156898
5.17 10.4702602051981
5.18 30.3918506132918
5.19 14.7167354646413
5.2 13.1247632751352
5.21 9.82525159659234
5.22 40.8608102614905
5.23 14.568080257017
5.24 25.7321865235064
5.25 45.3057880713611
5.26 31.0308696626349
5.27 14.1520905517145
5.28 22.8003163507162
5.29 28.7247733884924
5.3 39.6656223211947
5.31 33.8637681747376
5.32 37.6830110379082
5.33 34.5899767002476
5.34 31.608892043896
5.35 41.5774385796396
5.36 19.6390601583683
5.37 34.5069264163078
5.38 26.9440699310821
5.39 38.061090628534
5.4 48.4897690983568
5.41 26.9413841052474
5.42 27.6533673914066
5.43 29.349599590238
5.44 40.0977400640415
5.45 33.7650960943052
5.46 33.2797198117025
5.47 33.6864449760074
5.48 26.1583339830969
5.49 39.2776104444683
5.5 46.1381668552399
5.51 18.2158844485848
5.52 11.8773875737356
5.53 10.5297119744955
5.54 32.0357635157897
5.55 25.018366106643
5.56 20.6308318492297
5.57 3.98381099999939
5.58 39.9656004097658
5.59 40.0071895175712
5.6 29.5196696199866
5.61 32.7126382820472
5.62 57.3523643613566
5.63 46.0937449296774
5.64 19.6174095733113
5.65 29.6526348727205
5.66 36.9311070188545
5.67 17.0473380946147
5.68 29.7620534349588
5.69 41.8665444602682
5.7 14.2944566773418
5.71 7.13347179661774
5.72 30.9902515966912
5.73 51.2973659615143
5.74 32.3594058088568
5.75 41.50520477742
5.76 25.7407159848122
5.77 33.0347782829692
5.78 36.5309779165366
5.79 26.0279669466574
5.8 38.9486113499094
5.81 57.5999923426134
5.82 45.8654042327164
5.83 48.1242228915956
5.84 46.3122675483426
5.85 46.8816519125078
5.86 35.3843628653459
5.87 25.397544905433
5.88 38.5984503186489
5.89 39.5117000373582
5.9 38.405324076255
5.91 32.688298414439
5.92 33.1365465241213
5.93 42.8902756083903
5.94 39.0548571905499
5.95 32.1719071883292
5.96 44.9010251328897
5.97 38.0802705187251
5.98 43.5441788189866
5.99 25.7633575060931
6 58.2658916276433
6.01 63.4086525496081
6.02 20.8660205406023
6.03 37.3991997616081
6.04 60.4422856903234
6.05 34.7806550367218
6.06 27.6617372256245
6.07 49.6119154170346
6.08 36.4981046682966
6.09 16.2186890535333
6.1 47.8428637279021
6.11 35.4127748088805
6.12 27.941632950872
6.13 36.5307485198414
6.14 44.6447582663015
6.15 43.2509558050732
6.16 42.871720097607
6.17 35.512630309433
6.18 41.6276152791523
6.19 38.5690062195222
6.2 16.7319434038043
6.21 44.6893080966413
6.22 35.0802839215315
6.23 26.3212330387803
6.24 30.6162469382846
6.25 32.5167154020487
6.26 31.923882905809
6.27 36.4667219710572
6.28 45.568807376766
6.29 45.940265630993
6.3 46.09259033357
6.31 39.4130935852886
6.32 31.2379343619947
6.33 36.1629074903837
6.34 30.8527017810998
6.35 24.8804775815618
6.36 34.8566905057457
6.37 44.1967622025268
6.38 45.3556126150507
6.39 38.6371160115467
6.4 18.3066437546144
6.41 30.6922215628431
6.42 22.0768692428851
6.43 57.8468743151897
6.44 34.6755365980476
6.45 17.1543764463192
6.46 38.1061839823078
6.47 39.8455783246129
6.48 10.2637109824469
6.49 40.1583787004408
6.5 44.5539356331428
6.51 19.2478656296457
6.52 32.5851239428183
6.53 38.3904649320192
6.54 25.1553670088486
6.55 34.2248468035544
6.56 38.2601063567636
6.57 26.5013717675977
6.58 45.1628001112747
6.59 46.6362952088039
6.6 29.0425094362915
6.61 33.7810667304654
6.62 76.8235571860995
6.63 47.0026395452234
6.64 32.8793003129432
6.65 44.0363606168222
6.66 20.3349067338706
6.67 50.8136549621167
6.68 38.8510396563012
6.69 36.9537730796562
6.7 29.2041821823337
6.71 40.122926732516
6.72 48.7997681317972
6.73 57.5873108228778
6.74 51.5035144164774
6.75 44.0284178751875
6.76 52.6979264194737
6.77 37.3084290042539
6.78 27.9666949532459
6.79 38.5599321333941
6.8 49.6366944678249
6.81 27.665314018131
6.82 44.5738166249831
6.83 47.2591856405236
6.84 40.1391131479608
6.85 39.4991957537206
6.86 52.5625216407742
6.87 48.2587241976219
6.88 51.4759611431507
6.89 43.3036145487343
6.9 29.4981541258652
6.91 31.6649848732361
6.92 56.2224323824168
6.93 44.4194262592658
6.94 58.2697338264614
6.95 38.3952013510822
6.96 16.6069170505377
6.97 41.6221331853656
6.98 41.3727730814383
6.99 47.6994717966414
7 54.2568092054873
7.01 44.715898190807
7.02 39.668215297966
7.03 36.5124545740429
7.04 42.1653175509572
7.05 53.6005477332896
7.06 53.1189557447926
7.07 30.5277065626347
7.08 43.6713205866933
7.09 26.8828421142708
7.1 15.739698109277
7.11 26.0118621759791
7.12 26.8357484332297
7.13 42.170520011617
7.14 31.384955789137
7.15 27.8711705922963
7.16 47.0827152365146
7.17 50.2449193678181
7.18 42.9264574738153
7.19 26.0133473565192
7.2 16.3953773251009
7.21 15.2741524258804
7.22 18.5121356696487
7.23 37.0011966651061
7.24 28.2052936035539
7.25 26.2261403581622
7.26 42.7316693107622
7.27 45.1602712203697
7.28 32.3340233916866
7.29 38.3446881702185
7.3 50.425789174943
7.31 43.3088669403673
7.32 49.6520845089617
7.33 36.6932770188244
7.34 50.6278382941883
7.35 42.5730958171503
7.36 44.1727995242248
7.37 37.9260614432546
7.38 37.8013279006747
7.39 60.5338411299985
7.4 45.2591609724408
7.41 43.619828059569
7.42 35.7644944415057
7.43 47.2149414876101
7.44 41.645918283072
7.45 38.7362504636083
7.46 33.4871482025893
7.47 29.1806323111847
7.48 45.9446684973117
7.49 45.5635497915922
7.5 60.2726246973973
7.51 48.0029121227141
7.52 57.4583710616289
7.53 26.0687686059108
7.54 55.8222098979473
7.55 31.9869811993596
7.56 36.8262687973573
7.57 49.235825602075
7.58 41.7489932706911
7.59 24.8975119873298
7.6 39.1608336567155
7.61 35.5280037428673
7.62 47.438878401294
7.63 53.0092483509346
7.64 41.8635746564064
7.65 40.7435170471184
7.66 51.6992315177478
7.67 28.5358792114752
7.68 52.7847010323586
7.69 45.733438906384
7.7 58.7576411594657
7.71 49.0122575487465
7.72 44.0036480568355
7.73 22.969260888518
7.74 40.3545967371319
7.75 47.9124416348112
7.76 46.4245512185688
7.77 49.0328723397013
7.78 55.4655194108111
7.79 42.2857543915727
7.8 40.6528181889499
7.81 63.6473289657479
7.82 55.541686892755
7.83 47.4643000040676
7.84 51.3204520718066
7.85 51.387550309834
7.86 55.3103427923278
7.87 32.1187483884416
7.88 59.1290674404612
7.89 31.0566895836138
7.9 53.6442987706579
7.91 40.8256987407084
7.92 26.4272539008162
7.93 34.6534358743749
7.94 42.418605285936
7.95 46.0474329747189
7.96 36.3796322636613
7.97 40.4300414457174
7.98 27.354845678618
7.99 53.5047335666146
8 49.1007135228568
8.01 24.6432861603349
8.02 46.7581926965961
8.03 39.1488571353856
8.04 49.457518374579
8.05 32.611959780158
8.06 33.4932616873139
8.07 25.9363106992469
8.08 36.5921023963898
8.09 37.8813180605912
8.1 27.808053232028
8.11 47.9198200406088
8.12 19.9162615664955
8.13 47.3057437876719
8.14 46.7930013697321
8.15 40.4929814030273
8.16 41.3741021912513
8.17 55.5443032312794
8.18 38.061496595607
8.19 61.0194378396734
8.2 47.3823368416745
8.21 57.6499872233848
8.22 42.2335150764589
8.23 60.1395430941611
8.24 30.1707349251576
8.25 28.0115573850712
8.26 48.8171668561445
8.27 59.1098518781086
8.28 60.2824691244373
8.29 39.9226672161223
8.3 59.2655576721938
8.31 40.7049424983878
8.32 46.0170567686522
8.33 74.5743949883331
8.34 41.3358822420247
8.35 51.4296788367806
8.36 55.1388910329365
8.37 38.6273754542122
8.38 43.0816031011279
8.39 42.1951504062393
8.4 57.2852990958575
8.41 42.4184356302036
8.42 62.8617753119863
8.43 75.6149475431102
8.44 57.8844430323891
8.45 54.3141187408068
8.46 55.0020107450674
8.47 49.5279255843599
8.48 43.0364896688721
8.49 38.3505381568812
8.5 44.1470097620886
8.51 45.5845855305861
8.52 37.255685204392
8.53 45.6977955083962
8.54 51.5790719334758
8.55 68.6703615960502
8.56 37.2507147317273
8.57 37.4887563747521
8.58 58.5172990672053
8.59 46.2452577953762
8.6 43.8312136770154
8.61 41.3406698009314
8.62 43.0276771836193
8.63 48.70700999988
8.64 67.5514827586754
8.65 49.3071957509918
8.66 72.7792063414405
8.67 50.7411060568908
8.68 54.5081225671127
8.69 52.0254839149047
8.7 40.9106421810898
8.71 48.2316478499019
8.72 35.8189470247035
8.73 36.0263929978436
8.74 44.4308904828332
8.75 40.1846754523572
8.76 51.8083100542574
8.77 41.4075989875939
8.78 60.3250578619184
8.79 73.2540538246383
8.8 42.9301372776102
8.81 22.7460497541922
8.82 41.5954964994014
8.83 42.8556081849241
8.84 51.1095987273499
8.85 35.2607289845455
8.86 85.3638387168952
8.87 33.7806582977876
8.88 59.852112737017
8.89 40.6602943384785
8.9 37.4994653331733
8.91 58.5575192435123
8.92 35.1095487336601
8.93 37.9770558791534
8.94 51.6450684562896
8.95 41.1322305805719
8.96 41.1175823455398
8.97 42.6046466150724
8.98 59.8135693295058
8.99 55.8068811215574
9 51.2401629380951
9.01 66.3771727561615
9.02 52.7672588567649
9.03 53.8946302039591
9.04 44.1084188805618
9.05 61.6413516807966
9.06 65.5539137772205
9.07 49.4465932632671
9.08 60.4106149367272
9.09 48.1698497060556
9.1 44.778851564534
9.11 48.2160735545305
9.12 46.1679928697258
9.13 49.1819903501172
9.14 65.8558397779086
9.15 60.6950032082966
9.16 53.6321854755466
9.17 56.7242404584179
9.18 69.8252029061378
9.19 61.827878015765
9.2 52.2334060650324
9.21 52.4427836347917
9.22 38.2788580892905
9.23 61.2611585745872
9.24 52.1593806134833
9.25 61.9207484576525
9.26 49.1064957542032
9.27 55.3743249768093
9.28 59.4145565194165
9.29 56.7236667360809
9.3 38.4777919949536
9.31 58.5382866473487
9.32 49.5746146165432
9.33 45.5106421420785
9.34 47.986234942006
9.35 56.5613016842725
9.36 67.1832146077839
9.37 45.1036423849185
9.38 52.4346598177815
9.39 40.4242539898901
9.4 36.1223531423917
9.41 60.5537310911173
9.42 62.9019639537224
9.43 32.7485827643811
9.44 60.7291384928202
9.45 43.4403795263179
9.46 67.2517866730269
9.47 60.2390938853914
9.48 43.8623577150999
9.49 75.2006223464261
9.5 63.5533506591869
9.51 48.6165161399827
9.52 66.4910640429811
9.53 49.5817774781989
9.54 54.4726677760488
9.55 44.127469760792
9.56 57.5989208461527
9.57 56.0033185797264
9.58 61.4662281840622
9.59 47.1235485296433
9.6 61.1514667085945
9.61 51.4489878655271
9.62 63.2148363392981
9.63 68.4397655819498
9.64 56.7539059379712
9.65 72.5345052283625
9.66 52.9717151296851
9.67 51.2574345840215
9.68 50.2218050489259
9.69 42.8103269412385
9.7 69.8094396565136
9.71 46.781072248434
9.72 37.8825490015963
9.73 58.238427846305
9.74 57.7281368683325
9.75 68.4928866299558
9.76 60.7308306907307
9.77 35.9114476065825
9.78 45.6670165380106
9.79 56.8463158718881
9.8 51.4498412016363
9.81 50.2691690058983
9.82 49.3503618992482
9.83 44.6747031286344
9.84 47.5391105495478
9.85 38.2725500607606
9.86 48.0612600346323
9.87 61.5572969901032
9.88 35.3551643658147
9.89 64.6550045321204
9.9 62.0562006158637
9.91 50.7125560407042
9.92 47.8832906548344
9.93 78.7299496973544
9.94 58.7820193146916
9.95 55.2941484865981
9.96 55.4358631479087
9.97 33.7190527983814
9.98 43.1356329280091
9.99 60.6163136593918
10 69.7587141320693
