0.01 3.5668373202135
0.02 4.50482411534239
0.03 -27.2741734738413
0.04 12.6337024383374
0.05 7.20564146258609
0.06 9.65510452875776
0.07 -0.0245046291239319
0.08 10.1840971949087
0.09 8.23123753887799
0.1 9.27393211414325
0.11 29.0661544624988
0.12 14.9428056014619
0.13 20.5048785173767
0.14 -11.470656232483
0.15 13.9801290535766
0.16 30.3309771504972
0.17 25.0640098406585
0.18 -31.2559685827088
0.19 16.4185709568414
0.2 -6.32444687877985
0.21 1.02635869707733
0.22 8.88576673783889
0.23 0.550634470776198
0.24 0.838545752360973
0.25 -1.57061683176749
0.26 0.516688539370114
0.27 -1.70111305531189
0.28 6.52775504753383
0.29 8.55856765089219
0.3 -5.33128419719058
0.31 -7.6740454016963
0.32 7.44954063573719
0.33 -2.86530664482945
0.34 9.42642541499862
0.35 1.44766414359354
0.36 -3.57994621852693
0.37 -0.0476184973163374
0.38 17.8622503828243
0.39 15.1865920061057
0.4 -6.40147467211601
0.41 -2.55648730076803
0.42 7.95884809277764
0.43 4.03086866336387
0.44 27.8090049278651
0.45 19.4343316973119
0.46 2.29307799241093
0.47 19.888483596574
0.48 17.928323416756
0.49 21.9141676657086
0.5 -6.09135249993666
0.51 11.510332588156
0.52 -5.87175409076953
0.53 21.9743706097316
0.54 10.064125061578
0.55 14.7291747812241
0.56 13.213317870881
0.57 12.4524137464458
0.58 8.42696518953544
0.59 5.099938132916
0.6 6.65361319707622
0.61 -0.737074648669985
0.62 26.9571207354729
0.63 2.78838326315822
0.64 32.7757664528507
0.65 2.85800182131642
0.66 17.0499667300311
0.67 29.7952952950701
0.68 -9.87201440102466
0.69 22.0089081922216
0.7 11.6579602494367
0.71 15.6706388038616
0.72 27.6459096910802
0.73 1.00960505075314
0.74 3.80402353835556
0.75 -4.3328288473275
0.76 16.1332246882288
0.77 6.56037445260744
0.78 -10.8127968652729
0.79 10.1300996177114
0.8 16.1150227632455
0.81 7.39348977971418
0.82 12.1664530800554
0.83 11.0857100102519
0.84 -3.99534417438113
0.85 5.99709390167481
0.86 12.3648936689333
0.87 33.75694141597
0.88 13.0461761062733
0.89 -5.78491283307321
0.9 18.6471112419392
0.91 -4.61938573406142
0.92 9.2527952553158
0.93 9.61942217046368
0.94 -3.44902277930068
0.95 9.30844526605413
0.96 18.1695154526518
0.97 11.4494511416078
0.98 5.22225050952377
0.99 5.87752573233925
1 7.24436370831913
1.01 4.82778450093469
1.02 -17.6545937339868
1.03 0.827830596572809
1.04 -8.29389686769723
1.05 -7.45989289527063
1.06 21.6646202269978
1.07 0.650417981021164
1.08 10.6781291764168
1.09 -0.266074218565517
1.1 19.4205926229401
1.11 17.6781560375211
1.12 9.71752463742135
1.13 15.1106725701659
1.14 22.4561298653497
1.15 14.435234524009
1.16 12.0380175036998
1.17 5.48741918125386
1.18 8.56048955414457
1.19 -6.20328779786787
1.2 8.69400862204635
1.21 10.2147217523515
1.22 10.9960855786351
1.23 5.20055108448245
1.24 11.3039400784132
1.25 19.2918347091768
1.26 -4.25131422888561
1.27 14.3476244583459
1.28 14.367085996805
1.29 -2.40615292961411
1.3 1.98589553155205
1.31 15.6169903878392
1.32 15.1168098951806
1.33 2.58071155724696
1.34 11.2167013720373
1.35 -1.72845367478288
1.36 -4.49761906971381
1.37 7.981416043008
1.38 12.8426903643873
1.39 9.18854295405338
1.4 15.3727344755015
1.41 6.08988117836318
1.42 19.700179150292
1.43 16.0874851875188
1.44 5.93044672181165
1.45 6.43966522229324
1.46 25.8001026290268
1.47 -4.58954871474474
1.48 29.4094562074371
1.49 12.3312649931848
1.5 -8.51814811183145
1.51 4.50651431648244
1.52 29.9402463580692
1.53 16.2118491593115
1.54 29.8267040534425
1.55 15.7294224641923
1.56 0.734761617136506
1.57 9.31269015736956
1.58 -2.78930172321257
1.59 26.2493674506963
1.6 11.9433564046285
1.61 19.4538120034531
1.62 30.9332326603095
1.63 14.9279494926458
1.64 12.9278354185896
1.65 23.6423016486139
1.66 11.3295668155681
1.67 23.1195875676027
1.68 7.23462856040186
1.69 19.3305440480997
1.7 4.41468784842626
1.71 13.5588318529414
1.72 10.5932562972107
1.73 13.7942853778219
1.74 14.7849231340731
1.75 6.91806128737805
1.76 14.2594700029481
1.77 6.26247764059087
1.78 4.24030063255419
1.79 14.9286689246
1.8 9.90771471646887
1.81 1.26909893835845
1.82 17.1971308245643
1.83 -5.83087582719788
1.84 -2.27852717536945
1.85 21.7697287975929
1.86 17.4228799805021
1.87 8.58241256153468
1.88 7.66317605877474
1.89 25.6108613568784
1.9 14.9941506444431
1.91 12.5352792520195
1.92 5.22101348535926
1.93 30.9528309426579
1.94 12.9228074385259
1.95 24.901153034374
1.96 0.884386080651248
1.97 19.0935918639047
1.98 8.02465101676713
1.99 20.0778970322888
2 5.60879041023904
2.01 11.1390905836552
2.02 20.5743194455699
2.03 16.9524418570436
2.04 12.8476553768001
2.05 15.4521078207404
2.06 22.3644110655239
2.07 31.7208584930744
2.08 19.8800649321307
2.09 28.8941626273945
2.1 6.7021183015392
2.11 -4.79011989769428
2.12 7.16325455300569
2.13 -0.0345498899964198
2.14 31.9507851792065
2.15 7.15847413199951
2.16 10.7557427604122
2.17 15.3826775189322
2.18 15.754519548552
2.19 11.9387987749378
2.2 21.4379045165593
2.21 26.037222156179
2.22 20.4450224376072
2.23 -2.82779727107549
2.24 28.3954334302046
2.25 26.8157033398747
2.26 18.3042307332549
2.27 24.7740172987494
2.28 5.17709329128576
2.29 25.6886724391748
2.3 23.3655408545602
2.31 -8.01909079731611
2.32 27.3798024054379
2.33 17.046778562118
2.34 31.0029261751083
2.35 -0.207582333339516
2.36 10.7179979699776
2.37 9.11741547961864
2.38 26.006107874392
2.39 1.44860773274164
2.4 4.46997322197432
2.41 26.0770555678506
2.42 12.2996643013551
2.43 28.3666743739041
2.44 14.5404038029452
2.45 6.94465045215705
2.46 22.9090701972776
2.47 15.1458962491261
2.48 -4.13106373725476
2.49 11.6781088945759
2.5 27.7676424795632
2.51 33.8377439545852
2.52 37.1470563707294
2.53 9.03034494453903
2.54 3.59860009565799
2.55 21.7193998080412
2.56 19.2947502002088
2.57 17.1987765671351
2.58 15.3957904505724
2.59 5.92873439929107
2.6 11.2380607246978
2.61 17.5073025027681
2.62 29.3028439137201
2.63 28.3491921296069
2.64 18.0258382223496
2.65 15.3555104810965
2.66 13.4778761536354
2.67 37.4535650159137
2.68 5.93943671553815
2.69 22.2712290248313
2.7 19.3745501199681
2.71 26.9887516083677
2.72 13.0561400622865
2.73 21.7719248384955
2.74 20.7919447036143
2.75 23.3000795695813
2.76 26.5968661983548
2.77 20.1847739640381
2.78 21.278116825915
2.79 22.535553306752
2.8 0.377184323266494
2.81 15.3361046714477
2.82 34.1928709692525
2.83 29.3365735904843
2.84 4.16850554965021
2.85 26.6369433831797
2.86 33.749288142496
2.87 16.2738568582504
2.88 4.01458227577598
2.89 11.7577971024366
2.9 23.1927356995245
2.91 12.8770951998266
2.92 39.8778133306004
2.93 36.1206341162215
2.94 38.3581033429382
2.95 26.7171722223163
2.96 25.8185824059334
2.97 16.8811557438081
2.98 20.9944190479803
2.99 12.9129772901531
3 2.75390726849729
3.01 3.31415190445194
3.02 24.2362634471633
3.03 12.2898531733774
3.04 24.8558160776234
3.05 24.590696488896
3.06 -1.71423351556037
3.07 7.19374782548522
3.08 4.50533784917476
3.09 20.8647399756732
3.1 16.3716814954853
3.11 32.0721842552385
3.12 19.6709079829509
3.13 16.2338488174857
3.14 34.3624655248468
3.15 25.0666806652118
3.16 41.6427855272875
3.17 32.0393265771768
3.18 34.2910786431368
3.19 8.65192075928393
3.2 28.9314995553454
3.21 -0.393047201852301
3.22 20.2917469576233
3.23 4.50828272522404
3.24 2.78938565076352
3.25 44.0843055092127
3.26 17.9916638462503
3.27 35.4458330264789
3.28 4.64571801542217
3.29 29.9643274581366
3.3 53.7816464171002
3.31 30.6716965290714
3.32 9.37880027718033
3.33 10.4174525297847
3.34 8.6883808410089
3.35 23.9839640377132
3.36 43.0709197198616
3.37 24.3360016279289
3.38 10.2275656356275
3.39 40.9369085119393
3.4 30.9250678525226
3.41 2.50872948892166
3.42 25.1391082868159
3.43 29.7966158975875
3.44 23.2953136888099
3.45 21.8842202182984
3.46 29.2189096659954
3.47 33.761451524628
3.48 11.4701062504301
3.49 20.0355969369095
3.5 20.4342725176827
3.51 19.8988114997013
3.52 15.7020208485882
3.53 21.1686627613669
3.54 25.1715642334686
3.55 25.5537535353591
3.56 32.3410353013467
3.57 22.9454538497612
3.58 14.2681842316943
3.59 29.9031016309193
3.6 23.5776613502536
3.61 16.0860742323809
3.62 26.4941166659234
3.63 13.0976359642609
3.64 25.876234119057
3.65 32.4754428005503
3.66 13.3567395077129
3.67 30.4664000831806
3.68 26.2594197398326
3.69 4.52225430721051
3.7 26.1064730675063
3.71 13.3648525868249
3.72 20.5250980852744
3.73 8.42382261713878
3.74 31.1892449520901
3.75 50.2278355638696
3.76 21.813564620971
3.77 18.2836179918973
3.78 30.1216542254929
3.79 18.8555713041162
3.8 21.0930293406479
3.81 3.5508876631542
3.82 28.1496291963363
3.83 14.1615896330368
3.84 23.7546170246816
3.85 43.6261417930515
3.86 9.19733791570968
3.87 5.77921623611124
3.88 14.3303794369232
3.89 33.8828699451147
3.9 6.89413143168154
3.91 31.8476967620952
3.92 21.1471199935218
3.93 18.0328583260455
3.94 44.3491173016072
3.95 45.5725604905436
3.96 11.5877573853881
3.97 23.9974379697554
3.98 30.6839165255524
3.99 43.1162029020605
4 28.242784053504
4.01 19.2601284026378
4.02 19.2224150470656
4.03 25.7631414567553
4.04 45.6562031151833
4.05 24.7187374285915
4.06 18.2235912145025
4.07 12.0913445891362
4.08 38.1664688425234
4.09 28.7254316330577
4.1 17.1418065119098
4.11 34.0272949548687
4.12 47.5077264390071
4.13 33.3461532688878
4.14 25.3055052667631
4.15 26.0027759452664
4.16 16.5360694413749
4.17 20.5182974362109
4.18 25.9718191031534
4.19 25.1353500348997
4.2 24.5096204181112
4.21 20.0525123163771
4.22 9.09029089805918
4.23 13.0462672352943
4.24 34.637720945513
4.25 41.7905360602617
4.26 19.9537838676199
4.27 2.24914138489924
4.28 28.7628513697056
4.29 24.9910142378944
4.3 15.7685042119304
4.31 33.3212285029014
4.32 22.4923722535645
4.33 32.632272081738
4.34 20.4012286263239
4.35 39.7077106926436
4.36 12.4587681192233
4.37 28.8649537659324
4.38 31.2750756829344
4.39 33.8014132164617
4.4 24.3146434616062
4.41 21.8826540474084
4.42 27.6899769526138
4.43 17.6582089143748
4.44 19.2483729811669
4.45 19.2268378521634
4.46 40.1430769594011
4.47 30.2344492491521
4.48 19.4760166642711
4.49 32.7615944897849
4.5 27.7438523980458
4.51 31.1407367175841
4.52 22.0928289450093
4.53 32.7447793463009
4.54 30.8573577074717
4.55 30.7145627473597
4.56 18.2837421875826
4.57 25.8084635651077
4.58 24.2883697341162
4.59 30.40773413641
4.6 39.1784945053179
4.61 13.7504426284997
4.62 21.9051644570663
4.63 22.6887488727454
4.64 16.0544741637366
4.65 40.2038352070822
4.66 23.3272431249215
4.67 30.0245137970694
4.68 43.16440532262
4.69 21.6841816935044
4.7 13.8937901361639
4.71 24.073878224691
4.72 29.0772079765071
4.73 30.8741074110926
4.74 37.8476748654387
4.75 26.4287342805285
4.76 12.334712413154
4.77 25.6147540181769
4.78 31.5076861100938
4.79 22.4527265436703
4.8 19.9007761909641
4.81 26.663732797003
4.82 53.2212501664781
4.83 29.0059830338673
4.84 42.0086296162134
4.85 21.2103423011283
4.86 31.7521501740339
4.87 28.9822431416957
4.88 19.3677997299775
4.89 33.4080520996127
4.9 21.3746567017399
4.91 38.8641244403683
4.92 37.1684625116184
4.93 23.8537832641505
4.94 23.0147041112044
4.95 29.9360995205254
4.96 34.7553063778431
4.97 26.0380469659754
4.98 39.094966011022
4.99 24.7296238583847
5 17.9443621381354
5.01 30.0575174140341
5.02 15.5089991750397
5.03 16.8469925095115
5.04 19.9461561702813
5.05 17.9384483821346
5.06 31.4629524876691
5.07 43.3505126246292
5.08 23.4388664185877
5.09 25.1663416526485
5.1 31.8250099749838
5.11 18.0863811909055
5.12 48.8424180960302
5.13 36.6134431972987
5.14 40.4729236197872
5.15 18.2055066106975
5.16 47.014846891393
5.17 14.5022969626052
5.18 22.3853889603081
5.19 40.2872845036607
5.2 34.1395977099938
5.21 38.9577049225615
5.22 41.8189087434601
5.23 28.0295438661984
5.24 23.197979841914
5.25 22.9141429391902
5.26 42.3990102190358
5.27 30.610293872126
5.28 30.1702749406518
5.29 25.3255894271449
5.3 33.4743729570216
5.31 30.9027149782907
5.32 45.9628505845609
5.33 44.0230941376878
5.34 32.7359893503572
5.35 21.6508478876134
5.36 22.0708259606201
5.37 23.2080518722421
5.38 29.7925358816019
5.39 40.6570319565982
5.4 28.4468712162513
5.41 47.4368833386882
5.42 42.6893206189251
5.43 29.3071917724677
5.44 32.6927851445029
5.45 24.919514143131
5.46 42.9775098641008
5.47 34.7462658760043
5.48 21.3777479556279
5.49 19.5192570299009
5.5 35.6334460595953
5.51 15.8755226442898
5.52 38.3086249276915
5.53 11.3703906811445
5.54 49.856848581581
5.55 43.1792691939824
5.56 32.2991384341252
5.57 47.7535938691026
5.58 48.8663623453978
5.59 27.5865645307182
5.6 33.6884559090272
5.61 40.020305237539
5.62 10.0563100150052
5.63 32.0891442526243
5.64 22.6428601101817
5.65 28.7229059226864
5.66 22.5454351471769
5.67 34.9731046428597
5.68 52.118646076515
5.69 42.2360437769565
5.7 36.1248986896807
5.71 43.8944696697443
5.72 40.4281451566526
5.73 36.0046856759712
5.74 21.6595823740689
5.75 37.4778831703823
5.76 19.0560233238821
5.77 38.5310608745425
5.78 31.7097986324365
5.79 31.4879485535194
5.8 30.6091083727194
5.81 31.3810763983412
5.82 63.8046905403338
5.83 29.7807252849687
5.84 38.1462562868977
5.85 18.5376764327796
5.86 66.9087977963284
5.87 34.2381484773244
5.88 32.0549105042097
5.89 20.7053338087237
5.9 35.0365286900488
5.91 43.8760887410612
5.92 25.574873931481
5.93 21.2121743154935
5.94 29.2857183457359
5.95 36.8917280848493
5.96 42.8560668836465
5.97 27.3263728192453
5.98 30.3935193167478
5.99 49.7461151634554
6 25.7513212825973
6.01 39.0353783880896
6.02 31.4134674228363
6.03 36.2217042287527
6.04 27.2640011637212
6.05 33.009729807895
6.06 49.822815892039
6.07 31.3225336160824
6.08 41.1916887189864
6.09 35.9979777913833
6.1 35.8922420635099
6.11 45.5211616810384
6.12 36.4800698090881
6.13 19.8210443923195
6.14 46.0318851522447
6.15 43.5338554230604
6.16 44.2499428691771
6.17 42.4369715174587
6.18 28.1852233495018
6.19 33.6960442761593
6.2 51.4206504335006
6.21 58.2864665050413
6.22 41.447890158195
6.23 24.4323463511895
6.24 43.8078895570328
6.25 35.0932577682626
6.26 38.3842586242981
6.27 39.5851857495058
6.28 30.3768550880415
6.29 38.3300338973762
6.3 15.0505195464607
6.31 17.5966513214189
6.32 35.2657604539453
6.33 45.8187225416651
6.34 29.166135605774
6.35 41.4749786524918
6.36 58.3628389451729
6.37 34.1106468151666
6.38 58.9602159510779
6.39 40.712802812922
6.4 37.0177478795716
6.41 33.1185425673845
6.42 35.1516002248781
6.43 40.5932299659828
6.44 34.7873877994079
6.45 55.7629349692967
6.46 39.8179995883482
6.47 52.5204081042172
6.48 38.8021424429547
6.49 45.8345276531283
6.5 50.4045537120044
6.51 26.9798788153524
6.52 31.5098819522947
6.53 35.4066199503111
6.54 27.5042256079717
6.55 37.9226226371206
6.56 34.2332459056485
6.57 48.1256859705623
6.58 28.1576008364952
6.59 29.5411635146855
6.6 29.0094319411787
6.61 34.1809897559037
6.62 37.135414131335
6.63 40.680407590213
6.64 48.0222577389797
6.65 40.2653613693031
6.66 31.4181681334968
6.67 59.4243402997919
6.68 39.3987629466379
6.69 35.7199468290646
6.7 32.1460917742961
6.71 43.4646462858688
6.72 27.5422526027063
6.73 51.5277199033241
6.74 48.1926437634089
6.75 48.662894690744
6.76 26.6338691433816
6.77 64.8732357764084
6.78 38.9399897672904
6.79 38.1854594625756
6.8 40.5803119289813
6.81 39.6734178140455
6.82 38.5691346968986
6.83 52.7042305430753
6.84 57.9295562996613
6.85 35.6329346258745
6.86 43.1139737532159
6.87 46.7786060023028
6.88 31.5980902352366
6.89 26.1235560344023
6.9 19.9340451785178
6.91 52.2946058390698
6.92 41.0744199921288
6.93 52.5816385736203
6.94 28.4453140350594
6.95 40.9388575516686
6.96 46.9043380331186
6.97 51.223509445694
6.98 25.505927348113
6.99 35.1686842679281
7 30.609917480415
7.01 16.0172540821398
7.02 52.5996236912783
7.03 45.1371802921257
7.04 27.4163620825797
7.05 37.4440053444519
7.06 47.967872905611
7.07 27.6027045952708
7.08 24.1550347530409
7.09 52.1290774420136
7.1 41.2757358921345
7.11 37.3516690357985
7.12 29.6983052036011
7.13 38.8126871581126
7.14 38.2022760752022
7.15 22.7679819292493
7.16 37.8532076779152
7.17 48.110070464033
7.18 52.2535382228278
7.19 45.2712214070206
7.2 43.772240957959
7.21 39.5962798966087
7.22 31.4347894657416
7.23 34.7500325973953
7.24 42.918104554076
7.25 39.67669810203
7.26 30.2658542814148
7.27 24.5295405114324
7.28 34.0167262734202
7.29 47.7737343625555
7.3 39.9697496897726
7.31 38.6240859966627
7.32 40.3481690366318
7.33 57.4674066392471
7.34 38.0665977011843
7.35 65.5517755524375
7.36 34.3620272357357
7.37 35.0457253937818
7.38 60.5909672251206
7.39 45.1140772231133
7.4 41.0450656793412
7.41 58.0419440999454
7.42 65.564892942201
7.43 56.4621569387886
7.44 51.778601473685
7.45 39.3911151812058
7.46 53.9521323609848
7.47 28.0980836953063
7.48 39.5833358920695
7.49 40.3928853251412
7.5 42.0504020082075
7.51 49.1252413109453
7.52 51.3808415324561
7.53 37.5494392077663
7.54 47.9892165971686
7.55 56.8258598737789
7.56 58.3417962450455
7.57 37.7099954325996
7.58 46.7995661611353
7.59 28.5110889780132
7.6 44.2823342097477
7.61 38.3657828069141
7.62 32.1137810051768
7.63 42.641067727266
7.64 38.287005360051
7.65 54.1080311755987
7.66 50.2442913871218
7.67 39.9430203388146
7.68 45.5441859529805
7.69 40.7176854263296
7.7 30.2478688552645
7.71 57.9316351099499
7.72 52.3592423203531
7.73 59.1077163805236
7.74 60.6278361458535
7.75 43.8221758185493
7.76 60.028642617337
7.77 36.0601857804767
7.78 45.636946895399
7.79 43.0864191075679
7.8 55.3308193079888
7.81 37.9340203720496
7.82 51.5092338764625
7.83 40.7311860575194
7.84 59.0679786989227
7.85 27.3839925539477
7.86 30.2089650441894
7.87 43.7441751695101
7.88 63.992851339848
7.89 25.4885561935023
7.9 46.7308274633755
7.91 53.7101467728417
7.92 39.4463886709995
7.93 56.4453679490009
7.94 46.8112162751484
7.95 49.4050053679568
7.96 46.0814767740823
7.97 35.0188342297503
7.98 48.3445651433092
7.99 43.8713360589679
8 33.9019440389579
8.01 33.2500725901859
8.02 47.6132590406402
8.03 45.5982838675534
8.04 55.384493363667
8.05 50.0132455508527
8.06 31.0125747017141
8.07 38.7756051892947
8.08 32.305528044582
8.09 56.8114452215512
8.1 51.841284522656
8.11 27.3815461171202
8.12 32.2378453962176
8.13 63.5638325298464
8.14 46.7991982603167
8.15 53.0009709300495
8.16 50.5111080328214
8.17 20.4029798078976
8.18 54.0819332834247
8.19 58.9396657920763
8.2 36.3977225529039
8.21 56.5001481367162
8.22 51.734662030127
8.23 48.3910577960111
8.24 49.6953398346582
8.25 43.1441070476393
8.26 46.8812526899369
8.27 38.0508708228484
8.28 33.1273839604883
8.29 31.0479770852301
8.3 56.2662371148199
8.31 58.6469865036208
8.32 54.2810056736629
8.33 52.4161264984636
8.34 45.709516665757
8.35 49.8550788271673
8.36 37.5836756260491
8.37 52.1881177989769
8.38 45.05930547667
8.39 38.7498149992917
8.4 50.8089144255796
8.41 49.2838937771689
8.42 53.0628178088683
8.43 70.9089385233237
8.44 41.5262802586552
8.45 41.6855818454828
8.46 54.1234809188315
8.47 47.7473310445696
8.48 43.3918895515678
8.49 45.2167501181873
8.5 64.1828430961795
8.51 40.3233458916655
8.52 45.3622760324002
8.53 36.4830157090203
8.54 38.5092701746309
8.55 52.3281862710366
8.56 58.2224358223926
8.57 54.2576492810572
8.58 56.7429313793286
8.59 40.7999141255336
8.6 53.1622993951795
8.61 72.6674258042752
8.62 40.6559682971881
8.63 55.5480656136163
8.64 49.9150399982893
8.65 37.8437291004629
8.66 37.1619548432688
8.67 46.5074085169444
8.68 37.9793151478812
8.69 33.9434552997688
8.7 47.7213731803767
8.71 40.4819349540643
8.72 42.1211780442032
8.73 48.9681426493048
8.74 34.0377401435758
8.75 40.6674689168253
8.76 49.0241152829909
8.77 34.1378027150582
8.78 50.9621373041547
8.79 58.66642297994
8.8 52.1319039153927
8.81 51.5536158795137
8.82 53.473033127459
8.83 62.2709560876291
8.84 50.5414082336088
8.85 42.4080258679645
8.86 59.8124634399563
8.87 50.2262313383929
8.88 47.1241506727464
8.89 67.9918390654435
8.9 44.2374268520243
8.91 52.9447752998247
8.92 40.9306552346714
8.93 39.9396566624381
8.94 39.0715341818361
8.95 45.8086573015274
8.96 61.7888355684993
8.97 52.3410133003381
8.98 63.9233056058308
8.99 45.9071053064291
9 50.9001436122775
9.01 45.7899522061691
9.02 29.4777291957957
9.03 58.0669701613085
9.04 45.5168183446619
9.05 40.4359787947668
9.06 53.5967339841847
9.07 44.6124572107239
9.08 57.5286761506538
9.09 51.5800332059143
9.1 39.4851139718124
9.11 52.3959971128859
9.12 43.1152420934843
9.13 48.8043617208575
9.14 42.8087197195055
9.15 41.2279731264882
9.16 41.0153066540277
9.17 52.6145336267195
9.18 60.8580216550773
9.19 62.1894089897927
9.2 41.4469435357503
9.21 39.1555526487387
9.22 50.3852206414068
9.23 43.4223990393765
9.24 57.0011131147929
9.25 47.8533257418097
9.26 45.9570940106018
9.27 43.8385179304463
9.28 69.1494315112528
9.29 55.7187129425766
9.3 55.1344948939351
9.31 77.6937994024761
9.32 45.5838793615003
9.33 45.7753157768646
9.34 49.0863888125852
9.35 58.2445582510955
9.36 55.8338345037344
9.37 50.7766605541078
9.38 60.9859472528942
9.39 38.3398234045255
9.4 53.8223257751472
9.41 46.1131386400349
9.42 50.3219760746674
9.43 43.2701458302354
9.44 74.9051847735119
9.45 58.4697779555004
9.46 41.4281220509794
9.47 36.9725203083874
9.48 58.5592061725536
9.49 58.6875381842824
9.5 84.0672305745211
9.51 55.5788355704523
9.52 33.6795450032774
9.53 41.0427544901266
9.54 62.897548296265
9.55 43.9823894170168
9.56 46.1988864133492
9.57 41.7094385467851
9.58 57.5600559601665
9.59 63.8876267053553
9.6 61.9717611515756
9.61 55.2421961461738
9.62 66.666458170147
9.63 63.436509671897
9.64 47.4979289537294
9.65 49.9905170119669
9.66 59.3854942303504
9.67 50.0926737968653
9.68 47.3735350354623
9.69 67.7371950165054
9.7 70.0200445682028
9.71 57.1142096178051
9.72 53.1434110584889
9.73 56.034022203904
9.74 56.2319499113281
9.75 69.4112467500924
9.76 53.2886519056405
9.77 67.0648109717636
9.78 60.9040903378314
9.79 62.7284956753024
9.8 42.5710941438093
9.81 37.4903153069695
9.82 58.6682075511397
9.83 61.5761954490256
9.84 57.0141403395889
9.85 72.1695992766875
9.86 47.9605731567495
9.87 52.3899445238373
9.88 66.9581134214733
9.89 70.4171454769423
9.9 57.372023645343
9.91 57.4345409202699
9.92 50.3258311516016
9.93 64.6539092464784
9.94 76.502348144553
9.95 45.4531323332923
9.96 66.786460395236
9.97 56.9233841632556
9.98 71.150078688506
9.99 50.7854989820759
10 51.488610561186
