0.01 4.47618976994203
0.02 0.188925394355622
0.03 10.4066902189026
0.04 5.69945857993746
0.05 5.40282295046246
0.06 9.01379002122731
0.07 0.138943609015214
0.08 11.3918049555063
0.09 15.5208379856611
0.1 7.0098766050373
0.11 11.6467476050894
0.12 -7.18607757210529
0.13 19.6742455138023
0.14 2.11787558363984
0.15 18.0883083575033
0.16 14.4583711313524
0.17 -10.6350870432274
0.18 -0.203568604608452
0.19 17.1411286507323
0.2 -14.1665931648093
0.21 -2.58867553810583
0.22 -2.98701934255397
0.23 -1.14236018228875
0.24 7.6057214218318
0.25 19.156387236088
0.26 22.7757122002145
0.27 4.02464740327657
0.28 -4.28500669254442
0.29 3.17814942994597
0.3 11.0703710621934
0.31 -17.4806356426809
0.32 -5.80015276068147
0.33 -5.21399984549273
0.34 0.267933146807224
0.35 7.88658728451577
0.36 11.3971575410825
0.37 27.392975408336
0.38 1.137009978174
0.39 8.9618049553146
0.4 3.06102634369839
0.41 -5.73693442837492
0.42 21.1875304163236
0.43 7.77997748054607
0.44 2.30563108294901
0.45 4.01343178741121
0.46 8.17153462530101
0.47 -4.48696381142545
0.48 11.8468035313631
0.49 8.98918336796917
0.5 19.6473748426064
0.51 12.3116022081114
0.52 11.7946695439629
0.53 9.83726027559965
0.54 2.36016586922828
0.55 13.4915683623973
0.56 18.3271653684813
0.57 15.3214591139055
0.58 3.4898160064508
0.59 19.3885120450896
0.6 3.15303635186514
0.61 8.64918726833932
0.62 8.06837166125618
0.63 5.57009945274747
0.64 5.15913087099111
0.65 4.07379736296928
0.66 11.9870278273251
0.67 36.3358078604076
0.68 12.2953336966364
0.69 18.5097197389829
0.7 20.4248959221198
0.71 0.797116640779171
0.72 16.2751438810865
0.73 23.4948910689306
0.74 5.06630156985605
0.75 0.480957326556669
0.76 -3.04638431100167
0.77 16.5033338291269
0.78 10.3733268548368
0.79 10.9460969881088
0.8 2.05764355736354
0.81 -9.22823365443395
0.82 11.9951293436805
0.83 26.8253246926254
0.84 -6.21307664738895
0.85 3.67481302154656
0.86 5.88495664677046
0.87 18.2059292402215
0.88 4.1044230206733
0.89 -0.0386344357765083
0.9 10.340181296428
0.91 28.6203576583621
0.92 10.5435395193116
0.93 -0.883180844706621
0.94 7.64289315485188
0.95 7.70471082044191
0.96 5.58247367179875
0.97 6.55783434982656
0.98 8.09167202495032
0.99 -4.55072810950403
1 5.51382128164348
1.01 22.0426145790864
1.02 -3.25311749652539
1.03 -5.36307997508062
1.04 10.7452990037113
1.05 1.28398299939402
1.06 15.6568128407014
1.07 -2.67665137955773
1.08 7.04903854155331
1.09 10.4482631277743
1.1 -0.239033691710478
1.11 7.63855906852524
1.12 10.651039266833
1.13 14.4104745555496
1.14 -4.61121830160342
1.15 -1.03973327659668
1.16 15.7495108746109
1.17 26.1893053118451
1.18 10.952468333364
1.19 27.3576476982296
1.2 10.5183590860432
1.21 14.4326620019388
1.22 -4.46533580201504
1.23 15.9020190651251
1.24 13.0317472402302
1.25 7.83603836721132
1.26 8.55659620972046
1.27 13.5098401098606
1.28 -5.80508682561624
1.29 14.1894143717293
1.3 2.69785381206082
1.31 28.4729304146295
1.32 10.2198177509756
1.33 24.0362312016761
1.34 14.8220394497085
1.35 5.46372211394624
1.36 14.1099798459589
1.37 -8.32985010822173
1.38 17.1408957449584
1.39 25.0829170416024
1.4 5.03048611497284
1.41 33.9851534949809
1.42 2.64321538135531
1.43 27.1375371406847
1.44 14.3626676341861
1.45 23.4268211620244
1.46 5.07280236123475
1.47 25.7695009396669
1.48 27.0589533748677
1.49 9.2889019060746
1.5 15.285478625027
1.51 12.7469036758615
1.52 7.45614772613487
1.53 13.0445924641414
1.54 12.7459632913575
1.55 13.5638865002342
1.56 22.9405501480404
1.57 24.3210729254582
1.58 31.5638636586713
1.59 13.6205183787313
1.6 7.81232755022617
1.61 13.5530070691132
1.62 1.66927869958322
1.63 17.9616759679518
1.64 16.4725320022139
1.65 10.0089391497319
1.66 6.9677694605767
1.67 14.5606803106863
1.68 31.1790422785722
1.69 -1.60994945184858
1.7 7.23788218479092
1.71 13.5904223431064
1.72 17.2385710144991
1.73 15.2229792955986
1.74 27.4954297698339
1.75 15.4192026821923
1.76 17.9342794952184
1.77 11.4474165707162
1.78 29.7523320675317
1.79 13.1579240673837
1.8 -20.826450199274
1.81 8.16525438619187
1.82 17.2148153489898
1.83 23.8532097981381
1.84 7.91584500098934
1.85 30.8305708986526
1.86 5.97663544738876
1.87 25.7327096149372
1.88 19.0753455860108
1.89 33.0589595429249
1.9 18.5109858815252
1.91 30.1572012614379
1.92 0.792023562531028
1.93 3.8915519931352
1.94 5.24203602839226
1.95 6.05703527430322
1.96 2.81633580234071
1.97 2.87457252424872
1.98 20.0326602310677
1.99 24.2266724177935
2 6.93669046561462
2.01 28.7902897415561
2.02 12.1790157436099
2.03 18.9585267798995
2.04 40.6092385445677
2.05 26.871706927504
2.06 20.7759129151661
2.07 -0.893091971310374
2.08 7.08487408112818
2.09 25.5836384397177
2.1 15.5290401656327
2.11 22.0708824339634
2.12 16.8277015813636
2.13 24.0583418879453
2.14 14.0389495355158
2.15 12.9929696458227
2.16 22.2331894880576
2.17 23.3622615872106
2.18 25.6921017512516
2.19 8.29434857634934
2.2 9.17718460257741
2.21 24.1914472644807
2.22 14.638026007977
2.23 21.8535433344374
2.24 15.5732411830292
2.25 18.3690259108475
2.26 16.9890388788677
2.27 -7.12787923071993
2.28 35.8382841480694
2.29 2.23024386802136
2.3 34.1348037822367
2.31 16.3463144227181
2.32 26.8692892132723
2.33 20.9242773830195
2.34 24.3904979264413
2.35 10.4883346234719
2.36 12.2859184943835
2.37 20.5725837712073
2.38 32.6601283795187
2.39 10.6882227213216
2.4 10.6337004850187
2.41 22.5865754308461
2.42 15.9423390738079
2.43 30.1474145405196
2.44 -5.09062243793696
2.45 8.63308482670508
2.46 28.5459370507198
2.47 26.9875808547433
2.48 1.77888223029116
2.49 17.4554634985013
2.5 -7.69304317030665
2.51 15.16644228561
2.52 19.7682483015826
2.53 25.9323568963809
2.54 20.2485501818201
2.55 17.7736143617808
2.56 25.8819989601733
2.57 0.136476590778987
2.58 9.83452847631725
2.59 7.3228861041083
2.6 3.98192035149806
2.61 37.2615189148059
2.62 34.4079719184102
2.63 6.91353424699154
2.64 26.2463653831796
2.65 28.8521757928151
2.66 11.5613027565086
2.67 23.3233609359633
2.68 22.5363511463152
2.69 -0.584486848050215
2.7 39.6511624263053
2.71 24.2835634383694
2.72 13.7065519448242
2.73 22.7847358100218
2.74 14.4242541573722
2.75 32.6767605975225
2.76 19.2281432132766
2.77 17.3987787882789
2.78 13.1356284696567
2.79 22.7625393163124
2.8 6.31676473193303
2.81 18.8855847359791
2.82 13.1562977312777
2.83 -0.558694254751494
2.84 40.2775025872642
2.85 20.9216712527788
2.86 16.6183915018618
2.87 26.6698777561903
2.88 9.01983151983943
2.89 8.24690544618004
2.9 22.7802282035276
2.91 -3.2980084230589
2.92 17.0368087950423
2.93 6.73018372986582
2.94 31.3160076557828
2.95 20.1999100505828
2.96 35.3823860207355
2.97 19.7217117356297
2.98 21.6471444775306
2.99 14.23232028605
3 30.7561410551433
3.01 21.9606849352602
3.02 3.49632261321688
3.03 1.88361060247849
3.04 29.6896338192504
3.05 24.1612126359111
3.06 7.03800904560292
3.07 24.0525886727394
3.08 30.7797682958057
3.09 22.6779338545317
3.1 17.6847537299481
3.11 22.8229789999581
3.12 25.4342377579368
3.13 28.5395900221257
3.14 20.0855717723506
3.15 21.7641411042483
3.16 33.6087871649743
3.17 19.4421608567745
3.18 -1.51821958824431
3.19 38.4902382885599
3.2 15.468902428774
3.21 34.2883753908988
3.22 24.7330368774551
3.23 3.040646482787
3.24 29.6366021518874
3.25 39.3059109916355
3.26 21.6599385871646
3.27 29.6010713136853
3.28 32.7398436255561
3.29 29.3952240335691
3.3 13.892342948923
3.31 16.4570540813251
3.32 28.4301621300185
3.33 7.21686784671627
3.34 20.9094175613219
3.35 0.103425762760534
3.36 11.3424260065092
3.37 23.5970076555088
3.38 25.5213082845635
3.39 19.1551389022198
3.4 6.65933406704764
3.41 12.7622779654455
3.42 26.9112890843977
3.43 15.4491928740397
3.44 28.2737015969417
3.45 31.293751011515
3.46 10.1587038886505
3.47 32.6715721684396
3.48 32.1993623581029
3.49 19.2421251683425
3.5 29.4501573076823
3.51 17.8093975049928
3.52 23.4151904136307
3.53 23.2895181851783
3.54 31.7532564933515
3.55 28.6635615497932
3.56 17.665905618842
3.57 37.5866540074391
3.58 7.8413913016768
3.59 15.5845880245833
3.6 21.8556349820318
3.61 23.7616946891704
3.62 9.93648481263127
3.63 42.6544932085553
3.64 17.5696120298996
3.65 28.2196711981976
3.66 11.0372413521124
3.67 34.5635647014538
3.68 14.1319140859597
3.69 30.9195956871802
3.7 24.32285758364
3.71 3.32282436182146
3.72 29.0913562733973
3.73 29.8142140670522
3.74 8.33187014991955
3.75 11.6139745168886
3.76 29.9730058920428
3.77 13.9605591524729
3.78 27.5525361487806
3.79 34.9300813565831
3.8 34.8571037413633
3.81 17.7756026928073
3.82 23.7862396488198
3.83 44.2719867165858
3.84 29.5535660842573
3.85 16.8171005983988
3.86 18.1069987052229
3.87 51.9416753319177
3.88 22.6759847523228
3.89 25.1012232368443
3.9 23.641586621025
3.91 17.5263032083569
3.92 12.2556677559464
3.93 10.9942908148102
3.94 26.9495439196245
3.95 33.3013065693454
3.96 22.1790182530856
3.97 17.3933478640054
3.98 12.1188080629746
3.99 19.4962167474727
4 30.6588221329075
4.01 27.4703208714602
4.02 30.3166351630684
4.03 29.7984092510166
4.04 24.2747743697427
4.05 31.2370909804183
4.06 26.7542689978297
4.07 12.3365741212991
4.08 21.6797947921283
4.09 21.327829299054
4.1 19.9780167223942
4.11 21.830091007505
4.12 27.9999724107482
4.13 13.7872613812849
4.14 14.1181987269374
4.15 9.77170268197862
4.16 41.2819634086741
4.17 42.597938905227
4.18 28.0469641890861
4.19 13.3502474332253
4.2 3.42698296756202
4.21 23.8660610761989
4.22 12.0119176047711
4.23 25.0452909037055
4.24 30.8197691136978
4.25 41.0356783179253
4.26 22.2525485234585
4.27 24.9502917294684
4.28 18.8597180342553
4.29 37.5105094142606
4.3 29.2989702061226
4.31 24.5562751893055
4.32 19.3952907364674
4.33 16.9010612928102
4.34 15.6781588892864
4.35 34.5525674394458
4.36 15.8579402678543
4.37 32.4150260616435
4.38 -4.63298149237228
4.39 38.0734746836864
4.4 31.1028316534759
4.41 33.1312827462653
4.42 27.3636022689474
4.43 41.5708715819321
4.44 13.2295910702104
4.45 29.1005183842465
4.46 26.3714653701947
4.47 27.187117098228
4.48 30.2034538530165
4.49 31.8769441240281
4.5 23.7315865721216
4.51 32.3092803195375
4.52 29.2807893310682
4.53 25.8387542300158
4.54 23.0174642309862
4.55 12.17829505719
4.56 7.11754834865975
4.57 28.6550477564211
4.58 26.6114313778666
4.59 22.8804422940922
4.6 26.8012429795814
4.61 42.0470795728625
4.62 27.5874810685165
4.63 56.086304526447
4.64 40.8617812244776
4.65 34.6909333785688
4.66 31.6678711844661
4.67 41.2407345790167
4.68 33.4820433891796
4.69 9.51001830138419
4.7 23.3311648288078
4.71 40.3245030798728
4.72 12.4785725535303
4.73 17.788073253159
4.74 23.6255468161755
4.75 27.5515868747557
4.76 33.5531754736454
4.77 31.1063470113515
4.78 41.0536564214269
4.79 22.7102850331855
4.8 29.0625687567254
4.81 40.9048042359777
4.82 37.4495265188044
4.83 28.1908761722648
4.84 20.4108563160874
4.85 54.9489264533363
4.86 37.1053775094667
4.87 30.5304201375604
4.88 37.021574291005
4.89 35.9295447045974
4.9 33.4854726977404
4.91 35.9395223404361
4.92 20.6715241017332
4.93 48.1546937870163
4.94 22.8730714353714
4.95 38.3719250422411
4.96 23.5471860922298
4.97 16.4868405097728
4.98 27.4799472736136
4.99 36.6798527595572
5 11.6878798634756
5.01 29.2847690620919
5.02 18.9403900216142
5.03 30.7489486608406
5.04 35.1333509116928
5.05 29.8104715099446
5.06 26.079440778454
5.07 35.9029856325732
5.08 8.67575213509133
5.09 14.3466890909625
5.1 21.5287648807325
5.11 14.5314524937022
5.12 46.064327457938
5.13 24.2027206056356
5.14 21.3532466675277
5.15 21.6546306905331
5.16 25.0933385428158
5.17 35.643064981638
5.18 36.5178710197705
5.19 35.7652315865048
5.2 31.6517903630755
5.21 42.5724041044905
5.22 31.1257593075449
5.23 13.2624041082656
5.24 11.1899333619272
5.25 17.2718650545372
5.26 22.8475430977097
5.27 36.6457640037049
5.28 9.21392159374657
5.29 23.6835866449974
5.3 27.3607357693293
5.31 33.3801357381188
5.32 22.0622307662227
5.33 22.5774492107217
5.34 40.1178678940472
5.35 35.2314461839545
5.36 28.3614724687903
5.37 44.1936953138211
5.38 17.5301554598768
5.39 18.4805940116747
5.4 31.2959465649465
5.41 38.8399052995842
5.42 42.2720132240736
5.43 44.7523933373036
5.44 33.345369959962
5.45 22.6206560731248
5.46 47.9182792030163
5.47 32.7338112684912
5.48 47.8905374077276
5.49 37.4709196602626
5.5 3.0365571486011
5.51 45.2010323621975
5.52 35.3987757721434
5.53 42.4570874770716
5.54 36.6379984844943
5.55 10.018989410351
5.56 41.1338536453164
5.57 34.3294524623804
5.58 55.5445737916848
5.59 49.8825402432416
5.6 38.1224549466182
5.61 26.2353287395791
5.62 24.8099549383303
5.63 19.5188468881003
5.64 35.281224858567
5.65 25.1688476752664
5.66 41.4357642077531
5.67 33.3654025323053
5.68 44.8246506231964
5.69 36.7720124863617
5.7 36.4676339724158
5.71 29.9034377933408
5.72 40.5318294957572
5.73 59.5489476777562
5.74 33.3275795651398
5.75 30.0618505591567
5.76 11.3251850617917
5.77 41.9874582390348
5.78 32.7292656755796
5.79 15.1842788324568
5.8 23.3862617520655
5.81 43.8603855089407
5.82 36.1924089640297
5.83 37.481125747856
5.84 19.5364687626592
5.85 25.2671727158427
5.86 33.4551748863461
5.87 34.5842557147612
5.88 44.1178209500289
5.89 36.823376089091
5.9 37.2643498479884
5.91 41.3001553602648
5.92 39.8739851046064
5.93 16.8675108978175
5.94 32.6061765207992
5.95 22.4292811067901
5.96 48.8366266506654
5.97 53.3658785042768
5.98 56.5397345604605
5.99 60.1631380588715
6 25.9954828717184
6.01 29.1476994463402
6.02 29.4597176309053
6.03 26.7244609660216
6.04 30.3252931834644
6.05 30.5323228836874
6.06 32.6620024001362
6.07 44.3578023453069
6.08 15.3678497206696
6.09 17.2669120926901
6.1 51.3554520710791
6.11 41.6087333423338
6.12 33.8949518199393
6.13 50.2903575439768
6.14 33.6453231133199
6.15 37.5278208324101
6.16 27.8734347970144
6.17 36.5994780260504
6.18 35.7647790838533
6.19 24.7835841676794
6.2 46.706074097276
6.21 43.7824289277202
6.22 12.432868747242
6.23 46.7538555069336
6.24 8.77214892755893
6.25 28.659025974029
6.26 47.0832600654283
6.27 35.6493093229537
6.28 47.8156143241097
6.29 35.1378699113638
6.3 49.1340199933455
6.31 30.1753061440814
6.32 26.0566971900229
6.33 43.5703929017713
6.34 50.7232716504621
6.35 35.5676693795556
6.36 30.0983059235025
6.37 29.6930886442246
6.38 32.3255347482416
6.39 42.3202828793674
6.4 46.8215116670044
6.41 51.4788651302066
6.42 50.5589050322378
6.43 37.6465578888796
6.44 21.7252932996987
6.45 34.3840110871403
6.46 37.555330271272
6.47 30.7262276806708
6.48 58.6492516677539
6.49 59.6352336218016
6.5 29.6543123642966
6.51 26.8918917459665
6.52 42.0142171098256
6.53 34.4393159834377
6.54 40.0356201801388
6.55 53.8652039399545
6.56 30.6094335280502
6.57 60.3413266893298
6.58 36.2417248773969
6.59 47.3964180876553
6.6 41.4526886075855
6.61 30.4137497139379
6.62 48.9945568231252
6.63 31.2618960668179
6.64 34.9472341677114
6.65 46.5602382524734
6.66 53.8604482630584
6.67 41.4650299599108
6.68 46.739543865199
6.69 19.8444873739242
6.7 30.772266940498
6.71 35.2695889135307
6.72 45.519335867488
6.73 45.6404935989383
6.74 23.324898151709
6.75 39.469673473001
6.76 37.2096421915113
6.77 31.0178180032093
6.78 29.3550842690527
6.79 36.2070444640396
6.8 29.919377664398
6.81 33.0803323777129
6.82 47.5437964104053
6.83 47.0560397829734
6.84 30.0884063617372
6.85 48.4654501408054
6.86 45.3034851916027
6.87 43.8319571158554
6.88 36.3178363092127
6.89 45.5272855561997
6.9 44.9029707467083
6.91 36.7808423898325
6.92 45.9945607142429
6.93 25.9568520001341
6.94 40.8161886497143
6.95 30.484250275257
6.96 40.9734130406404
6.97 25.4752915361204
6.98 37.8210577023069
6.99 21.1148096704949
7 33.5342764936062
7.01 47.8550384349378
7.02 48.3324605293083
7.03 48.5764219031927
7.04 67.557821514373
7.05 54.5315339518657
7.06 49.4771734306706
7.07 42.192036697051
7.08 52.6413428145943
7.09 36.7458922450074
7.1 63.2340249432206
7.11 41.8431881078637
7.12 32.4767995604729
7.13 37.0122282795168
7.14 43.8977957446406
7.15 41.6408364549926
7.16 10.9155997223258
7.17 47.1443238321166
7.18 47.9684766344342
7.19 37.9336317658463
7.2 41.872102972769
7.21 30.1125395638336
7.22 33.8047387771874
7.23 54.3818090964056
7.24 68.3137152032847
7.25 58.9074776471704
7.26 48.4377645601927
7.27 42.0546846457879
7.28 33.1169767571932
7.29 42.0042376334714
7.3 34.8586322198979
7.31 31.1373495653045
7.32 43.8672022885728
7.33 48.2911402255806
7.34 38.9854274862968
7.35 28.2065619780414
7.36 59.6290980515913
7.37 45.6309913756999
7.38 40.3125237010663
7.39 55.3993947536326
7.4 44.5747700855962
7.41 58.1702576998999
7.42 25.4492213413516
7.43 35.2670416478728
7.44 46.7376450082408
7.45 62.5471113025318
7.46 55.1755370808938
7.47 34.0429287131978
7.48 24.4445149805385
7.49 36.9797197422895
7.5 59.3815760334442
7.51 37.8759761739137
7.52 41.1818723187296
7.53 47.9784411686832
7.54 45.4019128786491
7.55 53.821965259745
7.56 23.6118826315797
7.57 39.8815492188353
7.58 35.4255850197495
7.59 48.9513763429388
7.6 57.4258794050975
7.61 66.4488210970709
7.62 30.074659206482
7.63 43.210569648709
7.64 47.8868003478143
7.65 38.1084128984627
7.66 39.0358786667633
7.67 48.635733930867
7.68 45.9776872584149
7.69 42.1470573678743
7.7 26.5549534586786
7.71 17.3423270692363
7.72 37.9025543391282
7.73 43.0569290552345
7.74 43.9942292684848
7.75 55.4773977819606
7.76 61.6776917019314
7.77 49.3912945254057
7.78 47.589287184374
7.79 47.1940934538783
7.8 46.7229785037406
7.81 60.5725931590353
7.82 55.3481846861972
7.83 51.997091442756
7.84 49.0643734330841
7.85 30.0418895261078
7.86 42.212303802042
7.87 30.7666315037648
7.88 34.1578191831847
7.89 41.2240068239874
7.9 48.2211078738187
7.91 47.3171844629121
7.92 47.9732896009514
7.93 63.1771042230598
7.94 40.695827858461
7.95 57.0439144661422
7.96 45.5296816788609
7.97 32.4535920107179
7.98 57.8787953883684
7.99 39.1419118586668
8 22.8593308959142
8.01 38.5988518410857
8.02 40.6571567765255
8.03 29.3482867400908
8.04 42.1975374440935
8.05 44.3979757113373
8.06 37.4246379144743
8.07 64.8637050903043
8.08 43.0048297330844
8.09 47.591054374498
8.1 40.9255727395765
8.11 44.2211263418947
8.12 37.7805836859965
8.13 59.9514549689771
8.14 34.6278137672654
8.15 61.1403351836204
8.16 38.214422936671
8.17 76.0477843475683
8.18 50.3645825398262
8.19 51.0715119460641
8.2 59.2598009623505
8.21 42.9648551870797
8.22 57.9498941829789
8.23 42.2757775173247
8.24 31.016804266429
8.25 42.2489401428559
8.26 65.6285001631449
8.27 39.5640392627345
8.28 37.1368891743445
8.29 28.4755412120551
8.3 66.3760391262448
8.31 35.6617375943495
8.32 49.326342494627
8.33 38.6915479535571
8.34 50.9379427740388
8.35 52.1948108959154
8.36 22.316718382311
8.37 50.9324269325205
8.38 47.2315328658478
8.39 41.3366348381361
8.4 45.6809565909384
8.41 60.2493966421143
8.42 60.3054688132693
8.43 45.9966128821516
8.44 46.4567280944366
8.45 47.0798196281636
8.46 41.2982705671962
8.47 47.7410784975214
8.48 54.527798955857
8.49 51.8557507084929
8.5 41.4782572201447
8.51 31.1987307525281
8.52 46.3189660485769
8.53 49.8656373365055
8.54 38.9386425329437
8.55 48.8914078497375
8.56 56.4985692385948
8.57 43.6532891567772
8.58 45.964180953505
8.59 50.5350070105979
8.6 54.4837171574091
8.61 69.8040723381367
8.62 55.0098116088641
8.63 25.5603798287539
8.64 46.3066777897614
8.65 34.9580651292982
8.66 67.6231616480949
8.67 47.301511605492
8.68 46.2944554238804
8.69 48.5536286051036
8.7 55.5615663650726
8.71 48.596720616256
8.72 43.3609666355469
8.73 68.2343746707832
8.74 47.291888204738
8.75 50.3285442008797
8.76 37.6965432376098
8.77 50.6809515187688
8.78 47.3552896650773
8.79 45.3481799684088
8.8 49.3677573670161
8.81 32.6817956914969
8.82 33.1078437548244
8.83 44.2366592480623
8.84 28.4048412435422
8.85 50.6192123020733
8.86 42.7375965185645
8.87 34.5441189360887
8.88 38.2651835839058
8.89 51.920447516164
8.9 53.4207791753277
8.91 48.3380080589684
8.92 29.373980951941
8.93 56.6289335896313
8.94 41.8599957895942
8.95 48.3134005011172
8.96 42.0240552243003
8.97 47.5532668920052
8.98 54.3825493028593
8.99 40.030783821419
9 59.9669591867286
9.01 46.9775400828521
9.02 54.2312512204932
9.03 52.2440101521999
9.04 55.9018274008759
9.05 38.9710815191789
9.06 48.5011078907458
9.07 51.8123024704476
9.08 39.116110240178
9.09 42.9368181432578
9.1 56.0738573079504
9.11 56.6240842328148
9.12 57.383582205257
9.13 42.3864033544153
9.14 46.9153565986406
9.15 52.7354135932343
9.16 42.2058417067712
9.17 65.9782857684858
9.18 50.1517816287706
9.19 63.9837849851544
9.2 28.7410370418555
9.21 61.0696602221505
9.22 50.6711480821667
9.23 40.966467876228
9.24 45.9868426815715
9.25 32.2185317534528
9.26 64.865102142796
9.27 34.0268844150765
9.28 40.9661165099707
9.29 50.3630585845426
9.3 82.1338626443303
9.31 65.851920837649
9.32 39.7491155825445
9.33 58.2203560035981
9.34 57.0896069387469
9.35 71.1096311137381
9.36 43.4454535981033
9.37 40.1334652113065
9.38 45.4281148567926
9.39 77.8547343789523
9.4 41.4556039359635
9.41 52.1682020373002
9.42 39.8836365109479
9.43 66.1453139217847
9.44 31.5847699893598
9.45 50.0311239319287
9.46 65.5206397157137
9.47 79.0372712377201
9.48 56.6066691714249
9.49 43.2602361105054
9.5 63.9561683989904
9.51 48.8232716806806
9.52 42.2340950788279
9.53 32.1781403038081
9.54 50.9236520369306
9.55 60.3862213390395
9.56 54.5561255700215
9.57 29.519008598239
9.58 59.6622105106035
9.59 46.6111232435607
9.6 55.8969198763593
9.61 67.8803492972204
9.62 47.5819227192136
9.63 54.7003666032696
9.64 45.2642328908184
9.65 30.5287734281982
9.66 48.7320987821881
9.67 60.2638616662963
9.68 60.2877393231116
9.69 66.4714535879257
9.7 34.7799264494313
9.71 60.4572226773535
9.72 50.2783220966221
9.73 65.7989303867316
9.74 60.8507137419333
9.75 45.6396785063426
9.76 56.8941346787475
9.77 27.7227599104098
9.78 42.6617564642725
9.79 37.787961435354
9.8 50.3616118473102
9.81 60.9005209347021
9.82 60.1552386834544
9.83 55.7851526028135
9.84 62.8447442955665
9.85 55.6456160886868
9.86 42.3467614314837
9.87 51.0783993095258
9.88 50.1175532695746
9.89 69.3213683731034
9.9 67.1594301177643
9.91 53.6765411095126
9.92 60.1277059201056
9.93 50.6947133942241
9.94 47.6193098041226
9.95 71.10228122024
9.96 48.3967015663357
9.97 44.6422986509414
9.98 27.7906425892146
9.99 63.391708609239
10 66.2649225072418
