0.01 -11.7675305971271
0.02 4.15396844764455
0.03 -2.8529996392769
0.04 14.6432198804997
0.05 6.53586545519537
0.06 2.26237964126359
0.07 25.3988109822797
0.08 -4.71399653605168
0.09 3.76289460588364
0.1 8.1915273127972
0.11 -3.11246910353467
0.12 -5.82364074957557
0.13 8.16427912570688
0.14 9.79168358216809
0.15 15.7623437087617
0.16 13.1632047784349
0.17 18.2657409343918
0.18 13.776639342083
0.19 5.97273480923264
0.2 12.6902630582653
0.21 4.34954568283348
0.22 15.4281314402927
0.23 -1.2118333950322
0.24 28.2548503715074
0.25 17.5116750106387
0.26 -6.22082225915075
0.27 21.4614156415082
0.28 -4.23407008352205
0.29 -7.81666694011146
0.3 15.088796853248
0.31 15.2513888769587
0.32 5.47633644762739
0.33 10.9727166065601
0.34 8.03238607617417
0.35 5.11789698033467
0.36 5.3164679183841
0.37 -5.73055175441078
0.38 14.914615733058
0.39 14.252744751325
0.4 20.7761445646893
0.41 -4.3853255535374
0.42 3.71974904565571
0.43 2.74794506275955
0.44 17.9863483442089
0.45 5.00775773279111
0.46 7.66546587392154
0.47 9.03668799685491
0.48 8.40127176792847
0.49 9.29073969523007
0.5 20.6576424228942
0.51 11.5859102206839
0.52 7.12882322362461
0.53 -8.11085796297592
0.54 -4.05485568965992
0.55 3.94907994751331
0.56 13.4772114646681
0.57 20.0082809688243
0.58 17.4925944028062
0.59 10.8756236371519
0.6 0.106525213975337
0.61 9.15001277982408
0.62 -15.4116013380386
0.63 24.7108739208353
0.64 -10.2611471600204
0.65 0.718979839585017
0.66 15.2512213197013
0.67 -2.27323853607245
0.68 18.6514150760184
0.69 4.10225836540734
0.7 1.94522140849788
0.71 15.7806607914152
0.72 11.0807655585547
0.73 -10.8190662360853
0.74 19.0506892816828
0.75 29.8039455731369
0.76 4.3983688503692
0.77 -6.65355371212383
0.78 12.4505075194093
0.79 22.5513863110357
0.8 23.4408640962227
0.81 6.01047087434772
0.82 20.442565975106
0.83 8.97629920142852
0.84 11.9670925060605
0.85 15.905578904883
0.86 7.11583495318783
0.87 6.58694383964074
0.88 3.90010362305091
0.89 -0.667033373124827
0.9 22.4968569810272
0.91 -1.26762262664257
0.92 7.31194767628708
0.93 27.6053301295494
0.94 9.56752823526773
0.95 22.186801067147
0.96 -7.92523486533536
0.97 16.3659233153437
0.98 3.69938272272665
0.99 4.15144486671627
1 20.0777637872705
1.01 10.6340157515757
1.02 -16.1832780290819
1.03 5.51959456506249
1.04 13.9684446191258
1.05 6.79834467395439
1.06 9.34244618111332
1.07 2.93301467345707
1.08 10.2403804644314
1.09 9.13964299024929
1.1 7.81684616186039
1.11 18.8761448074133
1.12 -2.84959121660094
1.13 11.508835247763
1.14 15.3448925245784
1.15 -0.154615787179312
1.16 13.0031567356772
1.17 2.13909244562069
1.18 12.6962182025008
1.19 6.31702381355212
1.2 -9.81853356376592
1.21 5.01814353998226
1.22 -3.04963283608129
1.23 12.7818613736904
1.24 16.2756699806955
1.25 4.64293326534629
1.26 27.4834208033932
1.27 6.85499570880585
1.28 11.9533216234991
1.29 25.8099374064272
1.3 12.2131338101478
1.31 1.78032674885056
1.32 0.64499816508167
1.33 12.0495053131695
1.34 13.8884334032353
1.35 25.511122365051
1.36 2.39784743040907
1.37 13.1374102946746
1.38 -2.18021883951881
1.39 14.123126288835
1.4 20.8271055499864
1.41 18.764396040008
1.42 5.84831438394062
1.43 1.91538775183574
1.44 18.5015106067775
1.45 12.8302793665418
1.46 10.7004540978104
1.47 17.9046825295093
1.48 6.83056038202272
1.49 12.1441705184821
1.5 16.2664138838433
1.51 -3.12968163814193
1.52 2.18146079573961
1.53 13.9459310474867
1.54 8.78765526520685
1.55 23.4085442372862
1.56 19.1743714307058
1.57 4.05508013010344
1.58 18.9793964541389
1.59 15.4558673661861
1.6 29.1148604053709
1.61 16.0464314296533
1.62 27.6501033518814
1.63 -9.77565678441398
1.64 12.6137575580632
1.65 8.45339255142051
1.66 24.4385706875159
1.67 22.6158930199144
1.68 19.2933706902854
1.69 10.3721876729877
1.7 10.6637259073908
1.71 14.4789831162198
1.72 30.2729093726595
1.73 7.75980151143144
1.74 11.4012257379931
1.75 18.2112735821854
1.76 -2.45567650314404
1.77 11.8927214389654
1.78 19.130582361544
1.79 5.5608195761306
1.8 7.7914380472507
1.81 18.3487852167703
1.82 20.9182750415272
1.83 13.6919376781958
1.84 -5.02370116208369
1.85 11.9558491883945
1.86 4.06651066260643
1.87 12.3983542702106
1.88 32.6052696197158
1.89 34.6486626814173
1.9 25.0559849406641
1.91 8.20995430445803
1.92 18.2096449671299
1.93 14.4789621545945
1.94 -7.02406319308929
1.95 7.02108117396538
1.96 24.6849776553138
1.97 5.44203325347968
1.98 11.6789334493199
1.99 15.3105873276597
2 15.8253605054804
2.01 16.4146045205346
2.02 14.5026750246647
2.03 4.72720248645002
2.04 31.0414215284762
2.05 26.3939237969444
2.06 3.62095423318292
2.07 2.60023912175058
2.08 17.779979510479
2.09 -5.83390051763967
2.1 7.2486948529517
2.11 0.437351149507938
2.12 5.97769335441689
2.13 23.7181776064881
2.14 16.5486355398325
2.15 23.4146759154209
2.16 24.1915551295315
2.17 13.8694714362289
2.18 14.4182038100282
2.19 7.50642643692308
2.2 27.0619229277536
2.21 21.2238736417848
2.22 19.7411973621063
2.23 30.7890956169317
2.24 30.0847567583547
2.25 24.3582342015914
2.26 1.40611706345734
2.27 36.4017947455999
2.28 25.4750585587541
2.29 -0.59202053793304
2.3 7.94665437365473
2.31 12.635459121129
2.32 10.2826132805269
2.33 28.4299990442988
2.34 18.003274746396
2.35 10.6563580866138
2.36 23.6809329563133
2.37 45.5720470262766
2.38 23.0227902270548
2.39 35.6092370875923
2.4 18.7722324201071
2.41 7.88631968970076
2.42 23.9246881415151
2.43 18.0491377040241
2.44 5.92752644623425
2.45 17.1091673029839
2.46 23.0869065338573
2.47 21.4552142075413
2.48 27.4030739426008
2.49 22.2153233240269
2.5 19.3152126084884
2.51 22.1849740143537
2.52 35.6775079818549
2.53 8.99273458956848
2.54 23.6252067676596
2.55 15.5124082106038
2.56 21.4960102299558
2.57 3.50949874794674
2.58 18.7199535998125
2.59 35.8118825666456
2.6 7.12876177647884
2.61 30.0930175565735
2.62 29.2875738205984
2.63 34.5439704105601
2.64 15.431664448118
2.65 9.61038760255134
2.66 42.4486779764905
2.67 9.02720098787102
2.68 17.8615174287595
2.69 34.0117794287218
2.7 33.2753574692134
2.71 35.9730739473639
2.72 32.0906684413811
2.73 12.6626735654777
2.74 26.3700799742913
2.75 19.3183338462536
2.76 15.0847845346921
2.77 20.7388390805291
2.78 7.09862548259315
2.79 20.4398942807712
2.8 16.1018467360239
2.81 13.8625480250189
2.82 0.271837767430208
2.83 26.8889689928353
2.84 10.9498918561272
2.85 32.4639823672086
2.86 16.3671199870732
2.87 18.4384272293412
2.88 38.4583765890138
2.89 12.2014363399476
2.9 35.773759775425
2.91 20.8451733055153
2.92 17.7818292510329
2.93 20.0239907328136
2.94 13.5158089188691
2.95 6.46774748885929
2.96 13.6129320497386
2.97 9.12877629962138
2.98 37.0008869665624
2.99 11.9885910718724
3 18.8773669224059
3.01 4.39674853584663
3.02 26.1422645690764
3.03 13.3467996700348
3.04 28.1387522550095
3.05 28.487838882699
3.06 31.0905225588596
3.07 42.9938656723225
3.08 34.8251274549899
3.09 16.1016945284134
3.1 19.5941793331585
3.11 18.4637697816653
3.12 11.0033785342385
3.13 17.0412246248778
3.14 18.8022065764876
3.15 9.30288780568856
3.16 34.8218252427759
3.17 26.274737760005
3.18 14.8157990623049
3.19 30.1669301038286
3.2 14.9925320541427
3.21 33.5145425404071
3.22 11.8124025778465
3.23 8.44679267939273
3.24 34.4619239756152
3.25 7.30985778253578
3.26 24.1635936967981
3.27 29.6574286448332
3.28 17.6569880444632
3.29 4.74070404957897
3.3 27.111206564069
3.31 36.2180127721398
3.32 15.9123838409603
3.33 3.47216864651459
3.34 19.7874082678345
3.35 7.96172726838379
3.36 37.5201777131357
3.37 27.2721374852097
3.38 17.0198539457815
3.39 26.7298563080517
3.4 31.3307082532523
3.41 22.2559088214236
3.42 7.74883996761269
3.43 36.2322295212409
3.44 22.0503637490268
3.45 10.661666552353
3.46 14.9109629760098
3.47 23.4283967392785
3.48 0.0306121837028854
3.49 21.4886583768003
3.5 35.2479941830628
3.51 34.9278816443237
3.52 24.2593853996593
3.53 27.8995668791049
3.54 34.0239144284819
3.55 19.7845201340394
3.56 7.17823688869171
3.57 20.0701591362483
3.58 17.6988607424436
3.59 15.5976207699522
3.6 29.2941435976609
3.61 18.9802074635328
3.62 18.4635907875706
3.63 35.6149806179823
3.64 26.0572605237802
3.65 40.8690352357858
3.66 7.03007445426482
3.67 30.4526648020086
3.68 17.6014486157492
3.69 21.8801795246238
3.7 11.6953358800766
3.71 17.6292183029788
3.72 17.3156952898215
3.73 13.607267567028
3.74 29.8906356673315
3.75 13.8085368909743
3.76 16.6248967630175
3.77 16.9488808562242
3.78 20.8722428660116
3.79 22.4756461623803
3.8 22.2472792654405
3.81 33.2155863813476
3.82 19.5221395274347
3.83 26.4401818885022
3.84 6.88918148945866
3.85 5.74332459942252
3.86 16.5585593408906
3.87 11.1863903264528
3.88 26.1497892405109
3.89 22.6477110244699
3.9 10.7513683511917
3.91 11.410487370763
3.92 33.4771193886554
3.93 20.1846520471507
3.94 23.9111216519318
3.95 9.63223674411904
3.96 24.1528588519491
3.97 54.1727357534252
3.98 22.3861121096919
3.99 49.8487863724126
4 21.2583164815813
4.01 20.445854114891
4.02 23.6359239150758
4.03 28.3861083159251
4.04 16.045098921292
4.05 19.4999918320014
4.06 36.4550713387234
4.07 23.2981918752991
4.08 18.0533522287948
4.09 40.1901653349728
4.1 22.4208206032251
4.11 18.5536099870449
4.12 8.27381019190524
4.13 23.8717445962844
4.14 6.65658646448463
4.15 18.7266580805748
4.16 24.7148300165723
4.17 29.9361856889
4.18 20.2965796031228
4.19 23.639500505338
4.2 14.3952173990716
4.21 22.1498542975815
4.22 21.7024056475046
4.23 19.7400007111688
4.24 6.04808036477164
4.25 26.6374866785962
4.26 27.6271839146935
4.27 39.7592210563022
4.28 31.0194767517781
4.29 24.170066287348
4.3 27.8685359021674
4.31 27.7065810880485
4.32 17.5587609211278
4.33 24.0026105954727
4.34 16.8214701369027
4.35 45.8980240077918
4.36 22.0127385523104
4.37 29.7082384138292
4.38 35.1851024458993
4.39 27.3949838332411
4.4 22.2655186011212
4.41 25.2515395048241
4.42 15.9286894473799
4.43 31.1183775305622
4.44 18.8493749220409
4.45 34.9993854650783
4.46 19.5209718358927
4.47 28.4108893244494
4.48 38.3123398795061
4.49 40.3638951018029
4.5 28.1073634997207
4.51 21.1210357801508
4.52 10.7201380593496
4.53 50.4751742753721
4.54 33.6494159394382
4.55 32.4481097020619
4.56 27.1325329459542
4.57 30.8343718526372
4.58 38.9563707994915
4.59 17.6236195232823
4.6 33.6063221033896
4.61 22.6817583375175
4.62 22.258457205548
4.63 12.6687820550999
4.64 27.9916505664024
4.65 47.987473664911
4.66 41.0035738090198
4.67 20.1374084264196
4.68 43.215741208375
4.69 22.2438276085627
4.7 9.46233029049523
4.71 16.3734362907285
4.72 30.8955569531708
4.73 20.4554484370191
4.74 31.3595555162841
4.75 32.4958778960498
4.76 12.6436369023517
4.77 39.4688248151927
4.78 22.6091577847753
4.79 46.4761466254555
4.8 28.1141152049415
4.81 19.7895982508965
4.82 23.9056450533392
4.83 18.9772970011475
4.84 27.243376047189
4.85 33.1573549934994
4.86 30.4700106571586
4.87 28.7090826458742
4.88 13.9626692145283
4.89 36.336078763116
4.9 33.4307733271861
4.91 38.2602249922612
4.92 54.6272030525065
4.93 11.6645645114053
4.94 54.8501788725794
4.95 17.0984431092512
4.96 34.8439364558766
4.97 21.657209209643
4.98 27.7724419684703
4.99 39.8878502721761
5 37.2762004969399
5.01 42.1207517225844
5.02 25.3491537145982
5.03 37.4537010757629
5.04 27.2555285441118
5.05 29.7703446207548
5.06 36.9558142078228
5.07 27.8307164344281
5.08 43.4443537636696
5.09 17.4148820581938
5.1 19.7484618140036
5.11 17.7306365034265
5.12 15.2510682464203
5.13 21.7871450115981
5.14 40.9696259110217
5.15 26.8196309378529
5.16 35.4476997489216
5.17 32.8125803154819
5.18 15.1667271744584
5.19 28.5016877471089
5.2 25.8428052607166
5.21 40.0931636638389
5.22 33.0904177888871
5.23 32.0940595981321
5.24 35.9022921218551
5.25 24.6511433368002
5.26 18.893091708186
5.27 46.7721888928918
5.28 37.3883516917563
5.29 32.8430484929813
5.3 32.0038084029042
5.31 25.5402980551132
5.32 23.8506969283532
5.33 26.6816546617053
5.34 41.4200723319129
5.35 36.4035285728032
5.36 48.520871029272
5.37 25.7319803990179
5.38 33.9910642741946
5.39 29.2519241072483
5.4 30.3542953121657
5.41 37.5245661786086
5.42 42.7088924707029
5.43 52.9669446383671
5.44 34.8075260003667
5.45 31.4616506411164
5.46 40.7803729052808
5.47 20.3111342728521
5.48 17.9132528026534
5.49 22.1206497726771
5.5 39.9743400679848
5.51 48.234625214062
5.52 35.1055726916191
5.53 42.3613600200675
5.54 46.3579892189341
5.55 42.0485711720709
5.56 19.7354945083977
5.57 31.9320786018576
5.58 48.6443248508808
5.59 28.0122003145622
5.6 38.9353495770921
5.61 27.6328597826568
5.62 24.2138934112148
5.63 26.0242096585421
5.64 43.5909243006114
5.65 44.2349815864899
5.66 35.4460616737553
5.67 29.844411404592
5.68 38.9298170899244
5.69 50.3238520538999
5.7 28.851326508574
5.71 23.5775693827259
5.72 37.0061640294898
5.73 43.680875515401
5.74 20.3915383857781
5.75 21.9294312446662
5.76 32.4635055776698
5.77 22.5493884494648
5.78 49.7290725309546
5.79 29.9277489982054
5.8 29.752381233824
5.81 44.570459217622
5.82 22.825791448983
5.83 32.7945591075213
5.84 35.1171295429466
5.85 33.4557868259434
5.86 45.6154186877271
5.87 36.1964722568183
5.88 39.1564859335445
5.89 55.8338918701485
5.9 43.8129425908521
5.91 36.528369806937
5.92 32.6173080334313
5.93 34.2422721865578
5.94 28.3988618707068
5.95 47.4282305773941
5.96 34.2278466852337
5.97 42.3071202321063
5.98 35.1949002070544
5.99 45.1983231998178
6 37.0685325365284
6.01 38.2937422790809
6.02 29.1051903329803
6.03 21.2794354356985
6.04 43.2089783283624
6.05 23.2955351098175
6.06 37.7998318618656
6.07 44.8221011574173
6.08 28.3862086631544
6.09 25.931801038605
6.1 39.9423545303809
6.11 47.5085889173993
6.12 43.4259443717202
6.13 34.813716748939
6.14 57.5086068917512
6.15 35.2895001379204
6.16 24.963309491405
6.17 30.8195981100922
6.18 35.2220174160695
6.19 27.9886634248473
6.2 28.7902835015232
6.21 50.9641376209684
6.22 42.4612765634281
6.23 30.4164914780187
6.24 27.8989705252084
6.25 19.9156834000146
6.26 39.6384692861333
6.27 30.0845295729456
6.28 10.9988769011798
6.29 24.0109953495062
6.3 36.2720114544781
6.31 33.2893610765828
6.32 22.9737756657287
6.33 39.2184649609631
6.34 30.6956202860239
6.35 43.4547611101888
6.36 39.4525261549335
6.37 31.6688015789105
6.38 39.10179390957
6.39 42.0864429679664
6.4 34.7569679013367
6.41 42.4483839553733
6.42 42.4666991980432
6.43 48.412149828613
6.44 37.9372034487148
6.45 16.367213991531
6.46 35.6149104012976
6.47 29.5810872736757
6.48 62.1610016024957
6.49 33.0056537529773
6.5 41.9292235358209
6.51 50.8690181828484
6.52 34.1032555461796
6.53 28.5338624281845
6.54 62.7368301075637
6.55 36.100698578204
6.56 29.4482289199528
6.57 46.126469688422
6.58 34.7156088958891
6.59 40.3773844316352
6.6 40.7415188158038
6.61 58.5082290728245
6.62 24.3778619446853
6.63 36.5857436014147
6.64 43.8913494434376
6.65 47.1821612384784
6.66 44.5171111442193
6.67 32.7160109447737
6.68 19.8605618433838
6.69 40.3763711415118
6.7 37.59278248331
6.71 51.1233829921994
6.72 40.4704322785933
6.73 42.6804078434052
6.74 47.256818915851
6.75 51.1917620677124
6.76 43.7704162808045
6.77 26.1008038477594
6.78 64.4279252878316
6.79 40.2904487371358
6.8 48.8731892250929
6.81 35.6596950063551
6.82 29.1101508874996
6.83 40.6846435228061
6.84 31.8682104965403
6.85 37.9207078350321
6.86 35.4465536336917
6.87 31.2617328222509
6.88 41.9469036413276
6.89 52.0720951586401
6.9 49.9716215839817
6.91 53.1769431743499
6.92 46.5346504292757
6.93 53.8961323575662
6.94 40.874970738802
6.95 45.4163064383375
6.96 42.8341812629568
6.97 27.5477485458454
6.98 26.9884943003459
6.99 45.540522019877
7 40.3821387680025
7.01 21.7123732647165
7.02 21.613862778476
7.03 25.8526913442757
7.04 37.7957443787143
7.05 39.167990721266
7.06 51.8534445306634
7.07 49.0007838896473
7.08 42.9033122001918
7.09 27.6363017874305
7.1 55.4057363215773
7.11 57.9538234800031
7.12 49.2481613503036
7.13 35.2583828314392
7.14 33.643681393797
7.15 35.2072832822327
7.16 48.7821291583775
7.17 47.1908166120028
7.18 23.6986494505234
7.19 43.3388015131627
7.2 39.8609794479931
7.21 45.3585832328002
7.22 36.7628338059813
7.23 40.8469754142159
7.24 41.9737133012102
7.25 44.6318225318452
7.26 35.7213979139829
7.27 48.8454753768186
7.28 47.0360450731188
7.29 50.0861447931274
7.3 46.3773210607897
7.31 44.4158427467447
7.32 30.5163233811442
7.33 23.3325363430012
7.34 42.0842509489042
7.35 43.2208995752123
7.36 46.3688297766681
7.37 18.2811515295869
7.38 40.1415089326881
7.39 45.3543828115586
7.4 36.9795823068203
7.41 31.727365390057
7.42 47.6652646131625
7.43 50.0414985524632
7.44 47.7905446044033
7.45 35.3297340139667
7.46 52.0648785090819
7.47 45.3634915721664
7.48 38.8607154363538
7.49 27.5443438076776
7.5 40.2909597215238
7.51 38.1338015819155
7.52 49.2399928826378
7.53 36.043784231098
7.54 53.6651749818552
7.55 41.6373648527126
7.56 38.9996673318441
7.57 46.6527799274777
7.58 50.6485792314314
7.59 45.9213302954132
7.6 54.029822741601
7.61 51.6714031408424
7.62 29.7539384277004
7.63 41.8751017243883
7.64 38.0928719946212
7.65 47.7929424280686
7.66 45.5514570634533
7.67 34.4642965321331
7.68 47.3949723560859
7.69 33.0645275960233
7.7 26.2302295796626
7.71 50.5274810064484
7.72 26.5195497467068
7.73 32.5257689922274
7.74 43.9754679601304
7.75 58.2411477545953
7.76 57.1768429076982
7.77 43.0697858778382
7.78 50.5550518663982
7.79 44.075224076424
7.8 52.4497081533592
7.81 41.2012591536697
7.82 41.7465171498199
7.83 35.0906958657683
7.84 39.9407686197166
7.85 44.3966146501272
7.86 56.9705470711766
7.87 36.0267445828013
7.88 50.1188742065184
7.89 42.4742619935269
7.9 63.8041349812303
7.91 32.924735813299
7.92 41.8138062323172
7.93 50.6063456769594
7.94 39.2642261460584
7.95 41.171039932881
7.96 49.381682391041
7.97 53.7427050756066
7.98 58.941557775349
7.99 36.6248918927821
8 58.8441580326706
8.01 23.7922410812154
8.02 55.9415509769039
8.03 54.313899502533
8.04 52.5713389056709
8.05 38.8038913262293
8.06 34.9109740678994
8.07 48.6184439798229
8.08 43.2905945167883
8.09 51.0572689170028
8.1 43.2826061956675
8.11 42.2729310052101
8.12 49.1839778150204
8.13 61.4097229226957
8.14 42.8989213884538
8.15 49.2376652058491
8.16 64.56894828636
8.17 55.0177799850055
8.18 53.9032579933591
8.19 62.6665785423473
8.2 33.4971451274721
8.21 47.6211454866912
8.22 44.6461516489784
8.23 31.5633036142375
8.24 50.2756097458307
8.25 55.5714356287829
8.26 57.801818222692
8.27 50.9456926190608
8.28 42.8958800084219
8.29 43.0614933795897
8.3 48.0148879391104
8.31 40.1475171959387
8.32 44.5450739354682
8.33 43.2945571821265
8.34 45.4628698969067
8.35 35.4519835410667
8.36 53.208440311239
8.37 48.9467774982525
8.38 51.3874864182048
8.39 45.4070862368438
8.4 48.0726229299567
8.41 62.8872929794313
8.42 45.0214355482925
8.43 43.5908927333635
8.44 52.5885006939925
8.45 49.5515691061278
8.46 51.5663449010826
8.47 28.1369759398296
8.48 73.1486461350949
8.49 49.1449931507793
8.5 61.5805795939434
8.51 55.7675958823017
8.52 53.3301972752121
8.53 46.4049672157207
8.54 42.1310650277882
8.55 43.0008043885013
8.56 30.3261278940977
8.57 39.8556096522353
8.58 50.580827020728
8.59 58.7183415227689
8.6 61.916276222638
8.61 54.9506324290046
8.62 43.5036473226229
8.63 56.0725579444662
8.64 53.9340595005113
8.65 76.0794786036823
8.66 48.4283282267789
8.67 39.4297235578106
8.68 61.2156700008499
8.69 39.7227302462687
8.7 40.0073615834961
8.71 38.8090082044977
8.72 47.9851054634991
8.73 41.2096355325292
8.74 71.9719340615563
8.75 69.905456434346
8.76 41.9988572732354
8.77 40.9279264819225
8.78 42.06950889842
8.79 54.9947799379934
8.8 63.6097084508607
8.81 45.6155384177248
8.82 55.0231258587652
8.83 57.292053329599
8.84 62.6452993542533
8.85 59.7137389420758
8.86 44.1999896745061
8.87 38.5488403558179
8.88 71.4873340444347
8.89 52.3860142120148
8.9 49.4601331983274
8.91 51.3570865250139
8.92 49.6272571480594
8.93 55.463225043039
8.94 59.0003293282687
8.95 45.5675512361163
8.96 63.5266092500387
8.97 43.9430022040843
8.98 50.6416176656411
8.99 39.2753229129219
9 47.9393726320514
9.01 63.00433013683
9.02 56.5570138925621
9.03 43.7389795304524
9.04 48.6953130937857
9.05 41.9125782003338
9.06 49.0064973335861
9.07 60.7711469924369
9.08 31.5025654950043
9.09 54.0190293967999
9.1 61.9511876086439
9.11 49.9937055394937
9.12 45.0949470849104
9.13 61.0777206522345
9.14 49.371593007461
9.15 68.1691683822091
9.16 56.0248127035627
9.17 43.2149372027693
9.18 53.5364608941334
9.19 75.8121873946602
9.2 47.7808089016103
9.21 44.836942335776
9.22 55.8923612030696
9.23 50.1036763444179
9.24 34.0398097670407
9.25 25.507667798985
9.26 49.5663861153942
9.27 49.376814233171
9.28 53.0180931499224
9.29 73.5839281237184
9.3 60.5035109941027
9.31 37.7094211046216
9.32 66.635390928444
9.33 40.5218769091269
9.34 54.494912858326
9.35 55.8314817730521
9.36 36.8063108939631
9.37 34.5732549842486
9.38 54.025577491466
9.39 52.3750253029266
9.4 66.9714358737474
9.41 25.4649207132531
9.42 69.3347450219914
9.43 37.21964944755
9.44 40.932129751116
9.45 27.5206501107334
9.46 48.4084746156788
9.47 49.8374577057112
9.48 62.9180968469903
9.49 65.0140198156962
9.5 47.1672340701555
9.51 55.975121892355
9.52 43.3707207329838
9.53 68.429566933412
9.54 57.5499960723357
9.55 53.879902787147
9.56 43.8053640966104
9.57 70.6477602709334
9.58 59.5722429731167
9.59 56.9372641619232
9.6 84.1570508136151
9.61 49.535258545666
9.62 57.004452962537
9.63 60.0414977833247
9.64 56.7536596673122
9.65 60.5112033665293
9.66 51.5883449129406
9.67 41.0273767855634
9.68 49.7350066768666
9.69 55.1346871038369
9.7 50.5540506264087
9.71 43.4504765695139
9.72 44.942066957226
9.73 60.538403357027
9.74 58.7385744553796
9.75 60.1535256040359
9.76 64.7388898635945
9.77 38.3794470531693
9.78 59.9113869188232
9.79 47.1983707656631
9.8 57.335128628892
9.81 54.5153000739649
9.82 44.833680283743
9.83 62.2263100946816
9.84 47.3653594114344
9.85 26.6499764143245
9.86 55.5373569600317
9.87 60.6576716969438
9.88 49.1207603868399
9.89 47.0905044329912
9.9 48.6189614290233
9.91 51.6492318382614
9.92 72.2466262153819
9.93 32.8291657795234
9.94 45.1383116675484
9.95 64.4970284817822
9.96 62.1253622255199
9.97 43.6141004529598
9.98 47.7616805769026
9.99 56.9718715782432
10 62.1814829808966
