0.01 -7.96683843535286
0.02 18.6267901503057
0.03 16.2959417753456
0.04 10.9944912469012
0.05 14.9756504547895
0.06 12.5027211673585
0.07 13.1815450032862
0.08 0.960283881715069
0.09 0.456057261338656
0.1 0.778171217075286
0.11 -6.45411272565068
0.12 1.27977988777217
0.13 18.0021912364736
0.14 9.54177237522404
0.15 12.4798618822576
0.16 -3.73794490895546
0.17 5.70570597670022
0.18 -9.64462460332374
0.19 15.0853081404525
0.2 -0.586096316257055
0.21 17.2360424457193
0.22 13.6438762541649
0.23 1.3359122146578
0.24 8.61207684846225
0.25 2.73068831369145
0.26 -4.54661604219765
0.27 0.188011775960813
0.28 12.3331603949424
0.29 27.3481883223827
0.3 -18.1027875712031
0.31 5.902524864537
0.32 11.9366974241442
0.33 0.777344693414892
0.34 9.571139011225
0.35 17.4568990835275
0.36 13.5547620482969
0.37 18.9554177655838
0.38 24.029429586777
0.39 17.8907762040129
0.4 1.90755904240548
0.41 2.10207781443009
0.42 -14.5076993734624
0.43 9.98225883097358
0.44 14.2814186909107
0.45 11.1284919144032
0.46 2.202236171458
0.47 -6.49529941647924
0.48 15.2122846674159
0.49 22.1255773012053
0.5 -11.027596705805
0.51 11.1107872655526
0.52 3.53497451723299
0.53 22.8523914761295
0.54 5.73232906633274
0.55 16.93491922304
0.56 -5.93545801132279
0.57 22.4899229435678
0.58 10.9380578419508
0.59 19.2362395658197
0.6 2.99883024313879
0.61 23.3486436876073
0.62 9.62433883726023
0.63 18.1037525267935
0.64 -8.49015141686432
0.65 16.927944399652
0.66 2.924277613438
0.67 17.9293273537519
0.68 -2.54752805807217
0.69 -2.84457060840969
0.7 25.117101726477
0.71 5.39702542768418
0.72 4.26096922954499
0.73 7.91331967397556
0.74 -4.22686445170341
0.75 2.66808914380146
0.76 25.0787029652969
0.77 9.51585938525153
0.78 16.4996314741755
0.79 7.83934900472316
0.8 19.1802259952829
0.81 19.3912577044367
0.82 -1.27732060960344
0.83 17.9924463889451
0.84 15.3544319594824
0.85 13.728047859804
0.86 8.54035388158559
0.87 1.09140037495411
0.88 17.3071551036501
0.89 6.40990234075942
0.9 6.22828251198723
0.91 5.21447583111187
0.92 10.3596380930284
0.93 3.76138731701496
0.94 1.35331830792789
0.95 7.81220969995749
0.96 -14.8948871059346
0.97 28.9440599802258
0.98 8.94879492178591
0.99 7.80551112274959
1 19.102586741555
1.01 8.4966057121485
1.02 9.90305811132032
1.03 -16.4293164913694
1.04 -2.19258634747625
1.05 -4.64487867671483
1.06 -14.6962341505913
1.07 24.0105217416641
1.08 19.5103725837904
1.09 24.2911808256017
1.1 13.1800545259163
1.11 -3.963894672537
1.12 4.27288920011187
1.13 15.4435287323514
1.14 17.4316617382767
1.15 22.6170508676509
1.16 3.62087710533875
1.17 11.9002082759559
1.18 8.37368635678708
1.19 11.7636747028059
1.2 28.7574801245413
1.21 15.2355386582217
1.22 12.3389103026308
1.23 23.9479853298341
1.24 11.0472502294958
1.25 29.1108644927618
1.26 25.0819356526513
1.27 4.03378773278662
1.28 9.81724280839082
1.29 11.0807192764639
1.3 5.36512219697761
1.31 19.6986002862743
1.32 10.8298471269354
1.33 16.2996108169134
1.34 9.59405939064949
1.35 -4.2211261987514
1.36 22.5934913710277
1.37 10.7676600946247
1.38 14.0899996069713
1.39 -8.26165186959773
1.4 21.9080864684887
1.41 13.4141715068544
1.42 7.34236402330527
1.43 15.2088796298704
1.44 13.7903964041092
1.45 23.3333729089735
1.46 -4.55344547481764
1.47 28.6069509000772
1.48 11.0097803448192
1.49 10.2287465864083
1.5 2.54178033491619
1.51 13.0114142563306
1.52 28.1709859091444
1.53 10.2744061638568
1.54 -20.9427776642614
1.55 6.86672934824487
1.56 7.12515566883415
1.57 19.5328888648465
1.58 21.5924502956479
1.59 14.5645737160927
1.6 33.4392125352147
1.61 7.87583126328879
1.62 18.3831128503906
1.63 16.3337781383543
1.64 -4.09981520255158
1.65 -1.48624677210801
1.66 -0.589843057340728
1.67 8.79550705477686
1.68 6.86058484350067
1.69 -5.05071554938071
1.7 8.24547451045781
1.71 21.6374476928391
1.72 13.2244720924559
1.73 5.30418583503157
1.74 22.4043961931949
1.75 29.5414010951522
1.76 6.11813549793117
1.77 15.4186396914404
1.78 29.1823738208289
1.79 16.9733337275434
1.8 15.4705373063406
1.81 37.9206251852967
1.82 17.1510555147448
1.83 23.9569153777981
1.84 16.4535479775177
1.85 14.7727214403423
1.86 20.6788818633866
1.87 19.0733744149585
1.88 12.6188587363235
1.89 -5.78444450338698
1.9 18.8598909100579
1.91 24.9536836808716
1.92 22.6172690744673
1.93 18.3903128350088
1.94 11.8330184649444
1.95 38.2059838603462
1.96 24.5486434231088
1.97 16.3999473931062
1.98 3.75123382476093
1.99 32.9132283384689
2 12.0549397790986
2.01 23.3854883344914
2.02 26.867103538851
2.03 1.03471723962506
2.04 21.5417415925926
2.05 11.0902037447972
2.06 4.72897426286008
2.07 30.7699566656769
2.08 23.1700219390036
2.09 16.6244225149878
2.1 22.264205149741
2.11 26.2049392195974
2.12 6.95211488886929
2.13 3.88626697418592
2.14 9.96031284374174
2.15 21.4136813329225
2.16 10.6449239415305
2.17 24.2974001651949
2.18 25.3987423295165
2.19 7.38021234861684
2.2 16.4135256362656
2.21 28.7271534176243
2.22 26.6755249478945
2.23 20.0134579910201
2.24 20.1238080342438
2.25 -5.63254793534937
2.26 16.1815586390782
2.27 -5.25079284563799
2.28 14.3872779227091
2.29 23.7428784360522
2.3 -0.143195450499533
2.31 13.7111383985635
2.32 9.96081611273215
2.33 29.6949007301418
2.34 16.1592240371344
2.35 12.5586618623517
2.36 22.7665024782155
2.37 30.7183405542486
2.38 11.8841622330288
2.39 34.6201875816782
2.4 33.3963798515819
2.41 27.3165492631137
2.42 25.108465759859
2.43 26.9442545155556
2.44 17.2369112708915
2.45 19.9320730355596
2.46 14.3166067857879
2.47 18.6595395041885
2.48 21.9668363544198
2.49 21.0064956405786
2.5 18.7083966563996
2.51 15.4724758867142
2.52 45.962741089347
2.53 28.6199219970212
2.54 34.463680823235
2.55 27.8479571812821
2.56 20.5477018281337
2.57 21.7425767142487
2.58 20.0333514374497
2.59 30.418396670975
2.6 14.6748687941572
2.61 31.8017287002645
2.62 1.48442043851002
2.63 25.8068386187101
2.64 4.24848303900324
2.65 4.4572152367644
2.66 16.4276562091728
2.67 26.5687057775751
2.68 25.0384682883849
2.69 27.1361840892239
2.7 9.54428317277581
2.71 36.1574619349801
2.72 37.3048742480962
2.73 15.2104296859582
2.74 16.3816655461161
2.75 7.43466140709904
2.76 7.82696586743985
2.77 37.9008062765175
2.78 26.1090231862308
2.79 26.3736995902869
2.8 34.4523080073557
2.81 32.8160189948649
2.82 17.7248760678163
2.83 50.903835840501
2.84 51.7942275749059
2.85 16.9053827307501
2.86 33.8064864672228
2.87 18.8131778692337
2.88 33.7645940360953
2.89 17.462645011729
2.9 9.63956445949934
2.91 32.1114924735672
2.92 23.8117165807574
2.93 26.4559623861136
2.94 13.8471679721666
2.95 27.1613892262676
2.96 14.2104710632799
2.97 40.5244713450598
2.98 0.501385318319107
2.99 18.3435199515238
3 20.9078319007734
3.01 22.6808548693085
3.02 1.81498171320176
3.03 33.2295591976527
3.04 32.9627752752378
3.05 -2.27663571694878
3.06 24.7582549929971
3.07 7.16451814602479
3.08 24.5245598686194
3.09 18.3721892046354
3.1 18.3438787433834
3.11 -8.18802084750379
3.12 16.8421783081755
3.13 14.228438521402
3.14 10.7312046975728
3.15 26.4390919277649
3.16 11.2575056269775
3.17 23.4815815450741
3.18 32.5120502838072
3.19 8.1549330433011
3.2 19.9241713334055
3.21 26.0074612187039
3.22 33.2861252603558
3.23 36.0153806171805
3.24 18.8082274862863
3.25 36.6898413830552
3.26 4.52895242184085
3.27 24.195765135265
3.28 15.5465304348236
3.29 23.1843217732798
3.3 28.1822910372001
3.31 22.7589027094543
3.32 18.7391758514673
3.33 13.7597763342569
3.34 12.9731512293717
3.35 10.657806263369
3.36 1.44216576175921
3.37 3.24965660953283
3.38 23.5957298247695
3.39 26.7589257339681
3.4 31.8302988248151
3.41 30.5054333143932
3.42 39.0345429000508
3.43 30.4292502720348
3.44 19.1921631804124
3.45 29.8660430997078
3.46 42.327207516845
3.47 24.0724826489468
3.48 17.7393809600494
3.49 22.2787186323158
3.5 18.1173128576519
3.51 7.27756762467916
3.52 31.3720599209406
3.53 15.591285717637
3.54 26.2180921273685
3.55 28.7914341208222
3.56 22.7625913999392
3.57 34.465534407175
3.58 6.76514844301537
3.59 22.0846117016302
3.6 13.069130917645
3.61 20.9951836159732
3.62 24.56288398769
3.63 15.2819876634649
3.64 57.527923119612
3.65 26.8061252358429
3.66 16.9684343571492
3.67 27.463021344912
3.68 27.9456814775342
3.69 29.4473216245878
3.7 10.1172931950303
3.71 18.3434141892415
3.72 14.1088318750499
3.73 26.7023399175122
3.74 42.081828275282
3.75 35.88280376361
3.76 10.7034237036534
3.77 12.9567417913527
3.78 27.049213909624
3.79 28.7806741117398
3.8 20.0603324216907
3.81 8.2130051054387
3.82 21.4338494112926
3.83 30.5727575849133
3.84 40.5777985974167
3.85 13.1788327424311
3.86 40.2650488640014
3.87 17.1752935994851
3.88 11.2728793201253
3.89 26.1584883046385
3.9 22.1016762871226
3.91 28.3828112208778
3.92 34.5465560849812
3.93 18.5444705253953
3.94 32.5860175779749
3.95 33.3292591286851
3.96 21.8417471940585
3.97 26.5054869749831
3.98 23.5155855346263
3.99 16.9603981848664
4 14.8497213587744
4.01 16.6269523055887
4.02 31.2415174767857
4.03 24.7456324001139
4.04 48.2847768668706
4.05 12.9507501278418
4.06 15.4083836586484
4.07 25.7836819828799
4.08 5.63065043187155
4.09 38.8404053255307
4.1 36.1816850534598
4.11 30.2913519899597
4.12 8.78630138676424
4.13 36.3945086826789
4.14 35.7335216347127
4.15 38.8736876717565
4.16 16.840554790957
4.17 28.4933193435288
4.18 23.5936563084624
4.19 55.3340796352128
4.2 38.5813702850265
4.21 27.0580488728857
4.22 37.8433999255824
4.23 24.0447177342333
4.24 28.326792453556
4.25 23.6023591040869
4.26 36.9040286122664
4.27 27.6295465892863
4.28 45.2778072067427
4.29 26.9310822127083
4.3 48.2399602870533
4.31 46.1013006984594
4.32 15.7602618329513
4.33 30.5411880606135
4.34 32.1776111091978
4.35 39.4609833066901
4.36 18.3739219506682
4.37 9.82185571289132
4.38 19.248297705736
4.39 31.7749750146905
4.4 16.9077753467763
4.41 11.4700209205128
4.42 29.0278264155444
4.43 25.4889511463911
4.44 38.0468539620988
4.45 29.1773230651941
4.46 12.7463379439915
4.47 24.6007405127814
4.48 25.659140183515
4.49 20.0523944768217
4.5 29.6732147947584
4.51 27.584051208941
4.52 38.7317530665665
4.53 16.4671219680422
4.54 38.5463659793829
4.55 33.5505875400288
4.56 33.8431785122867
4.57 32.7188679620159
4.58 23.0554253886283
4.59 24.6998271481812
4.6 31.3567885492048
4.61 30.7831984899007
4.62 26.1820819526891
4.63 46.6483348995163
4.64 21.4073235466723
4.65 38.8726225317969
4.66 51.247751603276
4.67 34.113364508781
4.68 29.0800960920574
4.69 38.6190047521052
4.7 34.9079876516385
4.71 20.3369284583121
4.72 8.38219207283374
4.73 30.4448391072273
4.74 30.7687946657264
4.75 32.7077254598197
4.76 20.3225141558328
4.77 19.5946707832497
4.78 25.5715259766492
4.79 28.2676990176908
4.8 28.7069719313222
4.81 16.2417626395234
4.82 34.6402896945643
4.83 28.6588921774835
4.84 25.8995229565264
4.85 15.7795028902523
4.86 29.7451446203078
4.87 26.582350595699
4.88 37.1740973346593
4.89 27.8439724482705
4.9 31.7236992618024
4.91 41.9453271325709
4.92 23.4187423168692
4.93 31.0493392245125
4.94 45.6482034036775
4.95 15.6216168396595
4.96 23.3149985851866
4.97 37.549600568272
4.98 32.9476148402074
4.99 19.1019901681699
5 22.9283596834677
5.01 29.2877576114593
5.02 41.3192800885582
5.03 40.0698774864665
5.04 44.4928018049418
5.05 46.4424104341421
5.06 39.2067171910111
5.07 34.7032983271051
5.08 10.6631039911472
5.09 37.6465412772061
5.1 26.2296150782054
5.11 38.9275367394852
5.12 32.9320571308902
5.13 30.7985059084165
5.14 32.1355139020414
5.15 37.2401346859284
5.16 41.3795701167534
5.17 34.6135742727212
5.18 24.9669481345381
5.19 35.443536301779
5.2 35.64154717014
5.21 16.0183718215699
5.22 45.3924797980587
5.23 41.7634370275322
5.24 30.7741566772759
5.25 27.3741536944952
5.26 47.5927167209851
5.27 34.6558120606422
5.28 25.9671552802733
5.29 20.9654358031066
5.3 37.2040390485151
5.31 10.3550487811944
5.32 38.6316753526139
5.33 37.508754792748
5.34 42.3579932315648
5.35 29.0300945318178
5.36 30.1560973254552
5.37 25.7544862636854
5.38 44.9145058408302
5.39 34.333032436514
5.4 47.1712377435688
5.41 28.7244054624499
5.42 30.0240916083611
5.43 42.1607776642389
5.44 24.8901733937411
5.45 25.7815224581067
5.46 52.0842716892142
5.47 30.7293268564531
5.48 41.7470006841898
5.49 16.4103997227465
5.5 51.6390524887323
5.51 47.6342116561906
5.52 33.6734283135684
5.53 21.6849862747358
5.54 29.6879446809003
5.55 37.7911552913751
5.56 23.6095638503954
5.57 32.0438689641665
5.58 32.9934655949639
5.59 40.6415252663373
5.6 12.7518211594328
5.61 26.8030191345735
5.62 36.9206793373728
5.63 27.6199121991401
5.64 24.6814776087301
5.65 14.9438214249867
5.66 33.5149298489468
5.67 41.8784232136221
5.68 39.8777288268217
5.69 22.7932737273402
5.7 32.1067037239216
5.71 32.7445550578817
5.72 42.4210052729704
5.73 38.1127413392413
5.74 33.4743320267287
5.75 27.7154607094281
5.76 38.2234885749616
5.77 38.9842102482182
5.78 29.7615617285418
5.79 39.1543292649987
5.8 34.2844183881435
5.81 35.3908315222886
5.82 21.2130073343929
5.83 44.700503153341
5.84 34.5043580337609
5.85 26.6068971569786
5.86 27.4841789308888
5.87 21.5997929948474
5.88 30.5990814170905
5.89 41.8122337732702
5.9 34.0907673895426
5.91 18.6588206223478
5.92 29.6281666520838
5.93 33.3121759376023
5.94 49.4753605015502
5.95 19.9829243572763
5.96 37.14060037117
5.97 17.3137417949666
5.98 7.00916846013865
5.99 34.6112864628211
6 41.3169283081119
6.01 24.8878585213226
6.02 36.1257172572458
6.03 44.5675313460687
6.04 45.7690390942481
6.05 53.6512914285572
6.06 26.7093697485682
6.07 38.0803230683757
6.08 56.2904836707539
6.09 21.2119657104847
6.1 30.6822550970948
6.11 13.3584633687993
6.12 47.6131473215985
6.13 19.0225870209823
6.14 29.4444234285249
6.15 54.7815582296418
6.16 34.6590606785556
6.17 30.8207060274872
6.18 38.3249637386841
6.19 46.9251945859381
6.2 26.8574162412947
6.21 38.0899993941506
6.22 40.145967129916
6.23 17.6867809051545
6.24 38.4735384736558
6.25 34.3538339721203
6.26 59.1780650652763
6.27 39.3926163779687
6.28 22.7379971320061
6.29 51.1521201276265
6.3 32.7542153710219
6.31 30.2004540149434
6.32 53.4127993300551
6.33 32.6371387360169
6.34 37.148420839249
6.35 46.179683708687
6.36 34.291549687689
6.37 32.3179956595414
6.38 51.7513362425381
6.39 51.915538505139
6.4 36.0912979355392
6.41 37.7305713393542
6.42 57.3833794967638
6.43 36.2240857127574
6.44 24.3719230651814
6.45 32.4143831760398
6.46 16.0636738869553
6.47 46.7644411625844
6.48 47.8571263421687
6.49 34.5046877014763
6.5 37.80088342778
6.51 36.0247618853666
6.52 37.4395362132148
6.53 19.2397649684311
6.54 33.2843064990267
6.55 46.8452027723012
6.56 56.1760443011005
6.57 36.7813266964226
6.58 40.8844208236349
6.59 47.5728962489387
6.6 43.935504681646
6.61 44.1543808076535
6.62 46.0254191197381
6.63 35.6538054310086
6.64 41.6512435504951
6.65 52.049898588066
6.66 40.4511898077432
6.67 62.0796280635558
6.68 44.6180452896285
6.69 40.6651623027457
6.7 45.7359319352706
6.71 38.4994544660805
6.72 49.2355148501285
6.73 39.055904465525
6.74 33.7499175468768
6.75 25.6921003064856
6.76 33.8636959319484
6.77 23.8244049056935
6.78 51.1993121756336
6.79 41.5133616329103
6.8 23.6572063857467
6.81 23.7196041909256
6.82 25.7271999266147
6.83 43.9301359481087
6.84 39.3603441672114
6.85 39.7634499634951
6.86 40.0727927800343
6.87 27.9459406234563
6.88 57.0139835096569
6.89 31.9401810503984
6.9 23.7973054395859
6.91 38.3385523230942
6.92 23.4948357519824
6.93 32.9061149146911
6.94 54.7954277642557
6.95 21.6803262440722
6.96 42.6041832424627
6.97 34.083478899312
6.98 47.0851402399095
6.99 42.7391120709343
7 38.2544743800322
7.01 34.5240453471161
7.02 61.2781838121324
7.03 36.2711812771791
7.04 58.4172194611905
7.05 38.2714544961851
7.06 43.5099003538439
7.07 40.8814480542505
7.08 39.091537776848
7.09 38.9167138864286
7.1 28.5487886853931
7.11 38.6094874112793
7.12 45.5123513230246
7.13 23.5787286707013
7.14 34.8550290531809
7.15 46.4753240092048
7.16 37.4283317262772
7.17 63.6413969847897
7.18 61.5492765360949
7.19 46.8912631567816
7.2 36.006283820622
7.21 49.4664415487034
7.22 43.9593735519007
7.23 34.59096460235
7.24 45.080626615124
7.25 19.3586134017567
7.26 49.8207488536941
7.27 43.134529528054
7.28 33.8476940911922
7.29 20.9032050280671
7.3 29.0238377245954
7.31 39.2228263886518
7.32 42.8600117729221
7.33 37.7638118335618
7.34 49.9509736718853
7.35 53.7895106093872
7.36 38.2532599923622
7.37 57.1252593826454
7.38 32.8310601278867
7.39 52.8082698997259
7.4 26.1591572664075
7.41 47.5396048411873
7.42 27.3360758824887
7.43 45.4686336220175
7.44 50.8335318420389
7.45 38.5045221799938
7.46 34.6804832725125
7.47 50.5403148578589
7.48 47.3238891015433
7.49 37.4547295911911
7.5 41.5329240693675
7.51 55.5392316046556
7.52 34.0251388075459
7.53 45.6123355514972
7.54 50.0419906776711
7.55 40.0875139376316
7.56 43.3220239399474
7.57 33.4588532344809
7.58 43.9369660173449
7.59 40.6360054189444
7.6 39.5493003757471
7.61 35.5733683049307
7.62 34.678272865004
7.63 45.8532294753612
7.64 43.3279108889213
7.65 60.3307106243721
7.66 35.295579514122
7.67 45.2006102656744
7.68 43.0953418402096
7.69 36.1713042630455
7.7 59.4839369515745
7.71 58.9959053806035
7.72 48.9942649723575
7.73 50.275983201268
7.74 34.0264314396662
7.75 52.6620969658212
7.76 55.6827801669093
7.77 47.7051146315531
7.78 42.7546073293867
7.79 35.9547381852495
7.8 47.1363791324985
7.81 33.1644333763161
7.82 50.6134768902863
7.83 42.6172043293944
7.84 48.9688854433098
7.85 47.1625641891011
7.86 43.4241940068846
7.87 52.7410614037058
7.88 40.2077287164744
7.89 32.380254616302
7.9 50.6102930241771
7.91 39.3092899623963
7.92 59.3899388120966
7.93 55.6882864853791
7.94 49.9408234682182
7.95 46.617969237951
7.96 36.3915330291179
7.97 46.5935977554862
7.98 34.3291209936868
7.99 42.9839454074938
8 35.4490950644599
8.01 20.5528145231211
8.02 62.1151173230258
8.03 67.4020587412654
8.04 55.3559430414937
8.05 56.3142696397367
8.06 29.8525004253034
8.07 52.6541321339805
8.08 38.4186492481046
8.09 39.0427845459562
8.1 42.6749770897728
8.11 42.9609669796465
8.12 58.0807517886778
8.13 43.757561977519
8.14 51.7064976840763
8.15 44.014131195866
8.16 45.0516551821808
8.17 58.9952206460397
8.18 54.1126769708231
8.19 35.0669099078397
8.2 29.4810517032018
8.21 42.5105650305626
8.22 36.9183993201014
8.23 40.2974009016254
8.24 65.6012784134782
8.25 33.4494449139332
8.26 50.49300299267
8.27 48.4882629922041
8.28 47.7301768729173
8.29 45.5951795362769
8.3 37.5193024844382
8.31 35.6822675439976
8.32 37.3365805873375
8.33 40.5948371359852
8.34 47.4184420351712
8.35 39.6829525110496
8.36 74.8706401249751
8.37 49.9773172219483
8.38 44.1147214581799
8.39 36.2324276831331
8.4 41.7815444309487
8.41 54.3395446276717
8.42 73.37300045739
8.43 31.9499353984386
8.44 53.0630865361447
8.45 61.1916488941972
8.46 63.4011379744499
8.47 47.1283841348631
8.48 44.1049873811172
8.49 54.2488082001538
8.5 61.0090633801172
8.51 53.7416012163486
8.52 23.9821834232418
8.53 24.008026278629
8.54 44.1831973646943
8.55 38.700262767048
8.56 39.3947385702394
8.57 38.5400878546067
8.58 46.910325848476
8.59 51.367823066255
8.6 40.7697732084293
8.61 46.3410409413837
8.62 41.702449010954
8.63 48.9768555133246
8.64 52.2566902688428
8.65 45.7370690308469
8.66 48.0554580156073
8.67 59.1689275040117
8.68 56.3615881904736
8.69 48.664447425031
8.7 61.1629415646042
8.71 46.0285401997416
8.72 64.351812360387
8.73 48.4114408289153
8.74 54.238642933971
8.75 41.9897058879274
8.76 40.1161559166426
8.77 45.2345029560312
8.78 51.2497757940468
8.79 37.9906325724761
8.8 50.5785815071971
8.81 53.1312806409899
8.82 47.1955574939717
8.83 80.7736770106657
8.84 55.0570834561785
8.85 45.4593506735915
8.86 41.9927864569352
8.87 49.7572535128626
8.88 56.3139086929309
8.89 51.669739854775
8.9 57.6213536035441
8.91 32.9447867986642
8.92 59.6687764627217
8.93 41.7432136946972
8.94 58.9075979376356
8.95 41.8350764897957
8.96 52.8378750385959
8.97 58.1850887173656
8.98 33.218343697162
8.99 43.5658555011127
9 55.5735335735818
9.01 54.6919044533733
9.02 56.611156028678
9.03 32.9076728461422
9.04 47.7034911410355
9.05 48.8517285557429
9.06 56.0891763486195
9.07 55.132170654882
9.08 36.7682011979129
9.09 48.5388821164836
9.1 50.1144791614378
9.11 46.4566422410356
9.12 43.9359736530463
9.13 58.1825385318072
9.14 48.5502879963237
9.15 46.8578283296104
9.16 58.1786143898557
9.17 55.9099727551257
9.18 51.6454534585604
9.19 49.0492611330804
9.2 46.7781993332889
9.21 31.6202124618869
9.22 82.6189599441798
9.23 38.1957450642425
9.24 50.1832660419947
9.25 48.7282540945753
9.26 56.3488734416797
9.27 30.7522571014652
9.28 53.756618890733
9.29 42.8761555144476
9.3 55.3146105263336
9.31 47.4775932771696
9.32 42.8734427801238
9.33 56.4717386721065
9.34 48.250659011104
9.35 55.4500323858787
9.36 34.3290624883215
9.37 49.3422525061622
9.38 64.3739928148298
9.39 57.6842022360321
9.4 54.9385484853367
9.41 61.2530003813777
9.42 31.7395848300755
9.43 38.3821296108353
9.44 58.5034227161403
9.45 46.8994175582708
9.46 40.0774902046358
9.47 42.0219462080253
9.48 53.9001495647759
9.49 48.5305239260456
9.5 58.1775982138067
9.51 68.434716221165
9.52 59.2490833174553
9.53 73.6765175261334
9.54 54.2964341391577
9.55 51.8678617047108
9.56 41.6102207148117
9.57 43.4030361130625
9.58 63.0808206549737
9.59 61.1033720268577
9.6 50.7698538186307
9.61 42.5339275834931
9.62 53.1701540821764
9.63 42.3153615205936
9.64 56.7574519492761
9.65 71.9919601554058
9.66 53.82598844079
9.67 67.4079127293306
9.68 63.7496324331633
9.69 40.8548676253444
9.7 43.2726946631289
9.71 47.8739795209187
9.72 63.846757512101
9.73 57.4133494679202
9.74 67.2982612075066
9.75 49.2388060032044
9.76 55.7482696259976
9.77 63.4264234559305
9.78 65.8115700235586
9.79 54.4652082972273
9.8 67.1396591453601
9.81 42.1929306680599
9.82 52.1483577161331
9.83 57.0937420214731
9.84 58.679630713369
9.85 48.0254782648226
9.86 66.8159294087846
9.87 60.309456924988
9.88 55.8028757141691
9.89 67.5850107655031
9.9 51.7791556999922
9.91 52.6994060786523
9.92 52.5207415356869
9.93 43.0298550795896
9.94 39.0090707820091
9.95 63.2050681211008
9.96 66.8283109029292
9.97 69.9099128249302
9.98 64.1394947147423
9.99 47.0061749629722
10 57.165996376033
