0.01 17.5844506146301
0.02 20.7326733407149
0.03 10.5380939297001
0.04 -4.58759896598543
0.05 7.28921317031679
0.06 11.1252688711278
0.07 30.8991086491138
0.08 15.9299633264733
0.09 15.4595645081031
0.1 0.465154797812518
0.11 4.69739287553152
0.12 17.6444724266847
0.13 9.87922449413519
0.14 27.0467868872006
0.15 2.13608105511812
0.16 3.85462869741441
0.17 -5.14441945271761
0.18 19.5857124764979
0.19 20.4764815993479
0.2 17.1330379028766
0.21 17.9335920739667
0.22 25.4237033583257
0.23 15.24265697391
0.24 4.00713282434321
0.25 4.26405654596889
0.26 14.1322358515763
0.27 7.03471518569813
0.28 8.58020224884559
0.29 2.18039254240555
0.3 -7.0285800982479
0.31 -4.71927146685782
0.32 35.134525318503
0.33 4.44508665445956
0.34 -3.87446123482045
0.35 -2.44105709189128
0.36 10.4158540261496
0.37 -2.10641525579476
0.38 -15.2784169950986
0.39 21.6453858231781
0.4 7.99977350218612
0.41 -8.15289291138339
0.42 8.99175796149335
0.43 7.98471849996864
0.44 14.1698249387293
0.45 25.8126214127591
0.46 -0.665792528512863
0.47 0.321691864031827
0.48 6.6771148415411
0.49 -3.20007282380617
0.5 4.9550955647418
0.51 16.615201181028
0.52 -0.0144369734029786
0.53 8.23592208752881
0.54 5.35784737428561
0.55 5.66822334829208
0.56 -0.982871102855002
0.57 4.05071967195344
0.58 4.02308224718006
0.59 9.7459427135188
0.6 10.541464697365
0.61 -19.8959965512928
0.62 -5.77921600613163
0.63 17.4838600141308
0.64 14.707516298637
0.65 4.14724178163077
0.66 22.6176656227246
0.67 10.405365455818
0.68 20.9220931415525
0.69 8.7708566398327
0.7 15.7394888573465
0.71 6.37443675088249
0.72 16.167083460086
0.73 -1.4151329436541
0.74 -14.4238995276359
0.75 16.4840989337603
0.76 7.03743598849811
0.77 4.15845464633875
0.78 17.3634297598304
0.79 4.46758192707559
0.8 4.92288919724761
0.81 17.6635353780469
0.82 -8.66102910028976
0.83 27.8306274327376
0.84 3.41506198045461
0.85 30.7216502913594
0.86 -2.29903709404808
0.87 31.5176475726819
0.88 11.3244247569828
0.89 -5.70377129864367
0.9 0.173554718726946
0.91 14.2576000093132
0.92 7.50254417884316
0.93 6.76588055013659
0.94 1.795564806259
0.95 9.78642415360142
0.96 26.0440313786382
0.97 6.46406709479464
0.98 10.6908208736287
0.99 7.17374925333959
1 17.1576892154925
1.01 1.36140633474825
1.02 19.6701616868366
1.03 40.1049757411787
1.04 -5.27563514834527
1.05 4.8315838587879
1.06 -9.89360408298781
1.07 13.9870971116097
1.08 17.6838125433594
1.09 18.7771244551051
1.1 9.82046328551566
1.11 9.34355701637556
1.12 16.9315663382089
1.13 19.3301151990423
1.14 3.06540702049716
1.15 -5.6960526349173
1.16 15.695506937784
1.17 20.5426030005533
1.18 15.474383500694
1.19 20.6259066545294
1.2 8.37706190130972
1.21 7.4379813088688
1.22 -6.33342669964718
1.23 22.6131914295308
1.24 -1.76148408637826
1.25 16.0844832009188
1.26 21.3420747319813
1.27 21.2260290278953
1.28 21.4278217776956
1.29 -13.1692223901825
1.3 2.56954508322218
1.31 -12.9383928888173
1.32 -5.05835164931648
1.33 -0.870542994806096
1.34 -1.58412663837453
1.35 16.0047138985419
1.36 14.4007890540963
1.37 19.8197673720567
1.38 23.2915502535961
1.39 22.4527184727399
1.4 6.11171812639928
1.41 7.10302468303626
1.42 2.37399373028557
1.43 15.9458896576963
1.44 22.089606335629
1.45 3.31519192543983
1.46 13.2586104356542
1.47 -4.79089978306233
1.48 22.7270854985205
1.49 9.42233499370828
1.5 12.301665281243
1.51 2.66963459352673
1.52 7.569194974622
1.53 23.8342430125516
1.54 45.9948209295761
1.55 18.0784869663767
1.56 15.0273088779666
1.57 6.47792324920942
1.58 -2.65752746863404
1.59 5.85029175247394
1.6 30.5667228016617
1.61 -0.941529389740795
1.62 9.82215526086492
1.63 13.8473569768735
1.64 13.972527533483
1.65 9.75048230585404
1.66 10.697124412546
1.67 7.29873758644274
1.68 -8.90072090156787
1.69 24.3527067488571
1.7 9.34116203775721
1.71 2.13368385343708
1.72 23.2589451856066
1.73 18.0562172519722
1.74 30.26038808028
1.75 16.3757904848043
1.76 8.41402638524861
1.77 -1.72527263171532
1.78 37.6437871587015
1.79 11.6883737446754
1.8 26.333698629213
1.81 22.5341589488058
1.82 35.4667472630357
1.83 33.9010467383139
1.84 6.71504042473284
1.85 2.00338090870669
1.86 7.40415794205433
1.87 14.9811552851098
1.88 9.07063294278977
1.89 12.3532087900606
1.9 15.773735137929
1.91 1.71245854291754
1.92 10.0266530058977
1.93 13.3522803068866
1.94 12.5860770270383
1.95 24.2155224609757
1.96 18.902379924638
1.97 21.0439174378784
1.98 17.5635819733696
1.99 11.6285442087698
2 19.1669617080181
2.01 -5.91121354951452
2.02 31.1416504488369
2.03 25.798900250441
2.04 8.07817317865108
2.05 36.8361338313657
2.06 27.0770859475064
2.07 12.0475523135358
2.08 18.7533940764432
2.09 -2.90181825548558
2.1 18.3101206648121
2.11 28.4936540510825
2.12 18.3041001186823
2.13 22.62397559193
2.14 16.3813197676576
2.15 1.6964024718358
2.16 44.8761362775485
2.17 2.24414057364092
2.18 1.93477292049483
2.19 38.4643384896939
2.2 11.1242001286921
2.21 -3.71249634298757
2.22 18.3435822152696
2.23 29.699191735448
2.24 2.600257775232
2.25 30.9169978303189
2.26 13.0226772219028
2.27 3.77329837814872
2.28 36.8547320492295
2.29 18.7343116511202
2.3 20.902805321506
2.31 28.4943708968349
2.32 27.3961357302777
2.33 11.4495950571366
2.34 31.3161343460556
2.35 22.1524217054566
2.36 16.5890494397169
2.37 28.7658422645619
2.38 25.2830527388814
2.39 30.5962853078757
2.4 13.7852903562489
2.41 31.7652472649435
2.42 -3.12198921194711
2.43 14.2238602680873
2.44 5.54456304003698
2.45 14.9570247391099
2.46 3.12533954190174
2.47 21.6888816561816
2.48 25.6392845538395
2.49 22.1368921708219
2.5 23.3236229613447
2.51 15.0628388778568
2.52 14.5177107965219
2.53 6.80557673081138
2.54 0.37544466467503
2.55 13.140133268898
2.56 7.47031873098305
2.57 6.3529023997351
2.58 13.6333408582503
2.59 16.8860191574817
2.6 39.1713613036378
2.61 18.3464145706776
2.62 12.9403513808099
2.63 23.5976131606501
2.64 27.7223550567367
2.65 4.62784694413715
2.66 22.5468229835541
2.67 23.571601861153
2.68 9.0846371681094
2.69 11.718610265638
2.7 37.7300070302706
2.71 22.4283921137811
2.72 19.7925846700446
2.73 19.7600431408452
2.74 34.9006273710842
2.75 23.2421974187448
2.76 11.9473618668015
2.77 18.931180176984
2.78 -2.8321283404492
2.79 2.18501712182013
2.8 18.4731778088454
2.81 24.7771035667527
2.82 25.0284291682243
2.83 14.6029700172022
2.84 5.60579561447584
2.85 25.2645355360063
2.86 18.5620258361439
2.87 -0.623614092766982
2.88 9.4118273964957
2.89 3.5045224762874
2.9 13.4223466487496
2.91 32.2389810415904
2.92 17.1423269363486
2.93 29.8636133133467
2.94 24.0396691499713
2.95 24.4548693071954
2.96 19.1603802685487
2.97 23.331410515693
2.98 10.0214275149336
2.99 22.4581547162303
3 16.8591784843502
3.01 40.3595514942553
3.02 18.9377731730581
3.03 24.7366795230232
3.04 19.9851100525106
3.05 8.02865524243812
3.06 18.1333826799796
3.07 23.5136267413027
3.08 12.7611298314582
3.09 28.373633302506
3.1 39.3498824114358
3.11 32.7218185019687
3.12 24.4915654259868
3.13 27.4337309255
3.14 4.31487709689176
3.15 24.5590767733437
3.16 30.7045481323137
3.17 23.2521699458356
3.18 18.4492902522101
3.19 16.2578388380108
3.2 20.8245783697531
3.21 13.9615770232191
3.22 16.6691313658852
3.23 -0.124744364650521
3.24 20.9562359606125
3.25 44.1846165440623
3.26 2.21764259783628
3.27 40.6624788962838
3.28 10.3339192678123
3.29 14.1259625610419
3.3 23.9647836030685
3.31 34.2586541374942
3.32 28.041011568527
3.33 21.2263063683646
3.34 10.3312959421663
3.35 25.6157102381247
3.36 12.9687349090009
3.37 21.7835151942657
3.38 5.90278405803702
3.39 24.0831445093881
3.4 29.1994950264297
3.41 21.5701674673161
3.42 23.183031980449
3.43 22.6544382073293
3.44 13.5158644634897
3.45 29.9499257926935
3.46 10.6979326508594
3.47 -1.54505456568157
3.48 5.17193055469857
3.49 11.8011905100722
3.5 24.4127556775665
3.51 35.1123023807091
3.52 47.5011239048083
3.53 30.7385583913864
3.54 34.4482223615247
3.55 19.2018933154635
3.56 34.2479434051219
3.57 -2.35017920687104
3.58 19.4676889853161
3.59 18.8430145685008
3.6 12.322883218037
3.61 9.32012450662686
3.62 37.0132634503298
3.63 18.3006875452999
3.64 42.6040383806539
3.65 23.6021520798048
3.66 33.9360450879357
3.67 25.9753328761433
3.68 42.6002354359991
3.69 8.92208502807604
3.7 17.0419484259025
3.71 12.8323424005485
3.72 20.8587234936818
3.73 1.23789785523901
3.74 15.3042733659441
3.75 21.0655414726348
3.76 22.1418272587485
3.77 26.6997765912715
3.78 25.1713982464761
3.79 16.9025553127055
3.8 23.4331251579171
3.81 31.2178265274051
3.82 19.8865547158268
3.83 8.37523919911968
3.84 19.2257881027626
3.85 22.7239436723449
3.86 33.0418816566332
3.87 15.4296946319811
3.88 12.6003442758492
3.89 25.5727829781446
3.9 16.6328449278479
3.91 8.79001247281222
3.92 21.0147769781197
3.93 20.8241901609625
3.94 25.9794027277228
3.95 27.6554331984127
3.96 24.1407505306405
3.97 11.1398512525659
3.98 6.36689550238112
3.99 22.5823628007175
4 22.0149102010725
4.01 34.7203385895882
4.02 25.7259178978516
4.03 31.0868802175016
4.04 37.7564529938818
4.05 14.17493444453
4.06 14.9762368379208
4.07 42.7817856404565
4.08 0.643784421419415
4.09 42.2075040363841
4.1 37.783284493535
4.11 30.6392800383004
4.12 20.7457596780829
4.13 15.3250115802145
4.14 53.0940985057148
4.15 21.4057342972325
4.16 27.9739970876243
4.17 28.0124071266261
4.18 20.5699186125121
4.19 30.1055835929625
4.2 33.5400479180076
4.21 33.8609193617573
4.22 37.8770735684258
4.23 10.1914782583845
4.24 28.8799561757312
4.25 25.4126875312754
4.26 22.006869038495
4.27 18.3978444467397
4.28 23.3837285099041
4.29 24.7950074106926
4.3 26.5148969976312
4.31 20.7296071731729
4.32 22.957031669807
4.33 29.9913621054171
4.34 27.1929573384771
4.35 32.0144864850638
4.36 44.8780689448934
4.37 26.8645534651625
4.38 36.437219277137
4.39 32.7411732341932
4.4 30.8830651632305
4.41 11.6781818550601
4.42 40.2411892117253
4.43 19.7865936746912
4.44 28.1926224121926
4.45 25.4782074258204
4.46 18.3106006732062
4.47 34.0835202750434
4.48 34.9320954585429
4.49 36.906218295918
4.5 18.808016067121
4.51 23.6150161463045
4.52 28.5732809320329
4.53 25.6058302494492
4.54 24.9380822245335
4.55 21.2699285960945
4.56 31.4561286497744
4.57 34.4949934326072
4.58 22.8719122288515
4.59 18.9226456456402
4.6 33.5739300203502
4.61 40.4090705930373
4.62 32.512948184956
4.63 28.1763468969974
4.64 28.4047321209172
4.65 30.7746573749295
4.66 13.5983409730191
4.67 32.4228086515024
4.68 24.9797430623832
4.69 26.140872644084
4.7 22.6954438393572
4.71 30.5618901339171
4.72 29.3262837555544
4.73 5.50664821454518
4.74 26.2662155707433
4.75 19.8550267538663
4.76 54.9357451045345
4.77 52.3366167423784
4.78 35.2511382860508
4.79 25.188058388748
4.8 48.6982619489025
4.81 59.0969822101881
4.82 20.9532556879111
4.83 25.0922090163284
4.84 33.5005959817294
4.85 32.0364746420888
4.86 23.1164497070703
4.87 27.0575073045707
4.88 42.1021074844003
4.89 31.8736080616152
4.9 31.1134115444515
4.91 48.9412669748814
4.92 28.1711793362345
4.93 28.3182547463569
4.94 30.9312310326141
4.95 29.3643088458529
4.96 31.8608426738078
4.97 14.6904958038937
4.98 11.267956296627
4.99 39.9749583450234
5 22.0121574516367
5.01 15.685252309553
5.02 34.5325179363447
5.03 22.6457834298043
5.04 28.1194995125443
5.05 31.5520722388885
5.06 24.9047722963716
5.07 23.3115935265162
5.08 32.5891977891278
5.09 47.4061359329792
5.1 20.897102298768
5.11 34.5389596658091
5.12 13.5257339154114
5.13 24.4836224981822
5.14 44.7976118840572
5.15 25.7867851361466
5.16 10.5298981065731
5.17 41.1487540770169
5.18 34.6245676170697
5.19 23.6430482050077
5.2 21.076010658651
5.21 41.0607747509616
5.22 53.0040579932244
5.23 29.473185066325
5.24 25.0795162952978
5.25 31.2035308161804
5.26 18.6294880170629
5.27 30.7677863088632
5.28 39.3583801508816
5.29 16.798117994216
5.3 24.551895719424
5.31 34.8235235843455
5.32 35.981467573471
5.33 35.0294236411483
5.34 48.9234423605021
5.35 28.5371053716808
5.36 46.8374004785842
5.37 37.5270887144235
5.38 50.9737790455594
5.39 32.2615379048109
5.4 35.6144722265143
5.41 49.9551132972521
5.42 25.7461303163
5.43 24.4791182654161
5.44 43.0492872121251
5.45 45.9062740675061
5.46 40.9363927814176
5.47 26.6792662474283
5.48 42.8329069550625
5.49 44.3557851498825
5.5 19.3165609797766
5.51 38.5205305189132
5.52 51.5751433326689
5.53 26.8475556816584
5.54 24.6317154481197
5.55 42.0815756252036
5.56 36.0147616402891
5.57 54.0490729300877
5.58 32.0268456598532
5.59 24.4759228349372
5.6 35.2642266182277
5.61 27.7346926079997
5.62 35.4562384837992
5.63 25.4401409281628
5.64 35.9204636522054
5.65 4.36641767054963
5.66 23.8179417509379
5.67 36.4931869748487
5.68 12.4197188564896
5.69 22.5791421544173
5.7 38.5313853830658
5.71 35.3182134042538
5.72 12.3114201671709
5.73 34.3416937656446
5.74 34.5047064107163
5.75 53.3709681987779
5.76 40.180757312537
5.77 51.7062872677941
5.78 35.3123298018324
5.79 34.3463384571607
5.8 40.084571513285
5.81 28.4194417691829
5.82 43.218040622366
5.83 38.9156250719726
5.84 36.2872462115738
5.85 30.8224193150368
5.86 53.0251148868456
5.87 42.4522652026645
5.88 22.7445121252531
5.89 43.676218833197
5.9 36.2005808132627
5.91 20.6388115645659
5.92 29.7163222560532
5.93 19.0847283732251
5.94 41.9893535316772
5.95 23.9194679500785
5.96 38.2002374859833
5.97 43.2954033804756
5.98 46.9426102091467
5.99 43.4624818189728
6 40.2421915790933
6.01 37.9714466182275
6.02 22.313824195788
6.03 30.9414662033177
6.04 33.391510058811
6.05 42.812656293806
6.06 42.8924820190467
6.07 38.9597749253101
6.08 23.0948972815512
6.09 55.1176917103457
6.1 47.144889752425
6.11 18.5460686130558
6.12 43.3957201653811
6.13 24.0272689060156
6.14 55.2319110432693
6.15 34.3237053197305
6.16 30.8156706465099
6.17 43.4588139007102
6.18 19.5287324353393
6.19 37.1317172971206
6.2 56.7206902253974
6.21 36.0948608006017
6.22 33.8036412445398
6.23 30.0121783060686
6.24 25.7428696311423
6.25 39.3217135732871
6.26 34.5989119389238
6.27 44.8993139986186
6.28 20.1890853007766
6.29 42.3162207673052
6.3 21.7536497863543
6.31 32.7892444212949
6.32 37.3607020281328
6.33 28.7430878992163
6.34 42.7733693186922
6.35 37.1025681621073
6.36 29.9133154130817
6.37 15.9623079876598
6.38 45.2283746821838
6.39 36.8525420804698
6.4 53.2750369054889
6.41 48.5954660572131
6.42 28.9764958170291
6.43 44.7844437414564
6.44 43.9265535522204
6.45 40.3159712984914
6.46 40.1709956232603
6.47 28.7535586135184
6.48 26.7926659890362
6.49 32.8366576268793
6.5 46.7362707924123
6.51 36.5575417389434
6.52 32.5596835015217
6.53 34.4628235782772
6.54 21.085062915657
6.55 32.6971992977167
6.56 21.8345164893716
6.57 25.2072008401914
6.58 43.0021092218323
6.59 34.684595839769
6.6 38.748529105543
6.61 53.6355556907513
6.62 33.6067294005568
6.63 37.7091226509509
6.64 38.7471065086166
6.65 17.7032764938374
6.66 61.392085059446
6.67 32.4881403176147
6.68 53.498304093551
6.69 25.7400013440856
6.7 50.1330403256783
6.71 34.8332089825881
6.72 30.2789973431016
6.73 46.4598953219623
6.74 50.9770613191124
6.75 43.1794593632607
6.76 33.5896281393764
6.77 31.6681253141131
6.78 28.6979176164696
6.79 41.7676997612431
6.8 35.8411245595454
6.81 38.2128858944244
6.82 45.6415937761208
6.83 13.5961531353945
6.84 52.6613130289697
6.85 48.8163367553766
6.86 33.6544280929592
6.87 38.8223077139622
6.88 44.8118707352422
6.89 27.4185168835463
6.9 18.4236070981443
6.91 37.3154239101555
6.92 37.2730368303031
6.93 39.1955425428067
6.94 21.4160036898265
6.95 48.2915240410098
6.96 54.2574711810194
6.97 48.6542480152246
6.98 50.7734553313854
6.99 33.5655432955104
7 56.2972293267044
7.01 52.1897892621739
7.02 38.9652923000156
7.03 44.5873394643549
7.04 22.7862259546284
7.05 49.4962065934643
7.06 32.3890711700132
7.07 48.4353907595295
7.08 52.8188730002715
7.09 22.5346459350161
7.1 30.7937829850655
7.11 50.2514182047093
7.12 53.0894192108463
7.13 34.0368039650584
7.14 34.4285837790773
7.15 34.5013848640001
7.16 40.1437465906077
7.17 26.7309284480024
7.18 27.5974666731492
7.19 67.619433821376
7.2 32.3606568852815
7.21 8.32620100965746
7.22 37.3268354413861
7.23 46.7882792306779
7.24 37.1899136090903
7.25 55.2535754770296
7.26 67.8751067827446
7.27 31.405244244474
7.28 30.1899840509881
7.29 44.0193760184708
7.3 24.1800752044427
7.31 43.7097510741444
7.32 49.2335354423756
7.33 49.8953380044463
7.34 51.9661186204907
7.35 28.0957453605475
7.36 40.0118825938465
7.37 42.2283213397719
7.38 55.7172173399429
7.39 40.0899508682376
7.4 31.6811812532492
7.41 68.4703216855141
7.42 46.3534859507927
7.43 43.2036036688328
7.44 45.0437777202589
7.45 28.2163951705511
7.46 31.3461339328877
7.47 55.4844875839447
7.48 27.1812732146786
7.49 34.1672829689741
7.5 29.4584060148283
7.51 57.0002060064873
7.52 60.6801856998969
7.53 46.9412566416533
7.54 50.3021517652549
7.55 54.8731451470158
7.56 66.1641707736545
7.57 35.1673426879544
7.58 31.1128219635484
7.59 22.2089647890926
7.6 46.0063011056151
7.61 57.1704696651258
7.62 49.4702466954598
7.63 58.1624673008057
7.64 27.6748987446492
7.65 49.0693946220415
7.66 43.1716967564933
7.67 54.5200686681176
7.68 51.5902735968034
7.69 53.6933424935817
7.7 33.6264243710229
7.71 38.7434028150268
7.72 62.1570791549655
7.73 30.6085236705859
7.74 52.7226713024001
7.75 32.8631826973313
7.76 41.1131069398078
7.77 65.0684855105331
7.78 45.6354346333305
7.79 23.8523987956705
7.8 59.860464217025
7.81 47.0284400555787
7.82 53.6566862576382
7.83 48.2191594512682
7.84 37.9797758052507
7.85 40.3670230047278
7.86 46.1573039778242
7.87 42.042426552671
7.88 26.3776440666703
7.89 51.1050451489845
7.9 36.4229887037626
7.91 51.0430672203273
7.92 62.7256373483528
7.93 47.765792565565
7.94 46.494563396696
7.95 56.7194887300666
7.96 36.6680029749128
7.97 28.8230601913222
7.98 66.6518869078514
7.99 54.3355011821771
8 58.275059895767
8.01 38.1892674261733
8.02 70.9295699676468
8.03 49.8276688448602
8.04 48.0486657930936
8.05 48.7479639124271
8.06 64.5356236450939
8.07 41.6434721043528
8.08 62.5756296164909
8.09 42.7847127466927
8.1 32.0057481495537
8.11 49.5620514152788
8.12 40.286554156267
8.13 54.1043750284532
8.14 62.5925352321608
8.15 42.9266340598284
8.16 34.1530406397876
8.17 52.0170459023224
8.18 53.204864141151
8.19 39.4584762467737
8.2 58.5217348703875
8.21 67.3547500840954
8.22 12.724527239265
8.23 29.6141568548819
8.24 66.3841497432269
8.25 49.7216047624011
8.26 33.6939696017871
8.27 41.8489203062729
8.28 60.0279592857501
8.29 62.864223471341
8.3 75.3473097311454
8.31 61.2575143809036
8.32 44.671249658868
8.33 54.5010845744142
8.34 56.9851327257359
8.35 55.5263549234428
8.36 55.2555797933158
8.37 44.9869987394901
8.38 61.0347426964034
8.39 46.0805495694508
8.4 44.612369476223
8.41 40.779527674301
8.42 19.8030363494851
8.43 70.9658775120135
8.44 40.4033491527254
8.45 37.8152687820078
8.46 77.8401895673751
8.47 41.0224620876908
8.48 40.9097544858796
8.49 58.7060758015513
8.5 29.0772760980433
8.51 40.6723271602234
8.52 45.6113432650113
8.53 40.3976406113711
8.54 52.723718392913
8.55 65.2122925190049
8.56 58.5994881250433
8.57 49.9033334786067
8.58 59.1024417472658
8.59 40.5759123451608
8.6 37.8116613265497
8.61 58.5692997752111
8.62 63.5790444845029
8.63 54.269604560143
8.64 51.1326047533401
8.65 64.3754686436334
8.66 54.0822878958309
8.67 40.9622879409174
8.68 56.8357393501525
8.69 52.9067200839613
8.7 37.1312587640351
8.71 48.2149378022203
8.72 38.9748797929661
8.73 26.4652541019471
8.74 56.9534238510794
8.75 74.861237994957
8.76 39.9659919041317
8.77 45.1802933417273
8.78 40.7433677094689
8.79 51.324234400921
8.8 58.3177927755476
8.81 39.7103077044549
8.82 47.983572112276
8.83 51.2448644863528
8.84 26.7001240390918
8.85 52.1333907581652
8.86 50.6017776635229
8.87 47.1257766543784
8.88 40.9006577904734
8.89 45.6627667960513
8.9 48.4488421810816
8.91 65.1828560988322
8.92 57.7010637889326
8.93 69.5892216948664
8.94 45.8301011704801
8.95 52.0285371315366
8.96 48.5159007676186
8.97 55.1639530110206
8.98 57.1918579804741
8.99 63.7085995991545
9 40.6965378707942
9.01 44.5625483490006
9.02 42.8216882269142
9.03 53.3068759997836
9.04 43.3363325235999
9.05 57.8665581174398
9.06 45.330406194803
9.07 45.4810754254703
9.08 48.0170342718526
9.09 39.3660381820604
9.1 30.7832778027854
9.11 59.2416699075319
9.12 62.2984258095384
9.13 50.18437669335
9.14 40.5757347496141
9.15 55.7192631970951
9.16 45.6642316148873
9.17 70.2760209333649
9.18 72.8790404879043
9.19 61.0914612782084
9.2 41.574847716423
9.21 38.1864946497079
9.22 62.8492512697822
9.23 62.234076767403
9.24 43.9477921179977
9.25 52.5793566329505
9.26 63.6282976700759
9.27 61.5353108673777
9.28 37.5254704447534
9.29 34.2096668389491
9.3 34.0267605720572
9.31 52.444318836675
9.32 42.7002863493386
9.33 52.7173708969314
9.34 58.4650821138945
9.35 55.7399312349787
9.36 68.6169000043474
9.37 42.2525045291174
9.38 47.6500160514473
9.39 65.0342556716019
9.4 61.7542223017355
9.41 34.0764895826883
9.42 48.877509050393
9.43 59.9527194309254
9.44 46.5566653334611
9.45 51.7950548504439
9.46 36.130133698622
9.47 54.7669687640024
9.48 56.2752253444567
9.49 40.8077604926127
9.5 62.49079252782
9.51 64.3267281047466
9.52 48.1960937814269
9.53 59.0100822659535
9.54 55.0194918663445
9.55 35.4799700444951
9.56 48.1233776650349
9.57 33.836049032927
9.58 40.3937841013433
9.59 52.0847277108734
9.6 61.3984265285305
9.61 52.3152700249624
9.62 42.7275466971754
9.63 77.7387799410518
9.64 60.1543716649741
9.65 33.4938319371373
9.66 69.7364537708723
9.67 40.1364948546776
9.68 49.7242404460171
9.69 62.5765751650698
9.7 62.4616841809029
9.71 44.5428305929779
9.72 50.4814934208223
9.73 57.4587227578255
9.74 49.1147367711147
9.75 60.1496152467773
9.76 60.8377260193434
9.77 52.6925681929402
9.78 47.5083509743284
9.79 65.7495009590043
9.8 62.1068315215735
9.81 34.1349343180216
9.82 56.1022010643796
9.83 36.6192662062444
9.84 45.4425658604632
9.85 53.6018923352951
9.86 43.4566197740174
9.87 70.2179256353822
9.88 51.8940143904192
9.89 68.0627926414513
9.9 58.8449895682236
9.91 63.5469033440778
9.92 39.6352416425258
9.93 47.3401075133159
9.94 38.4730869755959
9.95 41.8597117601237
9.96 68.6755788300396
9.97 57.3842382604094
9.98 69.0511639531232
9.99 77.8419620297813
10 51.4507549973976
