0.01 -18.2610680025083
0.02 3.73203497636108
0.03 3.76197874850903
0.04 15.533813840038
0.05 20.7349245744337
0.06 -6.52228186985515
0.07 13.5438560828946
0.08 13.1835028154512
0.09 12.4253901238238
0.1 -2.44381640872351
0.11 -12.814238299424
0.12 9.0731159757841
0.13 8.0985538563273
0.14 -5.2784999314303
0.15 10.2934759386252
0.16 2.82833962060434
0.17 -0.844212963629472
0.18 21.4050738964489
0.19 7.84783519632773
0.2 6.61906104834128
0.21 0.93684161903421
0.22 1.03187031899686
0.23 15.652349291846
0.24 17.5373020580249
0.25 0.867975407399513
0.26 0.952538596504296
0.27 15.8798748107688
0.28 -3.44055758016301
0.29 4.69438978232869
0.3 -6.42663990163489
0.31 23.0442857777887
0.32 18.3993565970571
0.33 16.2006537337709
0.34 11.9094929081152
0.35 16.0132266992874
0.36 8.41247233351263
0.37 3.44612106108845
0.38 7.35253631592587
0.39 10.0646938340774
0.4 23.138769811502
0.41 -2.13658222791394
0.42 11.0555899324774
0.43 -7.23578062262142
0.44 -12.7203605875054
0.45 4.71406389386831
0.46 11.4422860547116
0.47 17.8069735451482
0.48 5.78926995859397
0.49 -3.98336802199499
0.5 -13.0331577413446
0.51 15.5782340063146
0.52 15.6455564510429
0.53 2.19851358529006
0.54 9.28526640234592
0.55 10.3157607397632
0.56 6.51054717280009
0.57 3.72302751692435
0.58 -3.50211122316179
0.59 -5.17842451828608
0.6 6.79814458410162
0.61 12.394482650914
0.62 4.98046760337918
0.63 -3.76669629244553
0.64 -1.92236458564579
0.65 -3.16792562292666
0.66 19.8965102593455
0.67 28.7576406060169
0.68 7.11987807714081
0.69 -0.4985389300289
0.7 1.45068607498198
0.71 6.70992918461214
0.72 3.80008550697452
0.73 6.70673672272845
0.74 5.83581501636194
0.75 9.82691443284089
0.76 21.9234530981249
0.77 10.3872508348603
0.78 16.3622258937433
0.79 5.51225915655858
0.8 9.42576928903005
0.81 4.74188576612643
0.82 -3.40161844990731
0.83 -8.81082622817394
0.84 11.5312268194719
0.85 1.13423733452017
0.86 4.8583482388564
0.87 20.0934908722741
0.88 -2.99182873633024
0.89 12.6070462337226
0.9 15.1630914477411
0.91 26.108648721048
0.92 5.6896931042363
0.93 20.4931065671248
0.94 8.63091031812755
0.95 15.6717471057565
0.96 -3.13116940193107
0.97 1.75887449035063
0.98 -1.90051148987934
0.99 4.93882283856229
1 8.93244994084947
1.01 24.9187353423991
1.02 5.24930227602113
1.03 2.1167753367715
1.04 15.3352428244408
1.05 30.5038718793679
1.06 19.3656842321292
1.07 6.93594598085738
1.08 23.4689685878422
1.09 7.76242981182311
1.1 10.2351904771162
1.11 -28.0417769828286
1.12 3.74400947831697
1.13 25.0006156346964
1.14 -4.68090441980779
1.15 0.588043057948445
1.16 19.5864178928455
1.17 -3.6809380647288
1.18 2.16340905171683
1.19 16.7332752800449
1.2 7.22849918087047
1.21 -3.65255761340344
1.22 29.9831202160377
1.23 14.8733707426258
1.24 9.39823973684542
1.25 9.5038474928818
1.26 32.2418774506402
1.27 19.02813122662
1.28 5.12035296134057
1.29 21.5379527106548
1.3 0.989788952541837
1.31 15.0662817109836
1.32 1.96765111940245
1.33 7.92460745870984
1.34 23.9431329017348
1.35 8.66196293030923
1.36 28.0310661722344
1.37 3.28655424205696
1.38 26.687111459149
1.39 16.4299287250792
1.4 26.2931537547952
1.41 12.0173022254473
1.42 1.84903880273679
1.43 16.9106450131663
1.44 23.8859693594882
1.45 -0.80748848256315
1.46 0.0322265642473862
1.47 -12.0351450521145
1.48 17.9967000610335
1.49 13.5262584800185
1.5 12.459051516086
1.51 -2.57986087562278
1.52 9.3465028622466
1.53 15.631230585485
1.54 20.7809603410204
1.55 -6.96423484789311
1.56 13.3391870720198
1.57 18.8016780713912
1.58 22.2991621815298
1.59 16.9787003847474
1.6 0.606073006013276
1.61 33.2915198805235
1.62 -6.29996807879977
1.63 11.0801025752956
1.64 15.4714942223251
1.65 -2.75198772685855
1.66 6.80882579134774
1.67 7.49023161589826
1.68 0.311807980957029
1.69 18.0965604296959
1.7 3.77314566649622
1.71 29.0413326719984
1.72 21.006236976152
1.73 38.4538227411093
1.74 19.7319871259198
1.75 17.1616114521577
1.76 16.5161245892306
1.77 9.61749689972928
1.78 9.64593723240896
1.79 6.74075307458034
1.8 13.9262227553438
1.81 23.0832046503182
1.82 13.4426467155627
1.83 -4.00365045790723
1.84 20.578647160148
1.85 28.3325766487244
1.86 5.06816474417546
1.87 15.1245120807729
1.88 6.76270321795006
1.89 6.97145151530279
1.9 16.0504285516044
1.91 8.23269617740824
1.92 4.43222086826941
1.93 22.2540101593198
1.94 28.3114076531846
1.95 29.3006263905948
1.96 14.452789362859
1.97 8.35235189720737
1.98 0.819710951254812
1.99 1.72523977182069
2 31.8830102353471
2.01 15.843653651061
2.02 30.6150797358758
2.03 16.0053282334154
2.04 23.7210242497909
2.05 20.7770175438741
2.06 5.4181763883142
2.07 19.497274018476
2.08 -2.6540135658027
2.09 30.5243651080969
2.1 9.16098152913283
2.11 27.4462953910933
2.12 0.0900983784544245
2.13 22.1128103808009
2.14 9.23147525621388
2.15 14.9002233557522
2.16 16.2024025583769
2.17 31.1975949186779
2.18 10.2417953234753
2.19 -17.7783076120764
2.2 26.5518771508883
2.21 16.2122717590786
2.22 12.486870346104
2.23 5.70789376281683
2.24 21.4103012691446
2.25 16.5933396795491
2.26 7.93999364629131
2.27 17.1584254765015
2.28 15.7415717889874
2.29 10.5050017291223
2.3 10.4643609553861
2.31 8.49989800156046
2.32 16.5874135086756
2.33 14.1599146370691
2.34 17.8478862051178
2.35 32.9806047656302
2.36 6.9895066476807
2.37 -10.5643011430772
2.38 9.49047120034432
2.39 8.08681647133827
2.4 10.8667417616969
2.41 18.3503521649614
2.42 0.541740087105445
2.43 18.6870135134423
2.44 6.22994380591304
2.45 22.3614744085987
2.46 29.775218237507
2.47 31.836445453713
2.48 20.5267280753331
2.49 17.0969356648227
2.5 35.9222018145351
2.51 10.2284606798959
2.52 19.4315543622385
2.53 9.78309929452555
2.54 11.7239055902956
2.55 11.1886512987263
2.56 14.3261981388384
2.57 15.7115212610607
2.58 19.7231836065315
2.59 32.0221246781172
2.6 24.4172710774726
2.61 11.020720870981
2.62 12.5253352223148
2.63 6.37308615529161
2.64 21.2936753196374
2.65 13.736914726964
2.66 13.3521518470662
2.67 34.1783376260615
2.68 -5.7216854630074
2.69 5.54763971727222
2.7 18.5208715718176
2.71 20.46790459229
2.72 27.5143542970548
2.73 21.8535920374825
2.74 6.70823657703531
2.75 22.5043069457037
2.76 13.7802723702602
2.77 11.2073259833369
2.78 37.6631865346473
2.79 19.5598192050058
2.8 24.5454578563973
2.81 19.098317640567
2.82 25.6097366295284
2.83 22.1260937472031
2.84 11.6869962715481
2.85 22.1489699512661
2.86 19.2771003183682
2.87 18.6179789526892
2.88 6.77350509942501
2.89 12.1146772759798
2.9 6.08620851153583
2.91 20.1753489113473
2.92 8.25789735881866
2.93 -3.59557053007349
2.94 20.9123215643538
2.95 3.32245744461273
2.96 9.62604991366281
2.97 26.0246044980777
2.98 32.7874875445346
2.99 39.4333171364309
3 9.36924259659914
3.01 20.1519484775888
3.02 18.6282506540452
3.03 26.2080588138363
3.04 25.7916605057376
3.05 29.3423673987872
3.06 33.8191263292073
3.07 29.3107892669718
3.08 21.8836694976357
3.09 25.8402402153852
3.1 33.9578793774532
3.11 25.7864119679261
3.12 19.3082735339082
3.13 30.6426694267294
3.14 10.1422736866328
3.15 6.26965492918654
3.16 12.44896631895
3.17 25.2529804213581
3.18 8.69328780479525
3.19 24.0182721187744
3.2 26.2802153223337
3.21 20.2547269766707
3.22 6.74285142842254
3.23 33.9377971980081
3.24 13.8417001553498
3.25 22.7223874274412
3.26 20.6888086828046
3.27 21.5267920189851
3.28 14.0232949693748
3.29 24.4107268434994
3.3 15.8703441553726
3.31 19.2219079670823
3.32 16.8812116556051
3.33 19.8561575411572
3.34 20.4563211063185
3.35 19.3589463249791
3.36 27.7180885935219
3.37 21.5911717541488
3.38 28.5286571677664
3.39 29.2283089565864
3.4 28.3893135651015
3.41 33.8468923444062
3.42 20.3958216385044
3.43 11.2914805675992
3.44 7.51729280843992
3.45 20.9720018977209
3.46 27.7534779210705
3.47 38.331588891077
3.48 27.4879566950215
3.49 25.5613158266879
3.5 34.2424694909997
3.51 7.87509532658607
3.52 23.3656166684241
3.53 35.6947936554625
3.54 0.722464537692733
3.55 21.5159198069801
3.56 24.7327965809277
3.57 14.2301646747899
3.58 16.6403234025927
3.59 12.0403410363041
3.6 29.3388360942371
3.61 28.8771288339817
3.62 30.7617278917144
3.63 24.5359644012268
3.64 25.5268831779637
3.65 26.4214045909446
3.66 31.1264407454433
3.67 37.3870525418805
3.68 19.2067847939447
3.69 16.0700862952656
3.7 30.4157368246418
3.71 30.2171767925614
3.72 21.4368182578156
3.73 12.4942176183386
3.74 18.4615900067583
3.75 19.4946550602865
3.76 24.9243634758717
3.77 23.3871532410921
3.78 17.7038670473117
3.79 23.3553215830454
3.8 38.5298075350787
3.81 41.3749222855201
3.82 27.6266931029495
3.83 17.7455668123923
3.84 28.3599058185729
3.85 26.7067014938946
3.86 31.313424667981
3.87 11.5264362469744
3.88 30.7822840059908
3.89 21.736791404828
3.9 32.3141064013538
3.91 27.5955202333294
3.92 23.5030581282872
3.93 28.1886791503555
3.94 23.9144184795813
3.95 18.9091461891413
3.96 20.5961046770832
3.97 29.5864541523724
3.98 19.5040401204336
3.99 24.7657586687482
4 36.3386292963105
4.01 28.0517989725063
4.02 6.78511963764642
4.03 33.0291421535494
4.04 24.5450638815518
4.05 23.8264386403545
4.06 27.2294650399236
4.07 18.6156241586422
4.08 45.9566231582305
4.09 27.2486228439887
4.1 31.1885617314047
4.11 31.7490482263923
4.12 14.1788133217277
4.13 46.7562286884857
4.14 27.9651396715384
4.15 43.9255774564166
4.16 14.8211392924503
4.17 28.6623778454616
4.18 18.5100093511669
4.19 28.9984882978315
4.2 37.6512384961043
4.21 33.3819674832657
4.22 33.1231163193287
4.23 22.5562757174593
4.24 15.5352299842662
4.25 14.173344939341
4.26 29.3764749786558
4.27 33.3130934257145
4.28 24.2333166966954
4.29 21.0172194775116
4.3 23.7623107430696
4.31 10.8830084128885
4.32 37.5787211413151
4.33 22.0847684219267
4.34 35.8791997145194
4.35 18.3366994604154
4.36 37.4782247263751
4.37 17.2766081034767
4.38 30.4620881674318
4.39 27.7275575874631
4.4 25.3595618427819
4.41 22.3518357415481
4.42 26.784696148865
4.43 30.6412405632116
4.44 7.49019397976426
4.45 19.0985978574048
4.46 38.0187714596409
4.47 21.9814708460406
4.48 22.9949859678232
4.49 23.2556951065111
4.5 29.9324666477366
4.51 30.4779335822558
4.52 19.6508766796597
4.53 40.8890438687435
4.54 30.072792397788
4.55 6.85725140829925
4.56 17.6414906451857
4.57 26.8658742502313
4.58 33.9931388059576
4.59 30.5711780562479
4.6 15.9794286785963
4.61 15.7645442305972
4.62 25.8596982396747
4.63 14.3069076585501
4.64 21.6114538714517
4.65 13.408940259379
4.66 33.1657823285904
4.67 33.3406222455227
4.68 21.8407534793184
4.69 23.7711956793175
4.7 26.7902267697232
4.71 21.6158081051139
4.72 27.779418779067
4.73 35.0439043122227
4.74 25.8435679171851
4.75 17.9380330628956
4.76 39.1717485608618
4.77 51.5404544135139
4.78 23.9525346943762
4.79 22.3363256431641
4.8 38.1711445286278
4.81 36.1685378330802
4.82 44.7658201633562
4.83 27.920928183356
4.84 53.2005453931045
4.85 29.2905183638446
4.86 29.5179150859241
4.87 24.0935594750994
4.88 40.0244077082899
4.89 27.3967319930556
4.9 25.9897614154426
4.91 32.1674129859431
4.92 28.0563883196307
4.93 13.937676633467
4.94 19.3271283633228
4.95 30.934876511391
4.96 29.6118071310704
4.97 31.1273745406052
4.98 14.4842440085115
4.99 35.9049572296765
5 24.0370827933511
5.01 27.4996398649734
5.02 25.3906105746092
5.03 24.988348165314
5.04 37.5396351708743
5.05 20.2387368356313
5.06 36.6045007173359
5.07 28.8150967332736
5.08 33.2195275774539
5.09 48.1176689070647
5.1 32.5515974103413
5.11 48.1244428308118
5.12 32.8297048160717
5.13 23.5532134281654
5.14 57.3962465158694
5.15 52.8206162620294
5.16 28.3516429791907
5.17 24.1810952175115
5.18 44.5002741581737
5.19 51.6492536095732
5.2 34.7695463894932
5.21 25.132776491675
5.22 48.1201508824994
5.23 37.2847395799051
5.24 22.9441685010773
5.25 45.7622439313948
5.26 20.2200873873318
5.27 40.8656931737097
5.28 32.4494515570218
5.29 20.643584567947
5.3 19.3973745955028
5.31 43.9909051174093
5.32 25.1016863735959
5.33 30.3958399142549
5.34 24.3029639427962
5.35 33.2524659030226
5.36 54.4856601288603
5.37 25.5273088380439
5.38 24.2888738581664
5.39 27.4933514047415
5.4 18.3962870829577
5.41 25.5132569017362
5.42 38.8129641796891
5.43 11.4690627516974
5.44 30.3693736322297
5.45 26.9403376038309
5.46 27.7361360712874
5.47 28.4983062754677
5.48 18.3947907805135
5.49 51.160352082828
5.5 13.6108556364333
5.51 36.964184761369
5.52 35.9388666867812
5.53 27.6401003030388
5.54 33.9822116060354
5.55 26.8185479510781
5.56 43.2121331880426
5.57 29.9326467236338
5.58 26.7674975855404
5.59 18.4576114555076
5.6 31.4605669802006
5.61 29.7229092244241
5.62 38.6190211473803
5.63 38.197442926099
5.64 25.0474981053541
5.65 31.3741222370435
5.66 35.5897430490359
5.67 52.6027838545434
5.68 45.161938454083
5.69 33.3904175875547
5.7 30.8888287767038
5.71 23.7855454838349
5.72 39.5075347932374
5.73 41.7451585667332
5.74 42.0672989670374
5.75 36.6060017252552
5.76 1.3767889527839
5.77 9.33010714729452
5.78 39.7484384910255
5.79 30.4751718850992
5.8 38.8838184503087
5.81 37.9213731283382
5.82 38.4572788435539
5.83 35.4769925001599
5.84 40.8851321151101
5.85 25.8902068698836
5.86 33.5639960713128
5.87 33.8071192532182
5.88 22.7802863899778
5.89 25.2643986979675
5.9 23.8029974615711
5.91 50.9694207893199
5.92 30.411627048531
5.93 29.5248411884136
5.94 45.7837971050632
5.95 45.9483226828585
5.96 19.2124345930908
5.97 33.8040757936273
5.98 28.747142756335
5.99 35.982824900782
6 36.3515081455478
6.01 23.8015983565297
6.02 44.3672136300126
6.03 49.4448298278437
6.04 21.4192713299876
6.05 34.698465843011
6.06 42.6020039084679
6.07 35.7939696690706
6.08 41.7004465894496
6.09 35.219589831741
6.1 39.9714288386501
6.11 29.2682965438083
6.12 43.4325139546031
6.13 51.356823542236
6.14 39.306575270533
6.15 45.7384775341827
6.16 26.7687612113479
6.17 19.0243451865393
6.18 35.2507441778299
6.19 21.4437270571059
6.2 32.5212929847048
6.21 44.4034426619037
6.22 19.4629150679964
6.23 47.5189439971418
6.24 27.8911087754897
6.25 24.8174227226737
6.26 34.2278030763
6.27 33.3546389148691
6.28 40.4566673070701
6.29 36.026199055393
6.3 21.1866535874997
6.31 47.2343931789928
6.32 30.141428425432
6.33 33.8523465955916
6.34 31.7121249529106
6.35 31.1808369900717
6.36 33.5307812106753
6.37 17.3820085907679
6.38 44.4586815662969
6.39 44.0732307734507
6.4 43.625828585257
6.41 29.0680869609686
6.42 64.4069030252548
6.43 26.5415623759176
6.44 29.5015789475198
6.45 31.744877161083
6.46 36.5036179640068
6.47 56.5707393690455
6.48 50.6101530852345
6.49 39.8020804811396
6.5 20.3397807793921
6.51 48.3271830505319
6.52 37.4711051468812
6.53 35.3923927805902
6.54 48.3657163357444
6.55 24.151447321021
6.56 45.3647674156486
6.57 34.6308097560671
6.58 40.0038444802562
6.59 43.3830194342402
6.6 40.175492460071
6.61 26.2298707199669
6.62 24.7157569017135
6.63 37.0933618791947
6.64 49.919486055156
6.65 31.2872572504259
6.66 53.6164462228596
6.67 19.1328967916015
6.68 32.5739875201971
6.69 23.4143998723142
6.7 19.5377166764133
6.71 49.3797540816469
6.72 30.4475312852418
6.73 22.7630043488115
6.74 43.0707681597346
6.75 39.2835834470347
6.76 14.7157251571872
6.77 27.1366997936243
6.78 16.3185247887347
6.79 52.1716752814079
6.8 19.8243763464584
6.81 53.6566729159029
6.82 16.2981821931512
6.83 35.7069524697443
6.84 43.9506805468201
6.85 44.4215669306274
6.86 30.9978658700494
6.87 42.9448789231516
6.88 59.5690730299033
6.89 45.5646450985875
6.9 36.9845117223771
6.91 57.7905172181628
6.92 44.4889164606721
6.93 38.5029094484313
6.94 31.8287469387394
6.95 26.9300690345454
6.96 30.1665563752592
6.97 55.5375458316125
6.98 39.8288520052793
6.99 52.9344110186448
7 48.5319468675324
7.01 59.2377468823816
7.02 30.8557379078919
7.03 37.752998523458
7.04 34.8371445862122
7.05 57.4792214591119
7.06 53.107686124091
7.07 37.5516037998053
7.08 54.1364641311414
7.09 51.2079999352509
7.1 44.693366205341
7.11 34.8101534002876
7.12 40.1222423579143
7.13 46.8863439652464
7.14 24.8207808013917
7.15 38.729801158799
7.16 34.0932730262421
7.17 37.3505119914809
7.18 50.6999055132976
7.19 35.3875823722384
7.2 28.486169993384
7.21 52.7385256391571
7.22 40.0873702974066
7.23 31.6883295863385
7.24 42.3811592390781
7.25 42.3728071848989
7.26 41.3687327340065
7.27 43.9470377655333
7.28 33.9828099170017
7.29 28.1214170450561
7.3 60.2530388228964
7.31 50.3973315461237
7.32 68.5408008027658
7.33 48.6015630548621
7.34 54.894035236912
7.35 47.7944087517932
7.36 33.7040769816418
7.37 23.6705150521938
7.38 32.7317936225112
7.39 41.9628253280139
7.4 43.7787831165591
7.41 18.3599043742967
7.42 47.0462381439421
7.43 48.7025534106149
7.44 43.7142365304025
7.45 41.5161959154392
7.46 58.5961480670104
7.47 46.1857289427551
7.48 18.869625328627
7.49 12.9517017389346
7.5 39.2538939911648
7.51 54.170561943856
7.52 48.7736109864636
7.53 44.5291690956129
7.54 42.624279528864
7.55 46.7168385649991
7.56 42.1129139068331
7.57 37.245996368671
7.58 34.0520503883171
7.59 47.1215829226127
7.6 38.0008288702341
7.61 50.7399209719612
7.62 49.0477601273225
7.63 41.6991140159756
7.64 46.1020975237553
7.65 50.9276430845419
7.66 44.9364392978421
7.67 37.913428024787
7.68 62.5956746659052
7.69 48.7819655438182
7.7 56.9296769038472
7.71 30.4777985958032
7.72 30.5633434373696
7.73 54.6978337261075
7.74 63.9198175400279
7.75 52.0159933179915
7.76 41.2323458160818
7.77 43.7040721443747
7.78 22.6144189741747
7.79 48.2258319453887
7.8 41.7776359485443
7.81 45.9973782373234
7.82 42.0712084595784
7.83 36.8598363585694
7.84 42.0850737747785
7.85 26.6904294362284
7.86 41.1056692264381
7.87 52.9356976444523
7.88 35.4338384598911
7.89 45.6876231582796
7.9 46.6046381718726
7.91 47.7935334833454
7.92 47.182535917522
7.93 36.0810149598138
7.94 44.9893291854136
7.95 48.0475011733087
7.96 51.395690457469
7.97 74.1942777620267
7.98 47.7397583291465
7.99 37.6161428344777
8 37.5478981024984
8.01 42.0437081047271
8.02 34.1899585056399
8.03 30.2316163185864
8.04 39.4219394124162
8.05 48.222177456548
8.06 50.8802496472013
8.07 15.8305306550109
8.08 48.2262294565147
8.09 52.1891669698173
8.1 45.8594769936862
8.11 57.0973854946259
8.12 45.6458855581063
8.13 47.6691094783694
8.14 38.8609505803362
8.15 34.4161944637693
8.16 49.7964072304079
8.17 46.5923800648835
8.18 38.332153180607
8.19 36.905031413994
8.2 27.1542644812507
8.21 36.0748940743132
8.22 39.345577217072
8.23 54.6485925684893
8.24 32.2667044738391
8.25 54.304271098465
8.26 46.1545461233473
8.27 34.9543034707551
8.28 40.2176926826685
8.29 27.1376190450981
8.3 54.6800130125349
8.31 28.3451109140406
8.32 45.9086262427214
8.33 58.5285038682935
8.34 46.705412619848
8.35 47.8944297584492
8.36 54.8144094227106
8.37 36.798846976891
8.38 46.8783390965777
8.39 39.5603433015078
8.4 49.9025389211114
8.41 66.4664354364194
8.42 52.6412797841625
8.43 54.4453587601962
8.44 44.5246325447977
8.45 43.725189546846
8.46 65.9747220945082
8.47 42.3375276510397
8.48 42.5730293459727
8.49 26.6432622094502
8.5 38.1693133080442
8.51 61.4165610495737
8.52 30.8790521518533
8.53 16.5565169650117
8.54 41.7323633507078
8.55 57.7182403910024
8.56 51.6081344418299
8.57 49.2598842458339
8.58 64.5375142881141
8.59 54.4715430752249
8.6 44.8757647020302
8.61 30.6730903674489
8.62 49.8366362482954
8.63 32.1669600565271
8.64 53.7048419538191
8.65 50.6197324946939
8.66 46.9917302896123
8.67 51.8517731977239
8.68 32.988814024681
8.69 57.9159521535926
8.7 47.8780961932199
8.71 53.4827374038731
8.72 41.9511946153659
8.73 43.8653005861477
8.74 40.2100130470875
8.75 45.3982951400838
8.76 54.3527433057576
8.77 33.6648110235842
8.78 56.3402178910112
8.79 61.9013573617733
8.8 66.2026413469096
8.81 51.406234805174
8.82 34.5979838431052
8.83 37.714433367855
8.84 59.3228532810364
8.85 50.156344027895
8.86 45.9338036807781
8.87 39.8275532158458
8.88 26.228969334416
8.89 48.200784117812
8.9 54.0273129103868
8.91 47.5301287917519
8.92 25.8276346011929
8.93 57.1187464095154
8.94 39.2618122488008
8.95 71.478373689472
8.96 46.9844297466449
8.97 55.692009311182
8.98 41.7887582390388
8.99 60.5675883978627
9 76.6395857812561
9.01 64.832630058033
9.02 53.409302145718
9.03 37.3032916142588
9.04 50.3930697587057
9.05 59.6539322942378
9.06 47.5650523859562
9.07 39.9974303228811
9.08 51.0981155281597
9.09 43.1486751904592
9.1 63.6309647621849
9.11 58.3510207876128
9.12 59.3086201201613
9.13 47.0543168743943
9.14 42.4607989354601
9.15 50.6703985451376
9.16 55.8878653948112
9.17 58.0795137425218
9.18 55.0274595830837
9.19 49.832920289434
9.2 57.7465884107063
9.21 47.9000732670573
9.22 44.7058365770209
9.23 60.8403214243956
9.24 63.4810332079841
9.25 35.3231695596288
9.26 72.8867675583275
9.27 62.711489232594
9.28 46.746578590451
9.29 61.6593194248326
9.3 39.2985892895656
9.31 60.3918957655407
9.32 65.550073802959
9.33 46.7218282266549
9.34 59.1269603338059
9.35 43.1124798903232
9.36 83.1524246669741
9.37 55.0999433850917
9.38 43.8368945824368
9.39 45.6983149900282
9.4 66.9973386431424
9.41 56.7819811167122
9.42 57.5903010749377
9.43 59.2083040516395
9.44 54.3807504887738
9.45 57.9180030200602
9.46 44.8437441131387
9.47 53.0498618953207
9.48 38.189490396865
9.49 53.9205866337337
9.5 54.1136680724098
9.51 47.6224684825511
9.52 65.4703558156658
9.53 62.2266730184455
9.54 56.3265178483418
9.55 38.2871943831483
9.56 52.7834746957292
9.57 43.5338586965785
9.58 63.555608546775
9.59 61.6866859126171
9.6 48.618127396107
9.61 38.1797032086834
9.62 64.0510380990313
9.63 65.040325497978
9.64 71.6585315757111
9.65 29.4643463687792
9.66 56.2327002379397
9.67 68.479705181416
9.68 72.6896024351633
9.69 59.5820760701957
9.7 52.42998026589
9.71 38.6259522414854
9.72 47.5072539988348
9.73 44.2873991421003
9.74 46.6405942099293
9.75 63.5249418521356
9.76 60.4760600083325
9.77 55.8711116715527
9.78 39.196299507528
9.79 63.9234823410518
9.8 73.841488005561
9.81 44.2995004402327
9.82 67.9253737744179
9.83 48.525816857637
9.84 68.3226998898645
9.85 62.6017742448787
9.86 44.6815187059773
9.87 35.8769045970414
9.88 47.1271049593063
9.89 28.4823848673038
9.9 48.0787573261297
9.91 69.0196451063427
9.92 43.3577848717928
9.93 43.367768149888
9.94 49.6061628701691
9.95 58.7024022300933
9.96 58.721014550284
9.97 45.6196252026956
9.98 57.3610494544376
9.99 47.9585791887219
10 57.5858885667433
