0.01 3.59214785610376
0.02 12.7725040252717
0.03 13.5635628108334
0.04 18.0473983362058
0.05 3.98021639413011
0.06 9.50206932261171
0.07 12.6623816663223
0.08 1.57009672877418
0.09 -1.57303738803377
0.1 -2.0962832218909
0.11 6.52663066840764
0.12 12.8538714524558
0.13 9.50945835779366
0.14 8.15769919751112
0.15 21.6373068594064
0.16 -10.621001611711
0.17 14.5949208855148
0.18 1.36736176947435
0.19 21.4780468772915
0.2 3.42547102720373
0.21 -7.39782952490131
0.22 0.343613607425164
0.23 -4.64108135573681
0.24 4.09318293350467
0.25 -2.04895540721966
0.26 11.050575026869
0.27 32.4128110246853
0.28 -3.96295565177391
0.29 -17.8159858347032
0.3 -15.7538722757635
0.31 2.19297838304719
0.32 27.3696565243514
0.33 2.99360983208356
0.34 12.1533888041375
0.35 29.5668103013518
0.36 4.56637099166246
0.37 15.6222291317802
0.38 30.7721742447357
0.39 14.5424464739629
0.4 -0.16162028101789
0.41 6.40631155001449
0.42 -1.10960291508233
0.43 9.96353434267633
0.44 9.47212453238505
0.45 -4.20568119576455
0.46 3.09957901154317
0.47 1.72017935150811
0.48 18.6228380066118
0.49 24.6693613324045
0.5 26.2874294865644
0.51 4.35058743886918
0.52 5.70434072800852
0.53 21.9284372679477
0.54 7.55913934770026
0.55 13.7550976342077
0.56 -15.774627484962
0.57 10.9448153468022
0.58 7.01438005949195
0.59 -10.0648353140031
0.6 2.28913190464949
0.61 28.7201700323084
0.62 -4.7055475456871
0.63 -13.2128556940021
0.64 4.23722148184938
0.65 18.2815413030074
0.66 17.1600961094515
0.67 21.2356170685315
0.68 18.7051896255177
0.69 7.65265965452993
0.7 9.72258283984714
0.71 -0.24893084981481
0.72 23.2368523452883
0.73 6.71500019515411
0.74 0.247779571083642
0.75 20.4841214385981
0.76 -1.93678371202995
0.77 -1.10910273486229
0.78 -9.91839576896915
0.79 -0.247717182963971
0.8 -2.11146498932625
0.81 5.41914626819632
0.82 22.335483859035
0.83 -6.85855037318638
0.84 10.4045485673302
0.85 27.9523265499554
0.86 -2.09556201957785
0.87 12.0386088578205
0.88 1.25822180642095
0.89 3.45028409799028
0.9 7.44730110740956
0.91 13.0575185832603
0.92 6.49266873837249
0.93 -2.16458458921029
0.94 2.8614365003424
0.95 11.368836508223
0.96 26.7271562135674
0.97 10.10455266386
0.98 -7.0532391491971
0.99 -3.53039567790198
1 12.7841578507937
1.01 5.96558663842361
1.02 8.16347005159873
1.03 0.749778313559851
1.04 20.1910644546528
1.05 22.2553735515906
1.06 11.6758497800328
1.07 28.7061186343506
1.08 18.2766815682843
1.09 27.687492682565
1.1 15.0374563557804
1.11 16.7942941238914
1.12 20.1435407962871
1.13 18.2638249859248
1.14 14.3141086003648
1.15 -2.7791166519875
1.16 5.12267020876082
1.17 4.22021752690233
1.18 14.4470376306382
1.19 8.40668864719274
1.2 8.95864961638482
1.21 -2.73694342431936
1.22 7.24237136979606
1.23 9.32600086176657
1.24 21.3666749892549
1.25 16.6973460214381
1.26 3.59256788245337
1.27 -8.97140732303254
1.28 25.4900280208183
1.29 8.2948399700585
1.3 0.554727779587935
1.31 0.631993594630387
1.32 7.49312506164493
1.33 -1.17741654272745
1.34 11.1679961754778
1.35 26.8280750719886
1.36 -1.42547672107138
1.37 17.8057336803293
1.38 8.36078902798144
1.39 9.67715908912205
1.4 11.9820041756581
1.41 9.59854766517122
1.42 20.6952304087641
1.43 -0.956553809770245
1.44 3.91483869773611
1.45 5.03834643757562
1.46 16.5038282290644
1.47 3.68478556790969
1.48 9.55260375475481
1.49 9.68788551821457
1.5 17.630679910479
1.51 1.02310093494456
1.52 4.19951241482848
1.53 19.8503367402592
1.54 16.3535938509547
1.55 5.73489818064811
1.56 6.88846694123115
1.57 17.0000854784914
1.58 15.4431847095516
1.59 3.58931520755815
1.6 26.7000707031559
1.61 4.00873757936322
1.62 10.8654464170676
1.63 -13.6671371777654
1.64 4.41857038701271
1.65 4.91655863056044
1.66 0.297559272218312
1.67 5.47021944693996
1.68 19.1491865575839
1.69 20.5580200183667
1.7 6.32730395530987
1.71 17.337509127869
1.72 13.2770745357367
1.73 16.7523701877271
1.74 26.4240310418443
1.75 16.4120732275742
1.76 -4.40437219050887
1.77 12.8045811511279
1.78 16.7528611470506
1.79 8.02278368847087
1.8 13.1668258558425
1.81 14.8576165295093
1.82 26.8766574974473
1.83 3.3732706060604
1.84 14.1932870408552
1.85 12.913924635324
1.86 23.2822768862531
1.87 15.1180937507086
1.88 12.513612278246
1.89 2.55469067680705
1.9 28.6457947418282
1.91 11.0077669187582
1.92 0.948406705068352
1.93 -17.0861183449871
1.94 37.3604896926674
1.95 21.9672076080539
1.96 18.047125066702
1.97 27.3581831157311
1.98 18.5647685766327
1.99 8.59521939112416
2 15.3497633635908
2.01 4.65844575928358
2.02 16.2412157698616
2.03 4.85483961028381
2.04 4.04516948121549
2.05 7.65484988580258
2.06 2.40582035098122
2.07 23.4522539274223
2.08 31.045593730156
2.09 15.0882006357798
2.1 17.5359076858235
2.11 6.46999674185307
2.12 7.73165381309289
2.13 16.5428895099344
2.14 12.89141797265
2.15 18.112211145561
2.16 25.1983509167721
2.17 8.03446496119475
2.18 17.1228031125105
2.19 13.3311462865215
2.2 13.2675635253609
2.21 16.2773471938339
2.22 24.0398724033753
2.23 15.4152464040207
2.24 18.7112042340024
2.25 5.75027986065468
2.26 24.6465665832396
2.27 16.7840013534642
2.28 14.2437762268622
2.29 -3.35876969543896
2.3 12.2282590113998
2.31 25.6839167324468
2.32 9.13214759445855
2.33 14.6314104490336
2.34 49.1666158809058
2.35 13.7918112719612
2.36 5.9718759839071
2.37 23.8403642602976
2.38 22.7855198717911
2.39 27.379701290416
2.4 4.90925872981887
2.41 7.6039939016932
2.42 20.8488389018903
2.43 6.46955601663962
2.44 33.3530394490916
2.45 30.3735712253405
2.46 4.57750261496289
2.47 31.0876271999874
2.48 -0.269754875070362
2.49 10.0701813020658
2.5 20.7624079009154
2.51 9.35772248970789
2.52 25.8573999087987
2.53 18.8390662019845
2.54 25.6683709549505
2.55 2.54939242618679
2.56 20.3503567272722
2.57 42.8351906981535
2.58 11.7953282695772
2.59 36.6767357582869
2.6 18.7611986046367
2.61 33.6476473861118
2.62 12.5456608411302
2.63 17.56422612835
2.64 19.74616413981
2.65 34.827444953591
2.66 16.2342085929011
2.67 22.7891396527043
2.68 7.21143565127437
2.69 15.0508806756384
2.7 13.4915405254988
2.71 8.6169354675808
2.72 21.4019040004505
2.73 20.6865771042465
2.74 38.7604743927618
2.75 10.782452335128
2.76 21.0752866522854
2.77 17.9434651483011
2.78 5.29717001199928
2.79 7.51093736020738
2.8 13.630003674475
2.81 24.9167449459915
2.82 2.43249032310404
2.83 19.2636252352709
2.84 18.2957653715798
2.85 12.2535113812659
2.86 50.1202933899252
2.87 17.781974722043
2.88 18.631544657776
2.89 -2.10457362258365
2.9 22.870885093396
2.91 28.2544872235902
2.92 21.1138230585316
2.93 25.8501397681362
2.94 24.068338560394
2.95 8.83643941400942
2.96 25.1018687435766
2.97 29.5426021869749
2.98 23.3477415567843
2.99 14.9573520313631
3 -3.77536614328685
3.01 24.9138980685306
3.02 38.5360082021197
3.03 24.7445882566075
3.04 16.0235270095859
3.05 32.0184672504625
3.06 28.3312725898604
3.07 14.0766295770813
3.08 25.4669289053285
3.09 35.3247586609748
3.1 20.8024785473364
3.11 33.8302258786799
3.12 14.4830458682156
3.13 22.3191216769347
3.14 20.5424502840436
3.15 30.8430386354832
3.16 19.3798824747964
3.17 14.7023296817338
3.18 8.38467753919764
3.19 -1.07814362138855
3.2 14.2766535554706
3.21 18.5353018199911
3.22 27.3098479392785
3.23 36.9074151562417
3.24 -0.300452438497942
3.25 28.3860721966156
3.26 14.4989230934805
3.27 54.8955024290097
3.28 23.2363072078792
3.29 30.8849734699774
3.3 27.4015822816933
3.31 39.5192299995576
3.32 26.4084330599511
3.33 7.29036962639783
3.34 12.334643368686
3.35 19.8880282375944
3.36 42.6344747509029
3.37 32.9056227296624
3.38 33.6445469966879
3.39 29.5126366736129
3.4 30.1348285570319
3.41 22.3576618107643
3.42 24.2521250500164
3.43 15.8953350989244
3.44 48.9732766850935
3.45 32.6960438599442
3.46 13.2805109104171
3.47 29.9211362456279
3.48 39.0484766067954
3.49 26.5219916966328
3.5 17.0556694004783
3.51 20.1585512936552
3.52 -8.61153978191095
3.53 25.5773574367697
3.54 26.3757259998759
3.55 18.2490357506439
3.56 24.7080337019195
3.57 20.9819941968917
3.58 39.0933649058968
3.59 42.0748648363013
3.6 18.3146401456185
3.61 27.8870471656934
3.62 23.9539585367374
3.63 36.6809655056322
3.64 38.2283650201321
3.65 19.6312355222387
3.66 17.1443648553591
3.67 24.9554568965137
3.68 13.5931025283378
3.69 27.5486067531703
3.7 5.71661559723726
3.71 1.19283565852595
3.72 5.58458466938898
3.73 23.9339933724535
3.74 12.5501037329843
3.75 39.8011277081822
3.76 40.4985694221862
3.77 32.8308864108555
3.78 32.4184791873209
3.79 31.4908380342355
3.8 21.6947515755424
3.81 23.0293253904279
3.82 35.5753578689082
3.83 9.30008560931617
3.84 19.2592788648379
3.85 32.2569548305239
3.86 18.4514914806349
3.87 31.0887226213087
3.88 16.8871897671145
3.89 23.8607345641332
3.9 19.2869265474079
3.91 38.2711956400297
3.92 31.9170309909107
3.93 29.5235486527915
3.94 31.3138417050126
3.95 21.1775565279006
3.96 14.6609703038764
3.97 33.1803740268985
3.98 18.3134410041022
3.99 32.656904916653
4 16.7147496491611
4.01 22.9814679994755
4.02 27.1001742157164
4.03 29.5822740194114
4.04 25.5738710530206
4.05 44.0513808776108
4.06 28.1231825292161
4.07 41.0525874438706
4.08 23.833071753425
4.09 1.05257408379935
4.1 30.4385139728339
4.11 2.65655850134145
4.12 22.7080780763992
4.13 16.6993642673165
4.14 28.2609924056935
4.15 13.2234828087054
4.16 22.2977591585173
4.17 16.7057306030367
4.18 22.0582598489913
4.19 14.6784773873982
4.2 45.225622555421
4.21 26.1224404631414
4.22 36.407869720765
4.23 14.2455394242211
4.24 8.79139803893517
4.25 4.46342147839356
4.26 42.1102955709725
4.27 41.7839402518711
4.28 30.3493300255235
4.29 35.7752817995596
4.3 44.0410770588814
4.31 28.081991988517
4.32 30.5942828933821
4.33 31.7462323215742
4.34 15.6047298151644
4.35 22.1585132780968
4.36 34.2341775469414
4.37 17.9181876177731
4.38 20.3475619861843
4.39 20.1324462837789
4.4 33.6951037956252
4.41 43.2039275276461
4.42 22.2330471165433
4.43 41.4005297615037
4.44 28.1147310639018
4.45 33.3262524494608
4.46 33.5978304097964
4.47 9.40487932396315
4.48 40.1689459371314
4.49 21.1107794104663
4.5 31.8971033244253
4.51 14.8337206143598
4.52 43.9639278003946
4.53 -2.26368032672827
4.54 20.3382366864852
4.55 23.9998536491105
4.56 25.6199725577433
4.57 38.8518495422603
4.58 18.8397087203445
4.59 14.9392831651683
4.6 41.9003179498312
4.61 30.5197569625314
4.62 31.4963427635191
4.63 30.3513135763819
4.64 29.4459238746534
4.65 16.7494644431143
4.66 32.0108274085531
4.67 39.5543528818044
4.68 27.8174532624371
4.69 21.5845549994655
4.7 31.8662696159456
4.71 44.7518470706388
4.72 38.0045619828897
4.73 23.8408632830751
4.74 25.0161899160053
4.75 19.7254092721152
4.76 44.5061502370553
4.77 26.2721929927159
4.78 30.5455523501481
4.79 27.7808902809012
4.8 35.0466947956383
4.81 32.0871462966834
4.82 18.2388442644716
4.83 7.05015270395323
4.84 28.8812397924388
4.85 25.8686121924005
4.86 38.9242009739281
4.87 19.7832111013182
4.88 27.0528780237239
4.89 13.0515346447388
4.9 25.7975617061165
4.91 31.6130101121693
4.92 11.5096041758088
4.93 25.9992352068813
4.94 42.5847728999494
4.95 47.3592751469765
4.96 21.9031559239979
4.97 20.0641323348693
4.98 36.1111814560778
4.99 41.8766495597845
5 15.5489244326733
5.01 12.5651463544937
5.02 38.4968943476168
5.03 27.0954436709627
5.04 28.8306428494414
5.05 26.094983920139
5.06 25.9612281735018
5.07 28.1184225913378
5.08 26.4032113705514
5.09 37.4551933459549
5.1 40.1689622888259
5.11 37.4112775927894
5.12 42.0293397007898
5.13 49.1446255496809
5.14 18.8387329855525
5.15 42.8262305879684
5.16 25.1700004496977
5.17 30.1549803593786
5.18 33.5535936733845
5.19 13.2252293048929
5.2 14.559470565492
5.21 40.2343722451621
5.22 11.4004431957218
5.23 38.4392028767594
5.24 35.1497570762718
5.25 24.0517127647331
5.26 37.2369393013197
5.27 22.1116067398061
5.28 13.4640290790827
5.29 24.0249692291984
5.3 43.8531475150252
5.31 37.7410313177774
5.32 35.1427827907277
5.33 30.8625219796915
5.34 15.4903153421293
5.35 37.9819356756945
5.36 19.9792330724459
5.37 22.8576811768975
5.38 48.0413497530288
5.39 23.6847032956674
5.4 33.7830790133869
5.41 25.7966314762952
5.42 42.9137415624398
5.43 19.5014113933109
5.44 25.4800874394284
5.45 23.0301149391134
5.46 8.54908412732937
5.47 31.6882375216085
5.48 26.4698752082227
5.49 15.3542194405168
5.5 24.3347954996819
5.51 34.9477045163538
5.52 53.2728540040095
5.53 37.6209451509428
5.54 15.1072326782766
5.55 31.6301233004443
5.56 48.9713649297452
5.57 53.0680998897585
5.58 37.015444057179
5.59 21.2840474563148
5.6 19.9464943847324
5.61 25.5623016290211
5.62 25.197978483436
5.63 41.7396289734238
5.64 38.3395706849815
5.65 29.3588753112931
5.66 18.5995119071925
5.67 41.7558132583421
5.68 42.4047259760055
5.69 37.7447239548347
5.7 20.2320400886006
5.71 49.6407812364826
5.72 24.8346181298694
5.73 42.3104341189835
5.74 22.0754456958637
5.75 33.2940494414679
5.76 17.2507550902934
5.77 50.0781683731281
5.78 39.6015353006752
5.79 33.4284730446385
5.8 43.9245554915958
5.81 26.4352204956046
5.82 46.1703716636068
5.83 26.8426663773619
5.84 36.9368641214179
5.85 62.1280139899244
5.86 43.9895445941439
5.87 26.9526191991152
5.88 39.0328216756765
5.89 31.2339373449731
5.9 38.0861664771487
5.91 45.3581468502332
5.92 34.265965232479
5.93 40.4808697412447
5.94 16.6559610229905
5.95 25.5788881946342
5.96 38.151005008772
5.97 46.5613254691306
5.98 56.6365991798165
5.99 22.9626164614814
6 43.4779099771039
6.01 59.0232786687683
6.02 31.4010991470665
6.03 37.3273605103676
6.04 44.7330358470894
6.05 29.8808489544188
6.06 25.0855210792723
6.07 60.484143316516
6.08 36.0590352652493
6.09 40.9643649319535
6.1 30.490171223657
6.11 40.5996035497229
6.12 42.7201943719258
6.13 19.8756357691993
6.14 47.9519642665667
6.15 32.7493279307918
6.16 35.2441381442389
6.17 22.2881733902709
6.18 38.3820828893489
6.19 45.4691166509787
6.2 29.7167666672548
6.21 57.4162396096113
6.22 49.8570000615106
6.23 42.1949291404333
6.24 31.9023850793136
6.25 56.6347088401165
6.26 34.2067720151444
6.27 32.8602108545812
6.28 29.9980186417807
6.29 44.0116291178795
6.3 40.5283914040254
6.31 37.1874367616388
6.32 42.8062063472158
6.33 38.4049872050267
6.34 23.9353797987008
6.35 21.6899761357077
6.36 46.4503650433365
6.37 56.0535919643047
6.38 47.8314353429582
6.39 38.2669927880088
6.4 29.4351259013646
6.41 46.5992943577124
6.42 8.45597667838673
6.43 21.9993688314048
6.44 33.8362379574369
6.45 32.4009823023161
6.46 37.5182125705497
6.47 53.1158877383416
6.48 47.6190216196542
6.49 23.5721747685814
6.5 40.2925643163411
6.51 40.9013096550032
6.52 40.7058325659263
6.53 32.3476626563393
6.54 39.4290049043844
6.55 35.5062281542303
6.56 36.7384809407445
6.57 27.2307301048036
6.58 26.4613237644957
6.59 43.2655738299979
6.6 39.6649024623274
6.61 47.380109187886
6.62 40.2359658211072
6.63 26.5945866353452
6.64 52.58587745177
6.65 26.345547712187
6.66 41.6086672524495
6.67 32.0712879058581
6.68 38.2210127185318
6.69 38.0032511336607
6.7 43.8755305359492
6.71 23.6962240187759
6.72 43.4077218364134
6.73 43.7840548313984
6.74 30.530424759219
6.75 30.0236454931827
6.76 45.2599613669244
6.77 30.9313129385702
6.78 48.703599673738
6.79 48.1039340948823
6.8 56.6923385076676
6.81 43.5418926709402
6.82 35.8273702866232
6.83 36.0575378184001
6.84 50.6321061426604
6.85 38.7948406268011
6.86 47.2009329611935
6.87 31.2296236968792
6.88 35.1940308122992
6.89 29.7407748194427
6.9 44.0847995824759
6.91 32.1569939900329
6.92 36.2474667414656
6.93 54.1147536343065
6.94 50.0654504591255
6.95 53.3268403534345
6.96 35.0830038092345
6.97 61.6104715421338
6.98 38.0100711490509
6.99 52.4045379503217
7 34.8498092546648
7.01 56.2117747380589
7.02 24.3948131249487
7.03 31.0411464581792
7.04 44.7874821635005
7.05 39.718201682083
7.06 37.3180556371599
7.07 21.9971688743939
7.08 25.9505407755045
7.09 40.4082858170277
7.1 38.2922549510262
7.11 43.0454001655955
7.12 40.2815636593448
7.13 53.3312622871879
7.14 45.3621308496506
7.15 31.6075976074552
7.16 52.6863707936096
7.17 32.2974154089129
7.18 50.7787152970064
7.19 53.9751703697031
7.2 41.3213633830245
7.21 39.2187840159344
7.22 46.8374178869048
7.23 37.1653910266136
7.24 53.7957573373229
7.25 34.4025037669598
7.26 45.5958622291758
7.27 39.4169390897654
7.28 33.2535689104745
7.29 43.2982414810865
7.3 49.0480468791059
7.31 35.0025088424668
7.32 18.891184441299
7.33 36.0284404405344
7.34 30.2941012731994
7.35 33.7848347825616
7.36 59.4247359525371
7.37 49.350292746411
7.38 39.2713894950438
7.39 42.8551952653689
7.4 50.9101175513491
7.41 39.9992679034776
7.42 50.7510585523585
7.43 26.2794225201799
7.44 42.6317116461191
7.45 46.1628397834027
7.46 41.679412123374
7.47 30.5889064621864
7.48 29.1295059817408
7.49 59.4254211592904
7.5 36.4340742952441
7.51 25.6262891307362
7.52 37.3380477697064
7.53 52.2009106600332
7.54 43.401489543594
7.55 48.4081733450416
7.56 55.5507639253305
7.57 54.7227363179846
7.58 33.9375931590554
7.59 52.7472491573528
7.6 45.481359308923
7.61 38.335225934345
7.62 56.6375769507789
7.63 25.2516643667972
7.64 17.1240006863821
7.65 40.8360595719301
7.66 45.103760077588
7.67 51.2240213563556
7.68 44.2248636675281
7.69 32.2691000385987
7.7 59.6584422964855
7.71 44.7398182317686
7.72 44.6090485259702
7.73 51.2757021472719
7.74 56.418622422551
7.75 45.9694128046354
7.76 31.6720596733536
7.77 42.5129508698309
7.78 46.3255224992614
7.79 33.6418024726855
7.8 49.4004904569241
7.81 37.1524354774614
7.82 35.950389752212
7.83 51.9699889324538
7.84 42.1784786672707
7.85 25.753128630782
7.86 37.9010648945812
7.87 44.6666756858665
7.88 40.3953307629933
7.89 32.3471812424274
7.9 44.7289925525019
7.91 42.3814642230969
7.92 52.4063859697175
7.93 54.2309801838905
7.94 53.9789559550065
7.95 45.6181615344286
7.96 33.9816933802211
7.97 35.8670443754026
7.98 57.6510445503025
7.99 45.6396619060242
8 39.5814335539312
8.01 36.0767529539867
8.02 43.8737357043387
8.03 38.8846598156463
8.04 45.5093997340724
8.05 40.9108592497116
8.06 58.0174720552565
8.07 66.5657653799134
8.08 50.4496867865526
8.09 42.4771853053294
8.1 60.1621832612153
8.11 34.3280044017275
8.12 53.2398313816557
8.13 32.260583620844
8.14 43.0988869150079
8.15 41.2979072469767
8.16 45.7220299111859
8.17 40.8026529110827
8.18 55.7171866867594
8.19 58.0074301046796
8.2 51.4560863251832
8.21 34.1599791730875
8.22 37.9987166910252
8.23 34.1093779334289
8.24 33.6173603614281
8.25 36.1521273577308
8.26 31.9442140324016
8.27 29.8323497607963
8.28 53.7026366421749
8.29 54.3358491445974
8.3 55.0252582240815
8.31 40.271961585699
8.32 48.7241386526012
8.33 61.9350375015325
8.34 50.2571817758197
8.35 54.5203354549598
8.36 50.4749530272143
8.37 33.9344285321169
8.38 36.042270171196
8.39 47.8742117595128
8.4 29.672739718333
8.41 54.9827239107928
8.42 47.9286771376269
8.43 43.1088391991123
8.44 61.8475350534099
8.45 44.6246404897109
8.46 61.4691488592072
8.47 34.7384320750916
8.48 46.2741571550056
8.49 69.9046176805763
8.5 69.7596238887387
8.51 39.8313776271544
8.52 45.7795687180786
8.53 41.6343044149281
8.54 48.033045091285
8.55 52.2706356816796
8.56 36.9583673243278
8.57 51.514678896465
8.58 44.7667355811204
8.59 63.0241750144326
8.6 50.5285017954671
8.61 47.3179399387267
8.62 43.8671994347397
8.63 46.0170876682044
8.64 48.1315031103305
8.65 54.31451640164
8.66 49.1361872484944
8.67 38.1520800450188
8.68 45.5548523912556
8.69 73.2237524362656
8.7 49.0464899882318
8.71 62.4235945368509
8.72 48.9544819476847
8.73 35.9043674601043
8.74 61.9697469378389
8.75 55.1970411486607
8.76 54.7671775926147
8.77 44.1763946891538
8.78 43.7806884840294
8.79 53.6948541745461
8.8 50.6216058056061
8.81 49.1865394971126
8.82 56.5597138846001
8.83 39.348008350761
8.84 57.7362562295482
8.85 39.9512910314005
8.86 59.3048326111044
8.87 18.3539806961875
8.88 53.9248689142651
8.89 58.3730543766179
8.9 43.9425163179723
8.91 50.2256803695536
8.92 32.1170004484166
8.93 50.8888590086197
8.94 54.6699301134866
8.95 55.0137306550531
8.96 54.1292457214924
8.97 53.4109363834765
8.98 44.4368602255824
8.99 70.5167035352928
9 42.4956529226746
9.01 24.8623997980146
9.02 57.8157299555961
9.03 59.2162987804971
9.04 53.4286241787992
9.05 48.0722115524273
9.06 58.8647745767366
9.07 38.1481095617466
9.08 29.2030388676284
9.09 45.1465826618149
9.1 50.4644151693133
9.11 58.593169019863
9.12 46.0682368410092
9.13 57.4177485658405
9.14 58.2964164107582
9.15 48.9519174009488
9.16 50.4743732513707
9.17 63.149847317545
9.18 41.1843462185182
9.19 59.1095810763276
9.2 49.6379018762877
9.21 30.1208130864537
9.22 73.5403867945569
9.23 44.0900983602052
9.24 25.7150202382648
9.25 49.1643120310048
9.26 54.8969225707655
9.27 87.2717341028591
9.28 73.1183531157881
9.29 59.0731000247721
9.3 45.0210533150124
9.31 51.2063316884175
9.32 46.5930795643923
9.33 54.4269236871119
9.34 58.4835042996554
9.35 54.7332401638535
9.36 59.1256417120237
9.37 57.5845148322007
9.38 47.7991423078729
9.39 67.7129796871301
9.4 48.7825556746231
9.41 31.7635807224565
9.42 52.9889878606531
9.43 65.4751789103403
9.44 48.3411447370665
9.45 59.4590235633297
9.46 57.1734788060773
9.47 44.5717140311104
9.48 47.2346927480234
9.49 46.4748797056855
9.5 54.3435631199331
9.51 59.1063784299817
9.52 58.8256398192805
9.53 59.6608248680765
9.54 51.5626253932135
9.55 54.1958344228065
9.56 53.0308859999824
9.57 43.0523390538218
9.58 64.8253377342312
9.59 55.0208670853242
9.6 58.4907001736495
9.61 64.1977809324599
9.62 53.2731375511219
9.63 63.7509717112107
9.64 63.3715944797026
9.65 56.1820105762608
9.66 51.5908162813115
9.67 53.2000514581804
9.68 58.4930574372589
9.69 51.8793344529113
9.7 30.0225797077927
9.71 50.0201900699883
9.72 52.8774713630622
9.73 50.5446002024135
9.74 53.1442266931482
9.75 54.2070758140999
9.76 57.1565737136286
9.77 51.7782616840269
9.78 53.9328591915514
9.79 46.7036425453494
9.8 48.4912418567194
9.81 65.3440068009689
9.82 50.3988526325792
9.83 43.029862733345
9.84 58.2110216572072
9.85 60.4362553715199
9.86 44.4865536961366
9.87 50.01574035764
9.88 50.3332692829986
9.89 74.6508237587401
9.9 53.6374540075302
9.91 47.2328425815643
9.92 76.4639044117159
9.93 49.1481725589408
9.94 55.5747484526304
9.95 69.3352205916657
9.96 45.3607249154139
9.97 57.3239186689207
9.98 42.099869555391
9.99 59.2349260591093
10 61.5182419252059
