0.01 -0.880403944680181
0.02 3.70754789809047
0.03 -20.7630731837377
0.04 8.97178427149209
0.05 7.96033812054295
0.06 9.4087616770928
0.07 5.46187754651316
0.08 -3.87967741354489
0.09 5.00137999083873
0.1 1.88538271863346
0.11 5.11979190719974
0.12 16.428631202525
0.13 -0.608945414276806
0.14 13.6512134318639
0.15 20.487802516297
0.16 -8.79486272908649
0.17 34.8943330092461
0.18 6.23215667424179
0.19 19.870024159869
0.2 -4.44792236905552
0.21 3.71675544318711
0.22 1.60956738259396
0.23 0.479352650598964
0.24 10.0253815905203
0.25 3.99001210024229
0.26 23.0841740924706
0.27 36.4585410985678
0.28 29.7422929059561
0.29 0.494112708005173
0.3 10.6511132631927
0.31 -9.13089934147675
0.32 16.3690209499501
0.33 7.67720374363554
0.34 14.2160252899768
0.35 18.8588126351301
0.36 -0.327022705686462
0.37 -6.69409971789998
0.38 8.69873297987211
0.39 11.7804471586609
0.4 15.2295929826505
0.41 12.9633777419225
0.42 5.73159678497644
0.43 -16.5330212620823
0.44 -13.1480023327613
0.45 -0.405131396784612
0.46 9.14162075681985
0.47 3.71168992143621
0.48 -0.557214215612603
0.49 7.49446368673484
0.5 -3.03430788500027
0.51 8.95888319927457
0.52 20.4649072480153
0.53 -4.68430415391394
0.54 3.19840027731808
0.55 0.363264910741512
0.56 -2.097091270944
0.57 -15.8144597678748
0.58 14.0448737445696
0.59 4.07188601793408
0.6 13.7075076513813
0.61 -3.06722367295447
0.62 6.95602492446779
0.63 9.07310044136405
0.64 5.6430118043103
0.65 21.5599084093817
0.66 11.4137463701585
0.67 12.0886622756254
0.68 2.04605180067404
0.69 -14.1808664626069
0.7 11.5757732714131
0.71 1.83572387793157
0.72 23.7007306806889
0.73 12.3481771934993
0.74 -18.9926967793039
0.75 24.1644589547234
0.76 -0.097357622694469
0.77 -5.59695233935504
0.78 18.1247245408946
0.79 11.4743515380347
0.8 14.9953356032324
0.81 -6.77677270020491
0.82 0.755689606314354
0.83 18.5759567724015
0.84 -4.95146572913444
0.85 21.4093349104477
0.86 15.063953066761
0.87 2.04458984196386
0.88 9.21657417869645
0.89 2.64736441385671
0.9 7.96314592264668
0.91 25.592197611939
0.92 12.5831460673254
0.93 8.16893122140646
0.94 11.1489996093541
0.95 35.6113063615665
0.96 7.6343107503883
0.97 36.7987806429357
0.98 11.2506702674652
0.99 12.2430482309061
1 21.0571020733542
1.01 2.97964442767853
1.02 -13.5718933599197
1.03 22.8447269631515
1.04 -9.45621277293978
1.05 21.4124036713773
1.06 -10.0088117868996
1.07 23.3676198609021
1.08 2.21310959265277
1.09 18.5855917037321
1.1 12.9346604216663
1.11 24.8100896608392
1.12 1.07987471216675
1.13 -0.26891220193702
1.14 8.26206481348153
1.15 14.088764316481
1.16 29.8962853921617
1.17 18.5121267652027
1.18 15.3303585897093
1.19 16.8736868900297
1.2 -6.29232737725062
1.21 18.9594818785147
1.22 -3.15814921555123
1.23 17.5432157787936
1.24 1.313390778896
1.25 5.01474090053105
1.26 12.8656768901724
1.27 19.2024522765068
1.28 -1.82937402059594
1.29 5.35674292200525
1.3 -5.18114516248052
1.31 29.2605893017188
1.32 6.53673816493906
1.33 27.744877100673
1.34 18.665744176409
1.35 -8.98245366927541
1.36 4.78697450234431
1.37 22.6716916113377
1.38 20.0824782787418
1.39 16.8537974792853
1.4 -1.48763470126767
1.41 11.9672238888849
1.42 -8.53181238487425
1.43 15.4009483836352
1.44 5.87202898631323
1.45 13.46079092886
1.46 3.74567679050883
1.47 36.2337869438563
1.48 25.7258067198882
1.49 2.15401528787854
1.5 -3.32839417758566
1.51 -5.85933789554818
1.52 16.1146073053298
1.53 7.60193795435706
1.54 21.2417226740371
1.55 21.3865063540121
1.56 16.6354358196281
1.57 6.99246822256038
1.58 13.6997218365133
1.59 16.0725184761693
1.6 14.3335796339478
1.61 22.9375451680652
1.62 26.0142853340611
1.63 14.4419774616428
1.64 9.95264482592372
1.65 27.9111080647469
1.66 27.8859380553113
1.67 -4.8770289283604
1.68 7.44249583109121
1.69 14.8091303206382
1.7 -1.04004310821845
1.71 4.05134027018618
1.72 33.2778553411962
1.73 14.5137367411121
1.74 14.3757349888961
1.75 44.8699780024838
1.76 26.4092560889619
1.77 7.54463199464406
1.78 15.3605491634487
1.79 14.4136777448794
1.8 33.7009706339656
1.81 22.9835221599999
1.82 -2.87891793221816
1.83 11.5127593289832
1.84 1.25039877396445
1.85 34.2956765827053
1.86 15.5273695895702
1.87 2.49666780478123
1.88 18.6800721035997
1.89 3.94361622272335
1.9 26.6437400026834
1.91 27.2953951890806
1.92 6.02123581470199
1.93 0.476704939617884
1.94 3.94918642795345
1.95 15.707723176835
1.96 30.1216521266176
1.97 16.1315859176932
1.98 -4.12431351316997
1.99 14.2386759505188
2 21.1196327141544
2.01 22.4530899343996
2.02 11.4160472906706
2.03 24.7448844219885
2.04 4.29758521868967
2.05 -3.71973554139274
2.06 19.015568221402
2.07 21.5916694438446
2.08 14.6689900051501
2.09 29.0807145135724
2.1 17.7684741104428
2.11 17.7188159484667
2.12 8.13335576728862
2.13 23.9015222253016
2.14 25.7248755414123
2.15 13.1339777506278
2.16 -1.6740001627927
2.17 24.3045295351057
2.18 12.03900968716
2.19 30.7971752298754
2.2 14.9616899595025
2.21 16.5962684662643
2.22 14.2668465115837
2.23 17.1821117705411
2.24 23.1453029016038
2.25 18.5337547827515
2.26 31.1628186663343
2.27 36.3481668401311
2.28 27.5041227899742
2.29 24.5725288868173
2.3 16.9937839982479
2.31 20.4302918804428
2.32 4.08894316119579
2.33 25.7592058124601
2.34 16.3641884085184
2.35 31.6282356745644
2.36 21.4933582932292
2.37 17.1651035432239
2.38 24.1533956906919
2.39 19.3800742992043
2.4 28.31494929608
2.41 19.6374476977096
2.42 14.1365863633754
2.43 18.9903500864675
2.44 33.3783244219001
2.45 6.98204400094676
2.46 32.1548398104191
2.47 8.59691109115603
2.48 10.1126981339667
2.49 13.7625283506831
2.5 14.1304080481497
2.51 18.3171763350619
2.52 33.6143016548657
2.53 23.097473350062
2.54 28.9048717257444
2.55 29.7928046837578
2.56 25.7339217508867
2.57 35.1440970667378
2.58 17.108198061861
2.59 30.3662051948593
2.6 4.44593604938432
2.61 20.2276260530184
2.62 24.158342485401
2.63 25.3955598613035
2.64 19.9574804420739
2.65 38.1629372469388
2.66 12.3166310722307
2.67 -12.6097305725149
2.68 7.17872700672274
2.69 12.1676825924723
2.7 13.7684382580137
2.71 20.434919929709
2.72 22.8013638273496
2.73 26.9804252664279
2.74 12.6033284619412
2.75 26.1547222749856
2.76 22.1643318208289
2.77 14.922976476327
2.78 24.1414446335806
2.79 5.38234999066591
2.8 21.7023229288327
2.81 29.1493173143321
2.82 27.6723196583285
2.83 7.73175495455748
2.84 31.3009480800922
2.85 22.0920830800489
2.86 5.13010519902979
2.87 18.2965464009282
2.88 18.3610124443963
2.89 23.943730605274
2.9 22.0503560281163
2.91 28.6096217821501
2.92 -1.25300185069255
2.93 0.678823191169528
2.94 21.7082584527237
2.95 26.3063874316607
2.96 18.1343618667718
2.97 40.8618830650985
2.98 29.3086438679388
2.99 23.181126484354
3 11.4302242710491
3.01 5.82516894712674
3.02 24.870888414161
3.03 12.1604894626977
3.04 11.9935416397531
3.05 38.7558218280806
3.06 8.31261095320284
3.07 24.5316360227048
3.08 27.3098828991356
3.09 24.2836358638121
3.1 11.9237188878192
3.11 19.7186987561588
3.12 12.2402247935697
3.13 26.4616163411893
3.14 20.1681142913248
3.15 46.0556918355318
3.16 12.7060202134991
3.17 10.0231018086868
3.18 14.5439430868903
3.19 24.5307335356226
3.2 26.2597331513257
3.21 17.8886753157349
3.22 22.5219832449584
3.23 18.6772339608345
3.24 21.8392814305178
3.25 3.41269286578209
3.26 33.8627699862993
3.27 27.9799307418707
3.28 17.3143158991086
3.29 20.5571886405976
3.3 8.15427738463619
3.31 5.56572003990522
3.32 15.5652223073917
3.33 7.2539562042928
3.34 31.4221122731582
3.35 28.6982986079766
3.36 30.988976390901
3.37 1.0536459083397
3.38 4.65234467761232
3.39 41.8455850584485
3.4 22.0474551444083
3.41 7.09612581301017
3.42 14.3693159438299
3.43 22.9602796153688
3.44 13.6689526716021
3.45 19.6196343442699
3.46 19.3935042617424
3.47 37.1870762136159
3.48 25.3320003721818
3.49 19.8610782288141
3.5 21.451652814856
3.51 24.6855574735443
3.52 24.0409697982118
3.53 37.0986412519967
3.54 14.2020976494955
3.55 41.0667354907079
3.56 15.9481248703439
3.57 16.3950605406532
3.58 20.8047446129864
3.59 2.54488958061057
3.6 36.4786899861309
3.61 32.9036521985181
3.62 13.7939336291871
3.63 38.6065052721938
3.64 26.708601968823
3.65 20.6528040645364
3.66 29.9545849414612
3.67 20.588074665574
3.68 24.6430944100865
3.69 7.7211485097076
3.7 11.4070322767987
3.71 30.516957816082
3.72 35.0452915714963
3.73 27.010475431425
3.74 19.3099773211405
3.75 24.4820804643908
3.76 22.2496598428613
3.77 -1.55567179738865
3.78 35.2158024226635
3.79 13.168578453679
3.8 17.8586338231058
3.81 28.6623202451239
3.82 24.1981251728185
3.83 33.4234678871496
3.84 14.3847633483438
3.85 17.9383569075599
3.86 38.1810605064749
3.87 22.1778673814926
3.88 28.5776655931625
3.89 30.2483253003756
3.9 24.8408861539128
3.91 31.6586003016088
3.92 36.4211316788675
3.93 32.6902777378581
3.94 39.2525088856447
3.95 39.8767175144129
3.96 18.52962875042
3.97 31.6889874873775
3.98 28.5088753559009
3.99 8.57449840613685
4 13.2683579304778
4.01 38.8209503399397
4.02 28.9506934044523
4.03 24.346919169887
4.04 26.7517373964416
4.05 12.3139041898544
4.06 -5.73309252205893
4.07 24.5309976824571
4.08 22.2824773068723
4.09 21.2020865847369
4.1 28.8220339375281
4.11 32.3360585358081
4.12 39.8230177074631
4.13 30.4624412094203
4.14 34.3628520097705
4.15 17.5565724244014
4.16 41.9005714382731
4.17 23.5429945924074
4.18 25.3307698428555
4.19 31.452822908687
4.2 27.7004866717144
4.21 36.9862292292782
4.22 30.8966776304975
4.23 29.7743296499992
4.24 36.7553680777808
4.25 25.5440504584471
4.26 25.0127446673072
4.27 22.9837461850223
4.28 24.2683352909353
4.29 30.6470260683587
4.3 15.0248537829559
4.31 33.0464596420026
4.32 36.5057124766371
4.33 14.0380649460905
4.34 13.6390199402958
4.35 31.6276680938057
4.36 24.9611455984103
4.37 29.8760133872554
4.38 29.8381224625783
4.39 10.8830235926376
4.4 18.3154092859661
4.41 41.2238838726706
4.42 45.7716588534464
4.43 37.4616035891078
4.44 41.8679269233102
4.45 44.78339219663
4.46 47.7727614343184
4.47 22.6088793252411
4.48 32.4136149096194
4.49 38.5297701227605
4.5 32.9253443225799
4.51 37.1988543000265
4.52 51.2690660670801
4.53 51.4933603405865
4.54 28.6348869882457
4.55 32.3070633379605
4.56 47.593085142248
4.57 22.2802654436717
4.58 16.4069327353269
4.59 20.1786025496431
4.6 42.8457570701901
4.61 17.9274430279844
4.62 41.0041804452682
4.63 23.8770818324981
4.64 7.92512152761176
4.65 45.9109840610324
4.66 23.3289192346507
4.67 17.592435037195
4.68 14.0804610639918
4.69 28.4275352941586
4.7 62.2753390526644
4.71 42.9957477629473
4.72 34.5778994005745
4.73 21.8452922962398
4.74 24.8021090139798
4.75 33.5460435261461
4.76 20.3303970632902
4.77 53.4485134435312
4.78 30.7996163341246
4.79 15.4165600497342
4.8 21.9980489449641
4.81 28.4881179350218
4.82 44.9157332536101
4.83 21.117105141276
4.84 26.1891959028152
4.85 27.0867639154314
4.86 8.96095239118745
4.87 30.3026967376847
4.88 41.7227101424684
4.89 39.3131742945748
4.9 37.7202858993446
4.91 25.3649276486843
4.92 48.7799254928611
4.93 36.8976014876644
4.94 21.7513759514435
4.95 32.7123957664755
4.96 38.9429585202959
4.97 18.8901847203999
4.98 15.5285059951908
4.99 41.4467517583787
5 21.9700416289354
5.01 20.3779185288654
5.02 36.6741489775749
5.03 37.3187071300687
5.04 14.198526055882
5.05 26.0297057463537
5.06 32.3011864168642
5.07 28.8038031562871
5.08 22.0854466417803
5.09 25.7283668576776
5.1 44.52770514943
5.11 14.0330098345353
5.12 29.4092537445632
5.13 40.5107113687989
5.14 19.9667020806342
5.15 42.639321558495
5.16 25.6231221006648
5.17 42.7111644249759
5.18 24.354523457362
5.19 22.8468768261425
5.2 16.765799655181
5.21 31.217934515883
5.22 22.6365683113446
5.23 33.984040995419
5.24 28.793164707578
5.25 42.3245841595549
5.26 44.1331707205992
5.27 20.0255145375332
5.28 25.6117486782707
5.29 32.2199553946486
5.3 39.381898297706
5.31 23.804794114749
5.32 56.980785034746
5.33 31.0394231795858
5.34 27.7074237748595
5.35 26.3531561804404
5.36 42.0905331399039
5.37 10.1976538151177
5.38 36.1868723880884
5.39 22.963380949022
5.4 30.4629232390997
5.41 32.0802274604815
5.42 36.4066772218558
5.43 25.2250133054017
5.44 30.9646545698007
5.45 18.3849456512769
5.46 26.8491889010024
5.47 28.4628566971129
5.48 17.1000549634326
5.49 43.8771495573703
5.5 28.859500216718
5.51 34.0306314274145
5.52 25.0632500255424
5.53 13.7220671163223
5.54 26.1127823736694
5.55 26.3819220934698
5.56 27.7235168161584
5.57 38.2634822388717
5.58 26.27692427042
5.59 36.252789003215
5.6 32.9621136371535
5.61 46.3908946985082
5.62 32.9474445935343
5.63 16.9855223320193
5.64 27.9172291587392
5.65 17.8912207207697
5.66 58.3569404675093
5.67 44.0922221930976
5.68 26.5154280197056
5.69 49.3149005087911
5.7 29.5896942264232
5.71 16.7168621381577
5.72 38.0667080611103
5.73 23.3627223126648
5.74 34.6382867539851
5.75 41.6974091309307
5.76 43.3386907680535
5.77 37.2499044657479
5.78 52.9120913414349
5.79 31.0093732272909
5.8 19.6960019137484
5.81 45.8797258741038
5.82 43.2478438287335
5.83 31.0335134983838
5.84 43.4713836779398
5.85 33.9433070105745
5.86 45.8350663962191
5.87 13.7892142703259
5.88 33.4438606264251
5.89 32.5839955487346
5.9 42.5803374346949
5.91 43.2279780609579
5.92 33.7327007750022
5.93 45.0835937214779
5.94 22.8096769788483
5.95 34.5607394042733
5.96 25.3174685602031
5.97 30.0438683822511
5.98 31.111225235395
5.99 55.4679807281651
6 50.483416842504
6.01 43.4687714986886
6.02 41.7164136307826
6.03 38.4280208781014
6.04 32.5110342469242
6.05 28.6394325227779
6.06 14.3903218403474
6.07 47.057638757679
6.08 24.8034187957852
6.09 31.1943520684249
6.1 50.3481482545807
6.11 36.8941894830959
6.12 47.9384413908921
6.13 44.3873406216475
6.14 36.6816093324465
6.15 64.1414625370065
6.16 47.1735946202012
6.17 41.1107940465736
6.18 47.3769497830444
6.19 41.2554239957979
6.2 53.3839120790258
6.21 17.0426596875252
6.22 52.0060196383479
6.23 56.5336837108263
6.24 45.6612580896402
6.25 51.0680409040309
6.26 33.793809224882
6.27 52.5341553018489
6.28 29.0140070308829
6.29 48.1268948114605
6.3 36.3076831038231
6.31 20.8596905110202
6.32 20.7008365737092
6.33 23.1040048696239
6.34 30.4592272115826
6.35 49.6315857587788
6.36 40.524736148862
6.37 48.9715968661427
6.38 57.0340415014074
6.39 53.2547141484068
6.4 40.6533805488898
6.41 31.322124343987
6.42 38.8211844830281
6.43 48.9605409414274
6.44 24.8326656660329
6.45 31.776571457964
6.46 38.0876606274969
6.47 40.699093948115
6.48 42.92353812703
6.49 44.0014860569096
6.5 31.2469520836041
6.51 43.403298691293
6.52 46.8179245518644
6.53 29.0436605152626
6.54 28.8004966881111
6.55 48.4310551232234
6.56 41.8657195684192
6.57 26.7405654921509
6.58 27.7501000738966
6.59 29.8298705352289
6.6 42.9433648325373
6.61 37.2816961602445
6.62 55.4003637494777
6.63 63.2874946275029
6.64 45.2939976577067
6.65 37.0555449796697
6.66 64.5094060035154
6.67 29.2242560873925
6.68 42.6124949821233
6.69 38.7439405369803
6.7 41.9057458997631
6.71 49.2826534042171
6.72 60.1685927066087
6.73 41.6484783150134
6.74 47.8894318632377
6.75 26.7208059686863
6.76 28.8505253490656
6.77 58.8366061226651
6.78 47.773010173595
6.79 38.2092019869523
6.8 47.8282006318246
6.81 32.8808437467851
6.82 35.8649001983295
6.83 56.8856672439362
6.84 46.1703169353766
6.85 32.4391989186452
6.86 40.1351254308003
6.87 29.0087503571239
6.88 32.3940860814355
6.89 24.4121558580637
6.9 40.3087763741996
6.91 52.2003744386673
6.92 38.4684245437821
6.93 42.2073348957956
6.94 23.9679659503733
6.95 29.5604973507157
6.96 52.5016043766105
6.97 34.9095850695178
6.98 36.6741817422562
6.99 28.491454207425
7 44.8531489107079
7.01 29.4427767795585
7.02 39.2134490638398
7.03 51.1604683135398
7.04 47.9650314427546
7.05 42.1182351955281
7.06 27.1364197984496
7.07 52.7957581454126
7.08 18.9040040847941
7.09 55.4249449974669
7.1 59.1306934081155
7.11 39.1069642937821
7.12 30.8350119081205
7.13 40.1763407243335
7.14 54.6861429445961
7.15 32.5343114860832
7.16 39.1761861206337
7.17 48.8026890175303
7.18 34.3657950000936
7.19 44.9854064500208
7.2 27.8150257599877
7.21 39.3309327107746
7.22 33.5143612617879
7.23 50.4267244986372
7.24 45.1755211514424
7.25 41.6132193646882
7.26 59.038767820931
7.27 44.6586497405345
7.28 49.9374527368941
7.29 38.9814281959423
7.3 34.9653685708906
7.31 39.2159330262783
7.32 36.4644608994428
7.33 54.7376834650894
7.34 49.4032184518226
7.35 19.6494927365391
7.36 39.0969899422642
7.37 41.3987062146933
7.38 56.6117404409636
7.39 31.0834188578719
7.4 52.5020097029614
7.41 48.754428341745
7.42 34.0130216766496
7.43 36.6193246011622
7.44 45.6163205015193
7.45 47.4463013251217
7.46 41.7302111251747
7.47 55.0935298954245
7.48 19.6445197012874
7.49 46.6973167154865
7.5 33.1449926740349
7.51 34.0414666975846
7.52 43.9090336448879
7.53 22.7151639625973
7.54 46.8577737834596
7.55 51.0945736255806
7.56 54.9243387342156
7.57 62.5513721540701
7.58 61.6632428409206
7.59 66.5600267517015
7.6 46.9428111978981
7.61 32.1886149559319
7.62 52.0454137343112
7.63 46.384413911938
7.64 40.1544911736679
7.65 30.5888072842763
7.66 25.1603715055772
7.67 30.8608072894425
7.68 26.6372152074617
7.69 34.9736014503975
7.7 44.3563664479073
7.71 45.8394330850266
7.72 23.5347486641541
7.73 46.1435095040587
7.74 35.9551004607671
7.75 40.3154732989115
7.76 47.4442307208168
7.77 39.6627260954935
7.78 46.2754601282255
7.79 43.2028511835533
7.8 65.8402186565051
7.81 35.1858379051709
7.82 50.730319353213
7.83 58.7760428513778
7.84 29.979351527643
7.85 51.156797031366
7.86 26.5261497606321
7.87 60.5190612589772
7.88 36.1272294332057
7.89 51.5873567425792
7.9 58.6820066985273
7.91 44.1628439303981
7.92 38.8568635877426
7.93 41.0957312939282
7.94 66.1074853143916
7.95 41.562589176059
7.96 40.68470260895
7.97 47.5216044629079
7.98 50.1202737154302
7.99 44.46695089561
8 52.6007086540612
8.01 50.2681771559923
8.02 28.6596720494926
8.03 45.4001463178985
8.04 48.8204336067397
8.05 50.3440214592844
8.06 39.8195262480676
8.07 40.0328699344927
8.08 39.4964420136713
8.09 39.571917196674
8.1 61.9237464794397
8.11 43.9417646054595
8.12 33.4907208392184
8.13 41.6226853489015
8.14 37.2696958505685
8.15 38.2495064386421
8.16 51.5236049498688
8.17 37.7249711753533
8.18 35.5220484109107
8.19 33.4292069100466
8.2 50.0598737804407
8.21 48.3496707851577
8.22 34.7354807133075
8.23 42.4594389076787
8.24 49.1101626951338
8.25 30.8341542765762
8.26 41.0046592051098
8.27 46.4688297059401
8.28 38.4981177099787
8.29 54.146102164666
8.3 59.7079577462043
8.31 67.8904517968256
8.32 37.4181123179419
8.33 68.1172152906346
8.34 47.6314265867619
8.35 40.5343527538359
8.36 41.6163071648454
8.37 39.1662385171388
8.38 55.6342280422332
8.39 40.8095896826728
8.4 43.2428025757328
8.41 53.4577526685948
8.42 61.007036418855
8.43 49.7097094284201
8.44 65.4516976039714
8.45 53.235130667252
8.46 21.9417115697622
8.47 40.9256108465216
8.48 46.8254079298188
8.49 42.1495040537678
8.5 58.8382272512017
8.51 38.0426019822216
8.52 48.457658872788
8.53 60.6148360626078
8.54 58.6577293576696
8.55 38.7338686086268
8.56 48.1242574480029
8.57 55.1976899883818
8.58 82.7475618874562
8.59 28.8933859043689
8.6 26.0595596818156
8.61 57.1045858783792
8.62 65.1725584668558
8.63 44.0090685449588
8.64 41.5501217721839
8.65 30.6086501749076
8.66 48.0660727078126
8.67 43.3641699267663
8.68 36.3660357763166
8.69 52.384291421168
8.7 49.3428207783862
8.71 45.8873402563016
8.72 50.4344831505965
8.73 45.8762768985292
8.74 50.4296937648739
8.75 53.2788537805389
8.76 32.1832483755225
8.77 49.9042236775079
8.78 34.7595437308396
8.79 47.3607968300612
8.8 41.87184074772
8.81 50.5344120885142
8.82 51.5140020115923
8.83 38.7332097561811
8.84 48.7044906977858
8.85 55.2197086083521
8.86 49.4085895367484
8.87 35.3075730035446
8.88 71.0922038399418
8.89 53.4428171200899
8.9 43.0678962929507
8.91 70.2680875770536
8.92 63.9159342363043
8.93 26.4095279894696
8.94 58.2858026974986
8.95 59.4199101301638
8.96 37.777005945633
8.97 64.561728340045
8.98 38.415981964232
8.99 37.2557333690297
9 50.3916039612784
9.01 50.556411905035
9.02 52.3376059309568
9.03 57.6682058519966
9.04 47.5765267512081
9.05 46.9975330315554
9.06 45.2169061650959
9.07 42.6833630718095
9.08 55.9093306621087
9.09 48.8642141561944
9.1 53.2448442253867
9.11 52.2249953765105
9.12 63.2341059688978
9.13 47.101106771921
9.14 37.6600049879342
9.15 55.3634017771942
9.16 60.8092458900443
9.17 56.0369090895389
9.18 66.489299626182
9.19 67.2057825499527
9.2 48.810727762884
9.21 56.4393929222074
9.22 60.0944674381167
9.23 62.2594831436158
9.24 55.3964921503283
9.25 38.1845570892204
9.26 58.4799743412458
9.27 42.1906138171248
9.28 61.6639237259866
9.29 50.9264467406028
9.3 51.0118923123463
9.31 69.1791095414735
9.32 38.3963856068705
9.33 72.9457859184663
9.34 67.0637719579714
9.35 65.9901262270998
9.36 32.9821606798322
9.37 58.225853358452
9.38 41.9588875072728
9.39 46.3731753498311
9.4 48.1014240370747
9.41 45.8047574540449
9.42 46.2868832510704
9.43 49.4939024804561
9.44 44.0662741698543
9.45 61.1803583927648
9.46 46.8885295146765
9.47 52.4168255935244
9.48 40.7608539947377
9.49 52.6358673541115
9.5 61.5098425817298
9.51 45.7250393906343
9.52 50.372313138787
9.53 59.4901662495001
9.54 44.9014470192556
9.55 40.8596398990744
9.56 57.3911128536595
9.57 53.7765802258586
9.58 54.3474661232207
9.59 57.0563876822357
9.6 46.8734603516622
9.61 65.9224329251145
9.62 55.7051586630269
9.63 50.0959008535542
9.64 55.4360215060462
9.65 49.6837306708363
9.66 64.3957053030922
9.67 36.1447811367241
9.68 60.6876607731425
9.69 52.0058110132462
9.7 61.8313630886094
9.71 37.2891010826638
9.72 61.140883086946
9.73 45.0069891864375
9.74 49.7613579847032
9.75 71.7278494436048
9.76 49.2211122422229
9.77 65.9562736309862
9.78 63.3093459178798
9.79 71.7478309352357
9.8 62.8281889451169
9.81 44.8626498066562
9.82 56.1307589744613
9.83 51.5062562185738
9.84 62.4593402816348
9.85 65.8321466166238
9.86 53.3228200184581
9.87 59.5509304260528
9.88 54.0724723684657
9.89 41.9586479943769
9.9 35.8762353555989
9.91 67.7428902446563
9.92 65.6725598707023
9.93 51.1321762545688
9.94 56.2414917701581
9.95 39.4515359353006
9.96 54.0572033854233
9.97 47.2981659500111
9.98 47.4909227699936
9.99 49.3952931391983
10 61.2485097108051
