0.01 -0.584145246730016
0.02 19.6264714014451
0.03 11.4149046894513
0.04 8.0179993838537
0.05 8.19064576425567
0.06 4.19543073291434
0.07 -7.10399341973701
0.08 21.7996210573895
0.09 7.59290792311896
0.1 -4.78252800510394
0.11 8.07130529418648
0.12 4.59131399492276
0.13 9.29177398786504
0.14 9.28666621231682
0.15 -1.42113143115132
0.16 18.9332225304763
0.17 7.98258033666156
0.18 11.7437196046939
0.19 11.5224727202568
0.2 17.8143008316402
0.21 10.4288802567905
0.22 18.0802220518375
0.23 9.47628967641683
0.24 -13.0450282243971
0.25 -14.811452994331
0.26 4.19070080596336
0.27 10.0670490716122
0.28 0.430786492591921
0.29 -6.42982538945311
0.3 12.1331895906652
0.31 10.0135730027541
0.32 -7.02616106443696
0.33 14.2540450206872
0.34 -1.31046144633299
0.35 14.0615084961495
0.36 -2.82570963363968
0.37 9.29084108606221
0.38 0.982504334354123
0.39 -12.6467674381423
0.4 5.95433636627931
0.41 31.2803375979125
0.42 19.9512344010237
0.43 18.8750167058316
0.44 20.3345616325988
0.45 -5.76213135998477
0.46 27.2947179159152
0.47 8.93706594950315
0.48 9.10161340558102
0.49 20.2361372254559
0.5 19.9237858537669
0.51 29.408749215897
0.52 22.2284712577189
0.53 16.1015348763488
0.54 16.0381980150262
0.55 3.74035641030673
0.56 23.4495459606098
0.57 6.82912643676148
0.58 23.93404507624
0.59 9.6352732953568
0.6 -8.32365164968399
0.61 -6.75275673204426
0.62 7.03693046300049
0.63 4.57816293209532
0.64 -22.5089008319623
0.65 -2.62260194011041
0.66 -10.1871186685742
0.67 -4.51488777360323
0.68 17.9893942117902
0.69 4.71853760901895
0.7 -5.67054037758562
0.71 4.07613850850788
0.72 6.71545171943657
0.73 5.67096061320606
0.74 -8.12981161093871
0.75 5.41688746495638
0.76 0.192739501467649
0.77 17.3122862834632
0.78 13.5359002272025
0.79 3.03921743701069
0.8 14.135766092044
0.81 4.59116841695848
0.82 14.4344845720832
0.83 15.1626935988561
0.84 15.340594335094
0.85 1.9580878101389
0.86 -2.12368311737422
0.87 1.39817051950236
0.88 21.3786305843535
0.89 10.9946740864707
0.9 8.1526268987798
0.91 -1.39817613747483
0.92 25.6603496093798
0.93 -4.30934577885201
0.94 -2.12672066577534
0.95 27.2845951339558
0.96 2.04393654235548
0.97 4.92679002243601
0.98 2.3607925546099
0.99 -4.74037105772819
1 2.2202600252952
1.01 -4.18472197088462
1.02 -3.48305352228852
1.03 24.3438820770926
1.04 18.8725797638368
1.05 0.567515568791245
1.06 -6.03190732629349
1.07 19.9579389772455
1.08 0.760969593631321
1.09 -16.6871985996751
1.1 20.3049122512115
1.11 5.39564841210259
1.12 20.4945598733734
1.13 11.3757484091314
1.14 25.0464185622093
1.15 3.43960306265032
1.16 17.0213584742904
1.17 17.3324786037228
1.18 -6.05345936324042
1.19 10.1039722215085
1.2 12.575587859904
1.21 10.3883462965412
1.22 -1.47447948335189
1.23 1.11006910539177
1.24 20.6044536449778
1.25 -0.361949916186074
1.26 19.1985179488021
1.27 22.7317273029843
1.28 25.9413795599976
1.29 -2.16776603204971
1.3 7.13170253402799
1.31 16.0038242869407
1.32 9.98872352499018
1.33 10.1195847106557
1.34 11.0914389320073
1.35 5.34921298999283
1.36 9.02608113812435
1.37 6.15135481187344
1.38 5.24014275779114
1.39 16.314026477907
1.4 19.687299627149
1.41 18.4283070894652
1.42 19.9940855122274
1.43 23.48812352536
1.44 18.794583908189
1.45 16.1698456272831
1.46 1.08394445055556
1.47 18.1294462912923
1.48 12.2769349246525
1.49 7.78053619660095
1.5 11.1982033032379
1.51 -0.0499915014683232
1.52 3.13126753486974
1.53 26.0396232874311
1.54 14.4138879613901
1.55 33.6162786814447
1.56 12.7729427805322
1.57 -8.19985477806154
1.58 9.22407076003048
1.59 15.6835006772286
1.6 16.2193358702135
1.61 32.4313730247063
1.62 15.156575732087
1.63 6.43691068857369
1.64 3.24591980770948
1.65 22.4296952589691
1.66 12.5626935870212
1.67 0.255480765636833
1.68 29.2385571086977
1.69 6.10175010752664
1.7 8.06651558565968
1.71 28.6467068486741
1.72 19.8304309793251
1.73 14.4903193727342
1.74 33.8560830672723
1.75 10.7176699113547
1.76 7.51749125084841
1.77 20.7810163965598
1.78 2.44510333013447
1.79 10.4643946183403
1.8 22.7087301223564
1.81 6.53889806178678
1.82 18.0169670720546
1.83 25.27699097899
1.84 9.50190772173939
1.85 13.9367040598239
1.86 41.2188612532326
1.87 -2.77736766282475
1.88 8.05046653955277
1.89 -2.22364478684765
1.9 39.4360725092719
1.91 33.0292830684944
1.92 -7.85850619857904
1.93 16.4455019598709
1.94 23.098246887863
1.95 27.6048059939103
1.96 20.3172427084622
1.97 -7.97020177363861
1.98 7.10043368957743
1.99 12.0537330179778
2 3.69473760883174
2.01 8.49643315120639
2.02 10.7860687273323
2.03 15.1378581195713
2.04 23.8723026123506
2.05 29.5976736507468
2.06 16.3023117802217
2.07 4.98599276027718
2.08 3.51217479094494
2.09 22.4651005493102
2.1 31.3453000746174
2.11 17.5680002659823
2.12 23.8377014820299
2.13 19.6610392116514
2.14 9.11435837140307
2.15 7.34016341399265
2.16 9.9400885351789
2.17 7.40115288584512
2.18 -0.189542028161073
2.19 11.6970744532268
2.2 12.0585339131946
2.21 -2.33308261404875
2.22 3.48564983929037
2.23 14.1559903040843
2.24 18.2504920279116
2.25 24.3987813689958
2.26 21.6211699185959
2.27 35.8727482815318
2.28 41.0489186474313
2.29 11.8741269989008
2.3 20.2558253684721
2.31 4.17883452384086
2.32 8.85450048015712
2.33 14.8109441137368
2.34 -2.0874371843484
2.35 14.2276508960163
2.36 10.9517882411018
2.37 22.7819472251751
2.38 18.5547179386419
2.39 13.1987020402222
2.4 20.4356341237535
2.41 12.0304319120382
2.42 11.7015232376829
2.43 3.13167190797223
2.44 -10.541640961137
2.45 -2.66566373125247
2.46 1.88250840202912
2.47 24.4599117386659
2.48 1.81221875596831
2.49 33.2451565679312
2.5 22.0425285658849
2.51 14.2589309934218
2.52 21.7638579086112
2.53 5.95957182722671
2.54 23.0575906714857
2.55 23.9492483375145
2.56 3.32607866686129
2.57 19.6022305509221
2.58 5.59264999565134
2.59 17.3817356389523
2.6 16.5906294632785
2.61 26.2855912791156
2.62 17.4869754554506
2.63 48.7955345278823
2.64 16.104204092607
2.65 32.2973405711915
2.66 23.8800361463759
2.67 16.8264939187495
2.68 15.058231541425
2.69 15.9676847903978
2.7 6.42102702482262
2.71 24.8603193662392
2.72 13.8623633420001
2.73 15.9711116197302
2.74 2.41688636402035
2.75 10.0727395673114
2.76 11.5782786742081
2.77 13.5902369626825
2.78 23.8198473622873
2.79 26.3682873504431
2.8 31.2037986156233
2.81 28.1408094126628
2.82 14.9663914168326
2.83 15.2930667569813
2.84 10.7255018808352
2.85 2.34340440930215
2.86 20.12201975689
2.87 12.7953977336587
2.88 11.1097228259096
2.89 3.66385302680415
2.9 12.0468503467328
2.91 18.8625949709141
2.92 7.74255804526562
2.93 -2.93407434983612
2.94 12.8235959580943
2.95 11.3866864360226
2.96 12.9042990057331
2.97 29.9544429770026
2.98 25.5452771208193
2.99 14.8335214405322
3 14.7720073198744
3.01 29.0057426614094
3.02 21.9106477972766
3.03 14.5933147382535
3.04 41.304405532432
3.05 18.5045495074965
3.06 32.8141930505614
3.07 45.6183937341705
3.08 10.4670428724569
3.09 7.15382188473006
3.1 27.3127443936853
3.11 13.9068235293977
3.12 21.8410998544381
3.13 22.5094063400882
3.14 29.9738479337312
3.15 36.1107727319086
3.16 31.1563963522938
3.17 32.2597340204406
3.18 25.594718730943
3.19 27.095924346672
3.2 7.18145938790177
3.21 23.0896071819699
3.22 28.5085557401273
3.23 4.30163181945826
3.24 19.5395947070717
3.25 19.6655645709159
3.26 21.8470116907524
3.27 32.6552033494597
3.28 30.7017971052692
3.29 6.84155243185002
3.3 39.1459732336486
3.31 8.44007570012713
3.32 31.7058708202396
3.33 27.9293781330348
3.34 -2.95160245667927
3.35 39.3369207161228
3.36 19.3821164470537
3.37 28.4244476755256
3.38 15.4565477743498
3.39 21.3290781279103
3.4 0.751299609025747
3.41 5.08207301380855
3.42 4.88843278427611
3.43 25.3909905199947
3.44 27.2492856575711
3.45 16.2920560132005
3.46 41.1789575047921
3.47 48.7302705615807
3.48 33.0436122900478
3.49 9.07289121651783
3.5 26.9832314381403
3.51 -11.5103481815004
3.52 29.1224263502509
3.53 9.73502001887266
3.54 12.0381649278767
3.55 25.256067542043
3.56 30.6644886221539
3.57 22.5177301967723
3.58 34.6452803152219
3.59 9.95539814014839
3.6 5.89737091212339
3.61 25.0808728903309
3.62 28.457532374698
3.63 27.2260968323284
3.64 32.6797242940793
3.65 27.2269476264522
3.66 33.0903415255729
3.67 14.8106772119197
3.68 16.3208973803968
3.69 26.082522327966
3.7 28.2683898461307
3.71 12.2045636011957
3.72 8.32740479798781
3.73 16.3789675614347
3.74 20.8623606159209
3.75 39.4316955379994
3.76 24.160168390724
3.77 16.2614961827866
3.78 27.5322725965695
3.79 15.2342337957197
3.8 16.7512836150592
3.81 27.0786819835111
3.82 30.8077765069431
3.83 36.6492376572472
3.84 16.290138946126
3.85 25.4198340616019
3.86 1.36898988094451
3.87 24.9426733077419
3.88 23.3788869352962
3.89 25.0129326131241
3.9 38.1638122820894
3.91 36.3808606971813
3.92 22.4351484378519
3.93 13.1593696800301
3.94 23.3605191100103
3.95 12.5873351798357
3.96 31.5059722348677
3.97 22.6463396382006
3.98 25.4585228250591
3.99 14.7077496795116
4 20.4323784041355
4.01 31.3479702307912
4.02 32.9275035837825
4.03 21.7730029561383
4.04 14.4159253831274
4.05 32.7220761618691
4.06 36.2844134167719
4.07 29.9357914144715
4.08 19.4343888559122
4.09 23.9212915633186
4.1 16.6535938231755
4.11 25.7854147821658
4.12 29.7981786238833
4.13 20.1980746536689
4.14 11.1012000128509
4.15 46.9428708593902
4.16 41.4964776105312
4.17 54.8706032894157
4.18 37.7098952817594
4.19 8.68082256096762
4.2 12.9318979985089
4.21 22.2685004820121
4.22 26.422580991288
4.23 29.3067008681776
4.24 9.95088194552161
4.25 18.4550331361344
4.26 16.4090373596824
4.27 19.9649695086431
4.28 25.9685972121081
4.29 17.7533261229096
4.3 33.6954764833613
4.31 26.7896033532256
4.32 27.0378223116278
4.33 14.9842022169088
4.34 25.1702825619552
4.35 39.1623822388544
4.36 11.3004536006748
4.37 27.2473047353938
4.38 39.1577603769723
4.39 -3.04324312000681
4.4 35.7750148931586
4.41 27.8270418472323
4.42 40.2759964755478
4.43 22.0059421991918
4.44 19.4468469554133
4.45 20.3454922772968
4.46 23.42503464585
4.47 30.4733038253896
4.48 21.2497533243924
4.49 27.6554292966492
4.5 45.6103297450653
4.51 32.478675629083
4.52 34.1686026362096
4.53 29.2112942878957
4.54 23.120621484348
4.55 29.7032817008756
4.56 26.7954092708849
4.57 27.6089534728623
4.58 22.8210456352337
4.59 24.7603548434583
4.6 33.0744188427847
4.61 10.6171530041915
4.62 17.8661226021662
4.63 24.4486128761632
4.64 42.2612309030219
4.65 31.0260676537703
4.66 24.1529866519124
4.67 32.6921644235271
4.68 23.4607722751595
4.69 17.6285381186357
4.7 35.8630537623974
4.71 31.6822048327921
4.72 20.9709806515339
4.73 27.4116876199336
4.74 16.5884001131384
4.75 31.137122128007
4.76 21.9126652955675
4.77 27.4464994875313
4.78 19.6559404360131
4.79 32.7028347298962
4.8 16.5977366518483
4.81 14.9935286397134
4.82 34.013277486623
4.83 53.1180048170838
4.84 34.9899381376342
4.85 40.9873608801543
4.86 40.4869988244227
4.87 42.0119686103295
4.88 44.5850129092148
4.89 34.654992345221
4.9 40.5068508343234
4.91 33.3666544021877
4.92 38.5636674085659
4.93 46.2919551000513
4.94 36.0849465358047
4.95 22.4055284283178
4.96 34.8964398221038
4.97 30.5040241808893
4.98 43.9576833673955
4.99 39.9391617497137
5 20.6956060006918
5.01 17.3173494075452
5.02 33.3649505272225
5.03 18.71065006639
5.04 35.5009993385432
5.05 29.0318689657242
5.06 32.8006304866119
5.07 32.4804825280436
5.08 24.901487746428
5.09 13.4615878503824
5.1 21.0522468899311
5.11 12.7572301880741
5.12 19.6018280788641
5.13 28.675487576091
5.14 37.5369523034925
5.15 36.0260826009369
5.16 13.7968921635035
5.17 38.0508274752876
5.18 44.91874240047
5.19 32.2416624274496
5.2 51.5079324660388
5.21 25.5366617795056
5.22 31.1654257217704
5.23 22.9531647886953
5.24 24.3403135411125
5.25 27.5522125255321
5.26 16.9119671017462
5.27 40.5067712806276
5.28 43.8317240496834
5.29 40.5054874392767
5.3 14.8141984419688
5.31 45.9379446927917
5.32 29.8915576276269
5.33 36.5072542509547
5.34 48.2269381597431
5.35 31.5677134263467
5.36 37.4837952373555
5.37 24.5786179700034
5.38 42.8721607209112
5.39 35.5969596212374
5.4 35.6689856919786
5.41 33.2773427657033
5.42 41.7827778611468
5.43 31.5083148019103
5.44 23.9087965762594
5.45 22.2327466886586
5.46 31.2125930420307
5.47 28.1054113566075
5.48 32.757630603039
5.49 31.5893879377062
5.5 34.5571111436738
5.51 38.6171766470253
5.52 30.2518738322745
5.53 39.0272947617249
5.54 29.4671844788725
5.55 40.4909077407419
5.56 35.8752545427003
5.57 32.2914439762273
5.58 33.9177877035587
5.59 29.9124590835945
5.6 37.2796908731371
5.61 38.5951789260277
5.62 33.8756953206563
5.63 34.4348048883449
5.64 46.5513886297632
5.65 37.5053287991677
5.66 35.9380173358876
5.67 35.3748041066636
5.68 34.3371041986005
5.69 34.7034456271536
5.7 26.1152523511724
5.71 37.7945328867154
5.72 39.6918922868315
5.73 51.0058114691282
5.74 9.84503568120222
5.75 32.3677630649425
5.76 47.9410144849493
5.77 31.1097337346019
5.78 48.0185410381986
5.79 33.4958100031972
5.8 35.6291286070458
5.81 23.0587330854253
5.82 31.5334088735032
5.83 26.8893226814849
5.84 35.6757371729195
5.85 42.0392723965819
5.86 41.0767322409255
5.87 32.4654676206096
5.88 25.8774432690184
5.89 43.8610320552482
5.9 21.9816748885067
5.91 29.1690020887872
5.92 26.8181352677646
5.93 12.9284760983161
5.94 34.3139391874278
5.95 21.345699413529
5.96 38.9382242714259
5.97 25.4064017289369
5.98 40.4171954230438
5.99 48.8137882864442
6 43.3850035775315
6.01 48.9808044131199
6.02 37.2159907541045
6.03 26.6883112871989
6.04 59.412953803513
6.05 29.1962342273627
6.06 42.6935956925005
6.07 16.3607576444487
6.08 31.7359837077164
6.09 36.5195112767358
6.1 30.0855678691525
6.11 36.3951931375486
6.12 27.0317176422308
6.13 41.7207943517002
6.14 30.5482141525989
6.15 27.1694601004563
6.16 57.1872810974571
6.17 41.6514403487368
6.18 41.2490086795542
6.19 26.7219344384802
6.2 22.6253431450479
6.21 25.1482132214753
6.22 44.0996142081376
6.23 31.3527106532467
6.24 38.6205881179349
6.25 29.4775055172446
6.26 25.8149234407429
6.27 39.5894302149663
6.28 41.7848549073618
6.29 31.0702555234815
6.3 34.3291881602739
6.31 42.4140860665879
6.32 44.1379906581247
6.33 30.0811769487617
6.34 47.1064998715749
6.35 25.7809161820045
6.36 26.2906981218614
6.37 46.1290508593095
6.38 49.1145638332885
6.39 29.0219133468448
6.4 16.4819387118359
6.41 49.8978531386955
6.42 24.4516499839268
6.43 29.3353365304369
6.44 32.1415465009596
6.45 51.5719630736228
6.46 35.7750015582048
6.47 33.83118265197
6.48 38.5140628856124
6.49 34.9842858853653
6.5 10.9121900113983
6.51 52.1371134217054
6.52 28.5253058079249
6.53 41.3349197576836
6.54 32.7955582828716
6.55 39.1117286983801
6.56 38.6599532022463
6.57 19.978195382078
6.58 34.4743973338418
6.59 14.9239964777565
6.6 26.8162917009801
6.61 48.5342758973442
6.62 25.3445157894861
6.63 35.9435607337877
6.64 17.2013299930584
6.65 49.0406907545375
6.66 29.2466123364666
6.67 23.2990199460241
6.68 25.5179002782178
6.69 30.1340992362126
6.7 21.2167673845016
6.71 38.1872756209212
6.72 66.4887796939038
6.73 39.2440720941665
6.74 29.2492111597118
6.75 46.8103363959004
6.76 45.1808775080438
6.77 43.5426164223365
6.78 46.3604152079406
6.79 59.1028464462095
6.8 37.8085764760763
6.81 40.5834788227583
6.82 42.0382476201746
6.83 33.5804898390033
6.84 43.2389292023672
6.85 19.5880387864369
6.86 53.4594477896843
6.87 29.681183367155
6.88 60.725562286658
6.89 28.4986077781552
6.9 20.708016735433
6.91 42.7554092196154
6.92 56.5039847930027
6.93 36.5339005200573
6.94 23.8731948377309
6.95 33.3669814582059
6.96 51.1784726110127
6.97 48.8928288150666
6.98 38.6641525097216
6.99 39.1745322041178
7 65.9240299088202
7.01 18.973114476049
7.02 35.0049667983135
7.03 30.5280631676804
7.04 9.98130237581845
7.05 35.7832501253569
7.06 29.3200423090181
7.07 42.7844104411551
7.08 39.4844238103945
7.09 55.6610259526217
7.1 48.3740276691809
7.11 46.8124654954031
7.12 40.5361895418011
7.13 40.8718203973336
7.14 43.2104892544669
7.15 33.4550411629448
7.16 51.3075338342587
7.17 31.2823987109659
7.18 43.9546669226255
7.19 49.0385232925186
7.2 43.9847754322861
7.21 35.2766493036651
7.22 46.2619550557248
7.23 45.3633398059972
7.24 42.125793947086
7.25 30.031211221441
7.26 43.5060939184899
7.27 18.1210645462027
7.28 48.6253870094838
7.29 65.4211667515319
7.3 28.7521313227757
7.31 30.3678189356914
7.32 30.6352009442161
7.33 54.1034659611838
7.34 48.8359715487289
7.35 33.4664407553468
7.36 43.5936071269086
7.37 53.4021251644135
7.38 46.9348095502582
7.39 46.7738291488835
7.4 61.7937005492944
7.41 33.4112774842165
7.42 50.4842905051377
7.43 41.8334387305055
7.44 43.7320204144723
7.45 39.9138371001717
7.46 52.3626827125952
7.47 39.2204903187627
7.48 37.4435629359143
7.49 36.134546097501
7.5 36.1415764514202
7.51 46.4634830730945
7.52 28.7054030924702
7.53 51.1440993763279
7.54 54.6459357157304
7.55 60.9827039021503
7.56 56.0426820859278
7.57 37.4845596132721
7.58 56.1047089980947
7.59 29.3456027255847
7.6 39.7854199370317
7.61 42.018776880132
7.62 47.5825569211046
7.63 45.8818187264257
7.64 62.3836101702672
7.65 60.4906412072832
7.66 37.2401502185443
7.67 47.2722843718743
7.68 53.274935068579
7.69 40.8212493509794
7.7 43.1210393189767
7.71 40.7280703629954
7.72 29.1282971589212
7.73 58.2901010166782
7.74 55.9713977273064
7.75 24.2706011148038
7.76 49.6909543746002
7.77 37.108660903399
7.78 44.3015886212973
7.79 45.3105615310127
7.8 58.9644817219776
7.81 45.8853809098565
7.82 51.7365622809824
7.83 67.5765595374056
7.84 55.1473096954564
7.85 59.6341487446104
7.86 64.6425169649652
7.87 54.4268932628173
7.88 48.6386179863608
7.89 41.9190836177615
7.9 50.1800688004457
7.91 40.1242609868412
7.92 43.67770124857
7.93 47.3791536824179
7.94 48.0387935405489
7.95 43.3499976776594
7.96 38.1221265022855
7.97 48.3244626452112
7.98 66.4327129311535
7.99 31.6003897658079
8 67.1324080112479
8.01 40.3506954427429
8.02 43.5249243262065
8.03 56.9039952683481
8.04 54.3316102603911
8.05 38.7953608968414
8.06 30.209901477164
8.07 26.6223885422242
8.08 49.0848303220322
8.09 34.8790546802774
8.1 54.2572163590526
8.11 36.5535777894468
8.12 33.2008510621542
8.13 56.5061279316509
8.14 43.9164146421805
8.15 59.8462987466147
8.16 58.8635797080434
8.17 54.9704433568029
8.18 55.7034346366388
8.19 32.9485497080827
8.2 45.729115934054
8.21 45.4363472953196
8.22 55.1957371985142
8.23 30.6442513202871
8.24 51.1899996635555
8.25 32.8270641871843
8.26 42.2337295699555
8.27 44.3140262828242
8.28 40.0216188875528
8.29 40.269124157127
8.3 46.0512861539046
8.31 54.5492141401237
8.32 42.7614496017164
8.33 50.7981990436672
8.34 50.0514567464859
8.35 32.526003063828
8.36 38.0999563954339
8.37 47.8713075366346
8.38 38.909923798133
8.39 47.8413266203183
8.4 39.067223898015
8.41 42.5431864416935
8.42 40.5642901997622
8.43 40.5156702066921
8.44 42.9273537279066
8.45 41.6593827882424
8.46 50.3058394208437
8.47 49.6940653718969
8.48 47.8639822967263
8.49 36.2428871735895
8.5 59.3478889244047
8.51 44.84737048129
8.52 51.5362857808548
8.53 58.305604980805
8.54 45.2458732338156
8.55 58.0195219657442
8.56 38.5399021617598
8.57 24.9426528772868
8.58 47.1239068452751
8.59 52.5029556889998
8.6 51.2134623824951
8.61 55.1178187734004
8.62 55.0586959777086
8.63 52.6371124219963
8.64 39.2173992982604
8.65 38.6096631434332
8.66 47.0625747045337
8.67 48.9540373656789
8.68 46.2831567012105
8.69 52.3606929176603
8.7 52.8350133061305
8.71 61.6003273367708
8.72 66.3605686981572
8.73 69.6926938224455
8.74 45.3819706243824
8.75 55.71939563711
8.76 51.9400525272221
8.77 44.3654678101989
8.78 54.5186468746906
8.79 56.8078741540995
8.8 55.6432582140047
8.81 31.833408989944
8.82 57.9417261993102
8.83 48.2512620459838
8.84 36.3659784264903
8.85 60.0842873859067
8.86 31.7951947171315
8.87 36.6896976628542
8.88 53.3405946948843
8.89 33.4519008259637
8.9 55.8388217299552
8.91 46.4112470626454
8.92 38.2057176316953
8.93 45.8329595002701
8.94 70.2676666446432
8.95 38.6452319794464
8.96 30.8460211244703
8.97 61.2332488133214
8.98 52.7574939802746
8.99 37.4042944454659
9 47.4024407775118
9.01 33.6340478920436
9.02 46.7696238164521
9.03 39.8222176334431
9.04 56.7398663341191
9.05 54.5439229679009
9.06 56.8315670619392
9.07 59.7424971918374
9.08 50.683016843486
9.09 45.0649950021151
9.1 52.7021477421649
9.11 38.6112359042526
9.12 64.3411620606882
9.13 40.7082533367401
9.14 37.7915854168801
9.15 60.135782967496
9.16 49.8474878804222
9.17 50.5255226041578
9.18 50.96824121363
9.19 32.9278353877693
9.2 53.6390591955873
9.21 48.4564072581469
9.22 51.2619903323333
9.23 57.3071934392321
9.24 43.1650347639485
9.25 33.7064182251627
9.26 45.4225715305552
9.27 45.4692077472741
9.28 48.6741999035021
9.29 56.0723402222496
9.3 50.1011437508232
9.31 44.1736682714493
9.32 62.563588549971
9.33 46.9190993736147
9.34 47.6555147705345
9.35 47.184542083357
9.36 54.9352438003336
9.37 64.7919537103199
9.38 65.336985600688
9.39 54.1111283780122
9.4 68.5855047588755
9.41 60.3944882506835
9.42 54.4155072140723
9.43 53.507888611436
9.44 48.1996702937619
9.45 63.166076465927
9.46 42.893685928477
9.47 32.0474872458256
9.48 51.0756537803211
9.49 53.135230349985
9.5 46.1377972322236
9.51 64.6575152935682
9.52 50.65561825789
9.53 52.2606605950244
9.54 48.7313092155211
9.55 53.2198982450555
9.56 41.1607546464747
9.57 44.8211479258134
9.58 53.9376138683641
9.59 58.3408539646103
9.6 66.0151970107964
9.61 37.8065107511533
9.62 51.1199630779937
9.63 50.3335673167474
9.64 52.1445964777108
9.65 64.5994196356367
9.66 55.4556271476134
9.67 55.0040140448231
9.68 63.8089337365676
9.69 50.9858331654119
9.7 59.5368035657665
9.71 54.1906340406312
9.72 54.6107434476395
9.73 51.6269565181215
9.74 36.5543807267509
9.75 47.9421182962178
9.76 53.3530536912918
9.77 60.2638308006974
9.78 58.8913756203948
9.79 55.8182329430122
9.8 55.9494185708424
9.81 58.3714324519877
9.82 43.8100936467546
9.83 68.7484397995425
9.84 67.6784616074714
9.85 63.8385360750513
9.86 64.4805153672203
9.87 52.2986317892928
9.88 42.261521402367
9.89 53.0423123520224
9.9 62.782681643299
9.91 60.9458004902996
9.92 80.4232299560407
9.93 64.5608115056224
9.94 46.0080672620068
9.95 57.815365658222
9.96 48.5142224197467
9.97 49.7130691331679
9.98 50.5787962761868
9.99 53.8103321978608
10 59.8365249181649
