0.01 6.37570703242866
0.02 2.32276509620187
0.03 -17.101389455036
0.04 -4.37530306015551
0.05 2.98239490753037
0.06 10.6377241355225
0.07 6.60770701975327
0.08 0.151486045426983
0.09 10.4287455120019
0.1 13.1228372389111
0.11 1.0634745569515
0.12 6.08281985694202
0.13 12.2177430119219
0.14 -1.93996193746767
0.15 16.9885239862081
0.16 -19.2241899357083
0.17 -5.84642303881851
0.18 2.13834768206485
0.19 29.1299854167657
0.2 8.97571987489331
0.21 -1.68846524105288
0.22 11.696227190096
0.23 0.854322014366501
0.24 -0.377100255869092
0.25 -8.13521275898201
0.26 -0.115179832631006
0.27 4.79525716409728
0.28 31.3899831658626
0.29 17.5354119853682
0.3 13.3725658119767
0.31 -5.31592904670082
0.32 -1.37532900657088
0.33 8.7309406340466
0.34 -6.19002675725973
0.35 15.7366991445151
0.36 -3.4765512422338
0.37 2.58514847097819
0.38 -9.06004748692752
0.39 4.41067728319844
0.4 17.3804784885197
0.41 12.0693386532591
0.42 8.78562124027512
0.43 17.9688770429933
0.44 6.42643865133522
0.45 8.97268880110192
0.46 -5.37367879897771
0.47 -6.03842333566079
0.48 19.6975228843408
0.49 -1.86563399208186
0.5 -5.12011016183347
0.51 14.3526097164882
0.52 17.8618540932981
0.53 -14.8790602239847
0.54 -11.6661269970437
0.55 23.3177291551087
0.56 1.56576098746521
0.57 -1.40695226446058
0.58 14.0371062850476
0.59 16.9378913491677
0.6 8.70016629228475
0.61 12.4253212560546
0.62 -11.299040967643
0.63 19.1270242202286
0.64 14.7544186290369
0.65 8.20879323508913
0.66 13.7049941380637
0.67 3.68717652969556
0.68 12.3607903880431
0.69 6.94662189930153
0.7 2.81936357247745
0.71 -10.3070364506494
0.72 27.5493587374761
0.73 8.3755596171353
0.74 13.8430407402759
0.75 28.7137626910086
0.76 20.2341488744115
0.77 20.2383162534944
0.78 9.9991202525051
0.79 11.0497700075935
0.8 19.0403884025904
0.81 -7.77101359595848
0.82 15.6570855985896
0.83 10.4129344093455
0.84 14.9548500991518
0.85 10.6810033054152
0.86 19.1299264867721
0.87 13.5431164235795
0.88 5.44842334301793
0.89 28.7115387695402
0.9 0.601199763835462
0.91 13.6188097832414
0.92 -2.31190316044589
0.93 29.4685049454441
0.94 14.1893094979393
0.95 12.7361338664392
0.96 22.8045088393033
0.97 -11.9059547668079
0.98 23.2301159722206
0.99 5.13288430616564
1 4.1309619103163
1.01 -0.340762728542737
1.02 -7.92914588156923
1.03 13.7365216093407
1.04 -0.126828527551717
1.05 -6.16418709715905
1.06 -7.75472517824587
1.07 23.366581898787
1.08 2.909242551497
1.09 7.20890573111171
1.1 27.2895581119938
1.11 5.95234674861444
1.12 17.5942049504365
1.13 -6.64776106905461
1.14 18.2222350545526
1.15 -3.37591047253317
1.16 30.0943483257963
1.17 27.7914151486778
1.18 18.1959663844928
1.19 8.77198241011747
1.2 24.070569701826
1.21 22.5124006238793
1.22 -14.9451906857244
1.23 14.6478329128913
1.24 23.2598744971181
1.25 13.6916405268679
1.26 7.20965921229275
1.27 6.07344167885836
1.28 4.59407440087974
1.29 16.430603092551
1.3 5.69197480246662
1.31 15.0076321576797
1.32 15.0154079674627
1.33 5.11140424370692
1.34 14.4227635673157
1.35 4.57225530095648
1.36 4.34074526693996
1.37 9.05502615675142
1.38 0.960293770971827
1.39 9.74276912738311
1.4 27.5308694458838
1.41 27.5024300970106
1.42 13.4082971333638
1.43 8.50938505056063
1.44 0.819614806841678
1.45 -4.12094555374549
1.46 10.0708257213118
1.47 18.5504276452771
1.48 20.8941433548768
1.49 13.868619605265
1.5 21.6730534540993
1.51 14.4824024500133
1.52 25.8822518586754
1.53 2.29408375568852
1.54 23.4618797346399
1.55 34.5951486169106
1.56 14.7671466028667
1.57 16.9020922230597
1.58 14.1448462415943
1.59 8.13674594716382
1.6 12.0953931722839
1.61 26.1698456668784
1.62 20.300029626593
1.63 10.0953251053051
1.64 2.79795256280735
1.65 26.3664353988498
1.66 8.33439284181918
1.67 11.2441725953297
1.68 -3.03135678715084
1.69 6.9359130064344
1.7 19.8068905839554
1.71 33.393883078259
1.72 17.252692374991
1.73 22.8424752933318
1.74 12.6873618736102
1.75 15.7751478297096
1.76 17.9772929367135
1.77 3.13291374569071
1.78 21.2714924527402
1.79 -3.24182687259696
1.8 25.6326071512836
1.81 1.74499021763716
1.82 23.4090591734897
1.83 -2.93608261664952
1.84 13.7082476352128
1.85 33.5747927602959
1.86 23.1706518791317
1.87 11.0642962501478
1.88 5.41623700074443
1.89 24.31674199077
1.9 1.85345497778641
1.91 29.0932526300058
1.92 10.6065354241245
1.93 27.58035916546
1.94 7.60991854684033
1.95 4.00522057289008
1.96 18.8434757946629
1.97 16.2303170884004
1.98 20.3935231080652
1.99 20.0448581654299
2 35.4422915919099
2.01 24.7515495983515
2.02 14.262786678465
2.03 -1.70652708560495
2.04 14.5900408815315
2.05 31.2324820135698
2.06 36.5013230107441
2.07 6.97802841542186
2.08 12.2676070996917
2.09 15.9094202737389
2.1 31.5821616325229
2.11 -5.07328406105941
2.12 21.6157320245146
2.13 19.3168957056439
2.14 35.7809028856881
2.15 10.9720612794589
2.16 20.4093379563478
2.17 7.46477424520979
2.18 16.2064916419878
2.19 25.9690144678318
2.2 3.53397945760814
2.21 -3.28339218008198
2.22 8.95553107180171
2.23 3.7880241494668
2.24 11.0595887321026
2.25 15.4287234545489
2.26 -2.43767131742725
2.27 8.05588866607705
2.28 4.00796209570092
2.29 21.5352545642806
2.3 2.72304989566022
2.31 22.8985461324326
2.32 18.3773057672721
2.33 19.7918832951315
2.34 14.7019781721016
2.35 30.6974823033134
2.36 18.329394884177
2.37 4.63335633886068
2.38 21.7217890516568
2.39 29.2363910951928
2.4 13.9309729753446
2.41 36.1195405575824
2.42 22.4156385764499
2.43 -1.47016157348818
2.44 28.1194810033671
2.45 27.9515922574031
2.46 16.7585405362675
2.47 16.034991899682
2.48 13.0117188250336
2.49 3.74450106336879
2.5 12.1848952619955
2.51 15.2957578310997
2.52 43.7449184485189
2.53 16.5335947864813
2.54 27.4646760409853
2.55 3.09304541697449
2.56 17.8541826555807
2.57 0.785532700399528
2.58 28.8995278112126
2.59 27.6822915165526
2.6 34.0427673061713
2.61 23.6881166705376
2.62 27.9587438501269
2.63 14.4082598219478
2.64 19.8911073066918
2.65 35.3754658207345
2.66 16.6163852641946
2.67 16.9031019421473
2.68 12.7465730004702
2.69 22.2552317341269
2.7 36.0270269692807
2.71 18.2415376190266
2.72 14.6271602870772
2.73 42.0830853492599
2.74 18.0551065524082
2.75 2.23003361102159
2.76 32.6572099575234
2.77 -3.66046459532697
2.78 11.4907128694355
2.79 45.3118018265442
2.8 32.2405140621379
2.81 29.4260427834939
2.82 24.0935389946767
2.83 19.7186987243139
2.84 26.1775902666031
2.85 11.5070177032925
2.86 25.1958694146149
2.87 24.4504630991186
2.88 7.93666190012462
2.89 38.0426813201376
2.9 34.0184766222521
2.91 18.1811540138663
2.92 -3.83451029158043
2.93 13.591944874596
2.94 0.746711638883601
2.95 10.5060801348897
2.96 2.05432029356192
2.97 27.8323207806688
2.98 17.4173096074246
2.99 11.9765718091538
3 15.1745847746451
3.01 26.5832135439733
3.02 30.1237383932433
3.03 21.6196076278226
3.04 15.361545032722
3.05 27.3757969194373
3.06 17.7693696108608
3.07 9.56728308943765
3.08 23.0506746619059
3.09 10.1692375210886
3.1 27.0146015876844
3.11 36.5199914808925
3.12 30.8325394298448
3.13 22.9690519698305
3.14 34.0140039620169
3.15 33.194001367642
3.16 -0.977241998362906
3.17 28.0606718777971
3.18 -0.230488572752282
3.19 13.1739695536556
3.2 28.8639645564073
3.21 24.1053440989211
3.22 30.4193503470829
3.23 31.6777112529401
3.24 45.1477677023942
3.25 15.7056535669263
3.26 11.5991676728238
3.27 24.4584000534525
3.28 25.4020220805154
3.29 12.935781420119
3.3 30.1483439027149
3.31 22.0769434505941
3.32 33.7064577544241
3.33 26.9076653631134
3.34 24.625670784611
3.35 26.3681168428766
3.36 16.2953986680084
3.37 14.3269614993601
3.38 32.2891084567968
3.39 19.0483725274983
3.4 30.2576719917782
3.41 28.8901188876715
3.42 32.3219319038064
3.43 20.9335381698807
3.44 5.85634882026184
3.45 15.6884512581218
3.46 21.1535652084523
3.47 5.70215162443714
3.48 20.8786226436716
3.49 6.39452669726654
3.5 15.6086033780336
3.51 40.1685968943619
3.52 36.2495120998167
3.53 35.285319540279
3.54 33.2112216931209
3.55 31.0538916600227
3.56 19.0773511682084
3.57 6.88871043110827
3.58 34.7837432553092
3.59 35.7598096017973
3.6 17.8304606235169
3.61 33.0549668999629
3.62 9.94750191284636
3.63 28.3960679931085
3.64 12.7530044878955
3.65 6.35646951016282
3.66 6.03296803200511
3.67 26.9370681658273
3.68 25.5690257338824
3.69 10.8188830652545
3.7 34.8192418371482
3.71 20.7311751620558
3.72 28.5981873486974
3.73 27.1365967857926
3.74 17.5693188424145
3.75 26.3375187709795
3.76 21.0725612658623
3.77 38.6811067921797
3.78 24.9194223623074
3.79 39.0218236984319
3.8 8.50606119771747
3.81 19.4473838303381
3.82 27.5269649369021
3.83 13.6591563802196
3.84 -6.83065642179378
3.85 25.9418619435005
3.86 28.3501428082253
3.87 35.7437497795724
3.88 19.5468506468683
3.89 30.7113162071714
3.9 20.7361450302584
3.91 27.4171669385633
3.92 26.354715222183
3.93 15.7595562824958
3.94 26.1472481964907
3.95 36.0346987599486
3.96 33.3361629657631
3.97 15.7984486856503
3.98 37.9939549446847
3.99 4.69932134656554
4 24.2057598217832
4.01 27.9432980732675
4.02 18.7154842844223
4.03 23.7271613427439
4.04 37.2197435636891
4.05 29.0587545664237
4.06 34.5157038082953
4.07 25.4765652929344
4.08 9.71388156274299
4.09 30.1365514782733
4.1 1.20438853158339
4.11 37.9484920488762
4.12 38.5207072964955
4.13 27.29438001593
4.14 20.122296352326
4.15 28.393414273455
4.16 26.3113606998082
4.17 23.6312439179426
4.18 23.4067974160223
4.19 9.42131819763161
4.2 23.4039461270258
4.21 18.7548488782087
4.22 31.2917474788849
4.23 19.2971670431665
4.24 35.700613528854
4.25 39.3253743926425
4.26 23.1594897256671
4.27 36.4784052838005
4.28 22.869291898386
4.29 32.4739571414524
4.3 19.6370991217214
4.31 24.695346154011
4.32 37.5589399343535
4.33 35.039740450162
4.34 29.7887538451479
4.35 24.1420071104378
4.36 24.3731263620948
4.37 31.9285913040858
4.38 35.1369549501664
4.39 27.6127317354033
4.4 22.0788091767451
4.41 25.3691013025428
4.42 16.4252388780157
4.43 41.7518137366812
4.44 14.8777261316441
4.45 28.4661048543705
4.46 26.2730531378201
4.47 9.36679438303288
4.48 30.7201361743132
4.49 25.4291255862699
4.5 33.1259599799691
4.51 21.2450815381884
4.52 24.0342736763697
4.53 22.9496461866956
4.54 49.7964182645531
4.55 33.4860592194578
4.56 27.7097037196989
4.57 29.4891160300097
4.58 39.9720746750258
4.59 34.5579668005238
4.6 28.8310668956416
4.61 41.1047240284482
4.62 17.6011326888891
4.63 21.2006724414896
4.64 26.3633438220527
4.65 19.4753585155708
4.66 36.8729367090416
4.67 34.5285664698707
4.68 16.0894686051417
4.69 22.5733276978502
4.7 36.6070653221613
4.71 25.5429768284846
4.72 31.7978805262335
4.73 39.7705826569289
4.74 39.1766568773585
4.75 11.6880808047332
4.76 43.9707515911489
4.77 43.6697412484091
4.78 47.9537018001393
4.79 31.8444282615943
4.8 47.8805607271143
4.81 26.3360008861724
4.82 25.5578516897366
4.83 29.4655685251506
4.84 27.4834276930908
4.85 44.4534106571746
4.86 26.2472531149099
4.87 34.9799766626289
4.88 13.2745450407034
4.89 13.4299543795331
4.9 34.8193104559969
4.91 33.3853721228156
4.92 45.7421003260005
4.93 36.3875953350279
4.94 26.840675644267
4.95 25.9915400265337
4.96 27.5098225354925
4.97 22.1432406068993
4.98 41.87453551714
4.99 19.9559876572512
5 22.9831874295136
5.01 14.0683147917144
5.02 47.5258707788242
5.03 16.7528891628401
5.04 41.8455821291719
5.05 41.4090590675666
5.06 25.9708531641464
5.07 32.9546502011
5.08 29.7609081280913
5.09 9.43573669152557
5.1 34.5294146707307
5.11 22.165079569506
5.12 57.4096697944236
5.13 23.3905739439144
5.14 47.7678189803288
5.15 45.8745199361288
5.16 38.5026142810328
5.17 14.0020343145271
5.18 42.0074526091571
5.19 20.965897791587
5.2 52.8866889655284
5.21 33.7848073318208
5.22 8.38061686666317
5.23 46.0984557061989
5.24 42.4151632081586
5.25 33.389971651146
5.26 43.8328712583635
5.27 51.1403997706081
5.28 26.4921944811023
5.29 25.440576300941
5.3 44.2191175098289
5.31 42.6379629330101
5.32 43.5604171871597
5.33 25.3136124236738
5.34 30.5817056803906
5.35 31.1269435222234
5.36 38.6927572728754
5.37 31.8261927718068
5.38 47.651870498904
5.39 31.4674854953238
5.4 30.9737845307413
5.41 38.0390473465575
5.42 29.469877794864
5.43 23.1935410671444
5.44 47.151531306208
5.45 30.1613564916121
5.46 36.5443050617326
5.47 33.6490789893379
5.48 37.2365262587607
5.49 36.752373685962
5.5 30.8203269901854
5.51 27.6692904432636
5.52 29.049971048415
5.53 43.6034859772765
5.54 34.8592183986593
5.55 22.0795414605946
5.56 27.3361563842046
5.57 25.2743563283072
5.58 27.7009587749832
5.59 29.9433950563996
5.6 9.46882316613736
5.61 46.6752727046516
5.62 16.8141832112699
5.63 29.7009361329287
5.64 23.5293225852526
5.65 59.165643915272
5.66 34.2733418144361
5.67 33.3441170919333
5.68 30.0681781163842
5.69 54.3629327317772
5.7 49.5021249875231
5.71 31.3785672011043
5.72 35.0403468781507
5.73 43.3012779525971
5.74 45.1389942869513
5.75 29.054920571013
5.76 31.4381643378158
5.77 35.2400703766637
5.78 39.0920527368933
5.79 41.5930460572328
5.8 27.0201607594355
5.81 27.3717586620209
5.82 39.0779680062206
5.83 28.0193411222403
5.84 45.2744386426065
5.85 37.8380715741539
5.86 38.2485473963423
5.87 21.7030911705537
5.88 45.3261459186433
5.89 28.6405805119055
5.9 29.4203363152864
5.91 26.3283683991558
5.92 33.6713150240954
5.93 57.9303786371219
5.94 32.2411392004404
5.95 38.2791096604486
5.96 35.3255774444728
5.97 50.0703201054763
5.98 21.8722932955737
5.99 62.1052572997721
6 18.8902376265425
6.01 39.9249580649566
6.02 35.1619446815446
6.03 28.0158538648016
6.04 43.0702005270751
6.05 31.0263721974926
6.06 26.2803098663358
6.07 28.0648645874768
6.08 17.8815492867696
6.09 42.6934516695161
6.1 55.4259992069417
6.11 26.4407596113723
6.12 2.60726088957301
6.13 43.2301698329174
6.14 42.927763422292
6.15 46.6782603921951
6.16 33.9602586832754
6.17 31.6583875119949
6.18 29.1123928221469
6.19 41.2321585573016
6.2 40.0780161076238
6.21 46.4940974817127
6.22 44.0540785946218
6.23 53.1323893596028
6.24 29.0038802774059
6.25 18.5119947702955
6.26 24.9854523640254
6.27 21.9034280979356
6.28 46.7923040043089
6.29 46.8977757132781
6.3 37.0304780984565
6.31 39.0476901332007
6.32 34.53208458972
6.33 24.023429347895
6.34 39.6865363144713
6.35 33.935371941469
6.36 35.5211076878634
6.37 31.0683132610922
6.38 36.6712062367058
6.39 54.475807817163
6.4 42.6307423983958
6.41 36.3828207291527
6.42 41.5302313772242
6.43 44.159304600747
6.44 37.3104699986708
6.45 35.130117639396
6.46 43.6684932573483
6.47 30.0013444055214
6.48 47.142443829547
6.49 28.4210195747117
6.5 17.0876540048683
6.51 37.5934244629745
6.52 18.4978034348511
6.53 52.9286692759187
6.54 36.3973045199916
6.55 34.7631091354182
6.56 43.3042411098288
6.57 39.0879650948028
6.58 40.4586498924371
6.59 44.2224414466319
6.6 58.9617368065188
6.61 51.2176071065349
6.62 33.4095921072351
6.63 32.1172420345973
6.64 34.218279866267
6.65 40.966289481147
6.66 46.5754623113364
6.67 18.4075258772926
6.68 49.3300912651215
6.69 31.1644034554345
6.7 50.56147584364
6.71 38.1923685911109
6.72 30.9671725285296
6.73 25.4017921782312
6.74 61.6512001089047
6.75 27.2590790820882
6.76 36.1943298347074
6.77 28.5856225330518
6.78 29.082326503419
6.79 27.2496881111838
6.8 38.106830819631
6.81 15.5330987837897
6.82 42.9680747971401
6.83 39.2902485282416
6.84 24.8892580509357
6.85 44.1921538414902
6.86 37.2658670013897
6.87 33.0564410814903
6.88 56.8996677408442
6.89 41.1224730923167
6.9 28.2702036934454
6.91 36.3729239970121
6.92 37.3577637294968
6.93 46.2593228733226
6.94 37.4817000621788
6.95 38.550123967308
6.96 27.2187117359154
6.97 17.4552975047859
6.98 37.8062188817669
6.99 27.473501063778
7 29.2463074398608
7.01 38.9961939030275
7.02 54.5400430384752
7.03 32.3148798636482
7.04 41.1660187868475
7.05 29.9477706935042
7.06 33.8256746858655
7.07 55.1293571668092
7.08 49.8457584251997
7.09 37.0574922532744
7.1 45.5535103871264
7.11 35.6341115317248
7.12 49.9182642022751
7.13 31.2557181040957
7.14 48.0776791893454
7.15 29.7663336503916
7.16 27.94637354061
7.17 36.3371045699272
7.18 33.8462472615903
7.19 45.2324708060698
7.2 68.5693205380455
7.21 32.7819401943457
7.22 46.9813683453041
7.23 58.1571405904765
7.24 55.4590584564058
7.25 34.1999253348867
7.26 43.9530336164786
7.27 34.1812347522494
7.28 31.9029169935045
7.29 35.9822311506173
7.3 45.4301418619239
7.31 47.3648220221127
7.32 44.1094951322746
7.33 47.8921124900251
7.34 35.2796526150827
7.35 41.6916520561548
7.36 36.8327592349646
7.37 62.1412072548972
7.38 29.2526990134612
7.39 50.4600013187421
7.4 35.2421400090274
7.41 37.4225166625396
7.42 56.671539709372
7.43 62.7588878261414
7.44 42.0280685850191
7.45 32.2209462262753
7.46 35.9054136088299
7.47 55.4771417859855
7.48 30.0825201782507
7.49 41.7682618377211
7.5 43.7598449895991
7.51 47.0456548078837
7.52 37.9395203169884
7.53 50.3852830391473
7.54 34.967225013044
7.55 56.9338807447661
7.56 36.8862806592576
7.57 54.7730834782145
7.58 30.9063778199517
7.59 47.8407412906999
7.6 42.8395643606003
7.61 46.9965448626086
7.62 57.3932839012221
7.63 45.5849462034139
7.64 50.2812305684846
7.65 30.6094411963267
7.66 30.8898213286879
7.67 63.9560010333567
7.68 29.7149318126311
7.69 53.0692092580725
7.7 40.7624660363801
7.71 49.0949392051023
7.72 51.042487558157
7.73 43.9188641738896
7.74 45.1568490772868
7.75 30.0518186691717
7.76 54.6819827275973
7.77 56.6099716499537
7.78 53.3505639384551
7.79 66.6447505729733
7.8 40.7272423106979
7.81 53.2488410086306
7.82 48.5657344006602
7.83 49.5879318361513
7.84 44.5136131536146
7.85 34.784277008095
7.86 43.2057560752569
7.87 51.0977348753801
7.88 27.3100850368911
7.89 64.2517007831689
7.9 50.4878988701925
7.91 41.1906668701005
7.92 20.1152371566095
7.93 44.0989558471526
7.94 44.3757164011464
7.95 56.6328700216549
7.96 48.632796729572
7.97 44.1933608738603
7.98 45.7847330852999
7.99 57.900244387943
8 41.6861985841237
8.01 67.2220495967559
8.02 41.2877335817352
8.03 35.5445451782247
8.04 29.0590182250783
8.05 46.7098657206426
8.06 32.3596756058842
8.07 49.3672505299568
8.08 17.3177772502184
8.09 44.8394095937191
8.1 40.2832951075844
8.11 40.4271179470113
8.12 50.3709390393239
8.13 43.3158822467637
8.14 52.9505264296266
8.15 45.1407870395393
8.16 42.4495802404466
8.17 60.4641336066313
8.18 41.4499305669226
8.19 35.7896501997558
8.2 34.6404327028284
8.21 47.7316631200829
8.22 66.1494841998606
8.23 55.4731607886695
8.24 60.9757301452736
8.25 35.7761723449526
8.26 34.6470165996208
8.27 45.371219233398
8.28 45.0072625547797
8.29 46.7906931577957
8.3 34.1748926654823
8.31 39.349428250915
8.32 38.002340325166
8.33 29.2528297535027
8.34 38.4847918722319
8.35 34.7073768882367
8.36 42.0031951176387
8.37 46.0440954814641
8.38 44.4738940382758
8.39 41.9972983610121
8.4 53.0561545009006
8.41 58.5303002856631
8.42 33.1332985343697
8.43 52.7341670792414
8.44 42.2629707470495
8.45 27.27990367348
8.46 57.8319455074206
8.47 56.463905087731
8.48 56.8681998636746
8.49 38.9664773580616
8.5 36.3992368415461
8.51 36.9598731982469
8.52 44.2417969244931
8.53 61.3569399971446
8.54 44.9446627199229
8.55 33.2027926247817
8.56 64.1763298861021
8.57 44.9480200791394
8.58 39.8039432737824
8.59 54.4074642826506
8.6 76.6394443325852
8.61 38.0200311415235
8.62 56.6948122340959
8.63 50.5377160149205
8.64 52.3133281678776
8.65 36.3414980412673
8.66 31.7606697573151
8.67 35.9218714327372
8.68 48.9465577668718
8.69 35.3470672725481
8.7 58.0093796423474
8.71 46.9202065226318
8.72 54.3947147235177
8.73 69.1880007011793
8.74 38.085941233564
8.75 54.6210541955945
8.76 59.560680683472
8.77 42.9317533345453
8.78 42.3978308915849
8.79 42.4564645647771
8.8 38.45383753293
8.81 31.4148065307816
8.82 59.6284416724346
8.83 41.9533609022681
8.84 54.6084380485248
8.85 42.5671116482099
8.86 35.9934962762214
8.87 55.3790683300282
8.88 60.6939575852611
8.89 42.1965647869539
8.9 52.1834367375591
8.91 50.0205648769406
8.92 38.3947883495071
8.93 37.0921837029785
8.94 46.8103083967065
8.95 60.9772568945095
8.96 45.533082070636
8.97 49.259340588359
8.98 56.3155503212436
8.99 62.0471839553835
9 63.164777454211
9.01 36.3768843395475
9.02 38.2168288506045
9.03 66.9457725754467
9.04 53.6448702731765
9.05 57.1632818958515
9.06 48.9353544143325
9.07 59.7794499648515
9.08 33.9552181925915
9.09 47.6914883904796
9.1 39.4795111920743
9.11 50.3588183104251
9.12 27.2120018056557
9.13 43.3606961541654
9.14 38.3699864376873
9.15 42.2528049750213
9.16 51.8349207501077
9.17 44.9092690886657
9.18 58.8545396347104
9.19 71.8598154717104
9.2 52.5692457996028
9.21 53.1893307965955
9.22 55.9037348770589
9.23 47.417400187607
9.24 64.1275264994897
9.25 57.581529218641
9.26 72.4499168101815
9.27 40.4608653270582
9.28 51.4601497022445
9.29 54.7499923205026
9.3 46.5376054383383
9.31 59.2535695648995
9.32 38.1302404076891
9.33 46.6521673694988
9.34 59.6808732534827
9.35 46.6674057489991
9.36 72.3367578922054
9.37 33.0683729404833
9.38 58.8280134898369
9.39 54.0040392167306
9.4 47.1044735702248
9.41 61.0353062868376
9.42 62.0851136660183
9.43 44.9814550291259
9.44 56.1940195572798
9.45 54.4353557829508
9.46 29.5318419185217
9.47 54.4367572981728
9.48 63.4271209145573
9.49 36.2992065110034
9.5 61.1565107673123
9.51 54.9661773632946
9.52 52.7663080752674
9.53 45.2275529725062
9.54 56.0302279812595
9.55 52.5732025126303
9.56 64.6340044678046
9.57 47.9123447557071
9.58 34.5319777706963
9.59 58.7215048418203
9.6 65.4785067347644
9.61 30.6306498549058
9.62 59.9236231480363
9.63 32.7779308034554
9.64 71.7301048759116
9.65 44.1141512110592
9.66 36.843756595913
9.67 40.6286937780765
9.68 48.4904836156241
9.69 54.5015289769885
9.7 64.2167095307957
9.71 45.1891617349375
9.72 63.7399735288859
9.73 67.84552240044
9.74 55.2120826466367
9.75 70.4202158896572
9.76 42.043909287732
9.77 61.0252121666253
9.78 41.7331783964189
9.79 59.9477505476433
9.8 64.1651245748491
9.81 55.5987039216267
9.82 62.7388716149535
9.83 51.8905064766531
9.84 51.8317650412435
9.85 57.5872742336211
9.86 56.9162769583238
9.87 64.7330382886597
9.88 64.8501356128464
9.89 54.4136286064207
9.9 36.7467203823626
9.91 65.3313499660402
9.92 41.0721787035662
9.93 45.782889846233
9.94 52.2731130280081
9.95 36.1932729046368
9.96 57.0417206079667
9.97 55.5984850183848
9.98 59.1474659967381
9.99 46.8355632598686
10 54.7647605923441
