0.01 7.41545902668981
0.02 -14.3779191440367
0.03 17.793331314091
0.04 -2.20878905695063
0.05 17.1178171474068
0.06 -6.44543194570488
0.07 2.32194915956462
0.08 5.50201989017948
0.09 17.0928384587534
0.1 11.0859310050654
0.11 3.90026253718532
0.12 -2.73346898031796
0.13 5.68958884260812
0.14 -0.18827805701828
0.15 18.2363454629709
0.16 3.01687554350468
0.17 11.7000919873294
0.18 2.16065441166031
0.19 -1.1797110027419
0.2 8.25492911290091
0.21 21.3177774327152
0.22 17.2081025541511
0.23 -7.03812504624487
0.24 -3.44722837509267
0.25 -3.77705861551174
0.26 1.55228374269884
0.27 -32.6376411323955
0.28 13.78295991925
0.29 11.5896033426138
0.3 32.9076739085576
0.31 -3.41390507914856
0.32 -10.3728199210002
0.33 12.6070787041519
0.34 9.78105954127811
0.35 -10.1907990795477
0.36 19.145496192679
0.37 7.70625638202446
0.38 9.81484670378803
0.39 14.9977437612874
0.4 -17.7636215356611
0.41 2.4290315215931
0.42 2.68219619562979
0.43 -8.52128283110262
0.44 7.89323501966576
0.45 -19.585088251696
0.46 -13.5608718834784
0.47 15.5230170972864
0.48 8.44846146430855
0.49 17.9379215472469
0.5 20.3094005580199
0.51 -8.19583714939169
0.52 1.02639542722749
0.53 14.1924050927912
0.54 6.14360729092592
0.55 17.6275938319887
0.56 12.8859927199426
0.57 3.60673216886035
0.58 19.8429851672485
0.59 14.932025644949
0.6 2.35319905169417
0.61 2.51421552738941
0.62 8.51015420633603
0.63 22.3127100959873
0.64 -5.58546001982474
0.65 4.57011136587497
0.66 20.9600390134972
0.67 -5.92002401008567
0.68 22.1651531856893
0.69 9.56791815366613
0.7 1.83221600776801
0.71 6.74897018421903
0.72 -9.29127096055021
0.73 14.974819055388
0.74 26.0051265512974
0.75 -8.95370180057015
0.76 17.7474083712776
0.77 -6.56020626591671
0.78 -2.6997126851771
0.79 15.8603672654285
0.8 31.1626137292259
0.81 -3.17787224701295
0.82 6.36233506050865
0.83 12.0919545911972
0.84 12.1303826686025
0.85 4.17438321047906
0.86 7.38691170897002
0.87 15.9567147460355
0.88 4.18045167273268
0.89 18.5669774584813
0.9 9.2876428787724
0.91 7.88950783913964
0.92 20.8104628840275
0.93 -1.07389824779162
0.94 10.8105541719983
0.95 -2.50817612676341
0.96 8.51032733950924
0.97 28.1492649636935
0.98 9.97826910062022
0.99 17.1324849057585
1 0.934478580907907
1.01 7.27674864758445
1.02 -12.8686153141921
1.03 -0.000757137818695242
1.04 14.4281065628372
1.05 10.5168670685574
1.06 15.3693658491444
1.07 -3.55476253708762
1.08 2.93590052337699
1.09 10.0347276724937
1.1 -1.88839230746075
1.11 25.5003122288973
1.12 7.64544319374843
1.13 -7.2253284227422
1.14 17.4314459363413
1.15 9.93193581389309
1.16 14.5397607690738
1.17 21.0992629942469
1.18 23.9529950405877
1.19 4.32396017650164
1.2 12.3927772035833
1.21 24.0373944757512
1.22 3.84276529858741
1.23 15.5028462440992
1.24 7.19411002180877
1.25 8.00059272190635
1.26 0.949401267253648
1.27 6.7523373352364
1.28 1.50009797222273
1.29 -8.14697418295975
1.3 6.9485654758952
1.31 4.34811780144141
1.32 28.312680724352
1.33 12.8000457504128
1.34 9.79727003349042
1.35 14.7302890267741
1.36 -3.14062675873112
1.37 12.4461540167133
1.38 21.0789925622354
1.39 6.88258832638398
1.4 14.5989493366274
1.41 16.7148803951277
1.42 -10.3000482531534
1.43 18.802067161323
1.44 27.2689395082779
1.45 0.337405713435674
1.46 4.18943887369492
1.47 8.06426018923627
1.48 -1.02980154550271
1.49 20.6126622781039
1.5 32.9618752536936
1.51 -3.89566991878357
1.52 18.8053467377078
1.53 2.83842823513957
1.54 21.7351259202133
1.55 19.3331786508532
1.56 25.6362493873513
1.57 15.7565092310658
1.58 31.0261433303468
1.59 5.5384269601358
1.6 23.0393433062049
1.61 17.6348068994984
1.62 16.7180083202178
1.63 14.0269745503673
1.64 9.85514652755229
1.65 4.06990173546754
1.66 -6.91920357573974
1.67 17.0995561019373
1.68 23.9476104325837
1.69 21.2538489921912
1.7 14.2205438812251
1.71 21.7344645854687
1.72 -3.07780931811137
1.73 21.9445159328153
1.74 18.8984443224509
1.75 14.233772966033
1.76 17.5225730362071
1.77 16.5677859513871
1.78 28.1321807854504
1.79 24.8171954252796
1.8 19.608378090023
1.81 18.0024232781506
1.82 8.08813464238081
1.83 20.9578182636161
1.84 20.2804081962517
1.85 21.0688531085562
1.86 26.7990763522602
1.87 19.6695761079683
1.88 14.3238129906879
1.89 14.5131106798072
1.9 32.2363620318637
1.91 19.2462758659987
1.92 28.6375247883069
1.93 15.6698775032326
1.94 18.0482968715088
1.95 14.5488095280669
1.96 10.2852080031994
1.97 -0.263863030843229
1.98 28.5431836514078
1.99 19.0486769312586
2 19.1683351898755
2.01 28.9623931512377
2.02 -8.74048650619942
2.03 22.6399244409335
2.04 -5.40165926680049
2.05 12.2976350801228
2.06 3.76652965650396
2.07 -0.937632745620633
2.08 4.59414808838844
2.09 -6.76812446184898
2.1 26.1952963092192
2.11 23.7356422747386
2.12 3.4296601893627
2.13 11.523071583811
2.14 24.4571589636292
2.15 29.4085583625297
2.16 -4.78636915623873
2.17 30.0548744787816
2.18 33.3813306711486
2.19 12.7920687108277
2.2 6.37366114506841
2.21 9.40216413022488
2.22 31.0858187948225
2.23 6.6696067683583
2.24 20.6252012185397
2.25 20.0324231162048
2.26 35.0374461537548
2.27 17.229534128682
2.28 26.2523611547731
2.29 8.22641388480243
2.3 32.3516936451276
2.31 10.693390810317
2.32 3.51119300421285
2.33 30.169974965345
2.34 28.3356396784166
2.35 20.4026810241609
2.36 15.0998667718323
2.37 16.4429846351921
2.38 5.36775313779643
2.39 28.6230757799632
2.4 4.51898467636944
2.41 -4.17305760915248
2.42 20.3850077863524
2.43 24.1688095710449
2.44 9.96674340154429
2.45 15.1026875758939
2.46 2.94441946911062
2.47 17.9751249924503
2.48 15.771615021902
2.49 12.3850725672038
2.5 2.9689230092687
2.51 23.1772792354257
2.52 12.0096554856827
2.53 26.0139583939245
2.54 19.8511981553536
2.55 24.8738061927764
2.56 41.5318210163457
2.57 42.5544858223297
2.58 13.8168700327387
2.59 20.5880632695691
2.6 15.8438922702284
2.61 5.15554613037531
2.62 0.637746625935192
2.63 -0.517085902289683
2.64 29.8401023088242
2.65 20.4849879783238
2.66 9.41873828317958
2.67 39.1067809255239
2.68 13.9461466947913
2.69 16.7974495992965
2.7 25.1215788474655
2.71 -1.48701993020194
2.72 13.4747040927488
2.73 21.4392623604047
2.74 13.4854281226426
2.75 3.74852515388542
2.76 3.50234534392138
2.77 19.0563631705912
2.78 25.4912689489652
2.79 7.39685841162075
2.8 39.6515646549
2.81 11.3271645271943
2.82 14.094458788864
2.83 23.6647502813837
2.84 40.3732861134807
2.85 23.8513468840841
2.86 14.1183286089408
2.87 25.4514820858227
2.88 15.9251706837421
2.89 5.66738000265346
2.9 25.8371915478001
2.91 28.5977117454203
2.92 35.7167031068861
2.93 10.7976505573295
2.94 26.5011897764315
2.95 32.4931994201724
2.96 14.0269987807111
2.97 31.8267471817052
2.98 0.0679989648869466
2.99 28.2339660021616
3 5.9956501870561
3.01 19.3653511076026
3.02 3.76735666406826
3.03 -7.56833375333343
3.04 37.8211908481412
3.05 12.3021021244819
3.06 24.8445497133306
3.07 37.0214796496174
3.08 33.9188140030664
3.09 20.5081730354547
3.1 31.3631346447435
3.11 33.3176504013207
3.12 19.7702772292408
3.13 19.8532637440769
3.14 32.3266093107433
3.15 21.4161662875415
3.16 9.53518445833255
3.17 15.4093611078387
3.18 20.3650631771519
3.19 30.6384683064421
3.2 22.0466793879687
3.21 27.4199025152607
3.22 21.0185650627185
3.23 16.0450913060154
3.24 35.8930164162285
3.25 21.5810371316018
3.26 30.7675763301277
3.27 24.2560727061985
3.28 6.4609001137316
3.29 29.5286298961398
3.3 30.1736329204731
3.31 22.641352290104
3.32 29.8382636078339
3.33 5.25145801639276
3.34 20.8147499710062
3.35 23.6694285742036
3.36 9.28629454486743
3.37 18.0890190785515
3.38 41.0118552941332
3.39 27.7369801258406
3.4 5.04332055631693
3.41 25.6248500833405
3.42 38.8551749685191
3.43 22.0343347327534
3.44 16.5571126713676
3.45 29.0461965819014
3.46 20.5107492529759
3.47 5.98388522826166
3.48 11.8181496772695
3.49 15.8224319992121
3.5 40.4610840474846
3.51 28.8008602113456
3.52 17.1388508546862
3.53 19.491785600826
3.54 16.786009288952
3.55 39.6007020936965
3.56 32.1654839720241
3.57 15.4905132195072
3.58 12.3557048459638
3.59 22.2500165498264
3.6 30.7944709556326
3.61 5.61251542729882
3.62 30.4300453300033
3.63 25.2413456518803
3.64 25.97741056664
3.65 41.4882815890103
3.66 29.5939439534393
3.67 24.2766568814683
3.68 14.9346966652724
3.69 33.7757066068665
3.7 25.6897568871542
3.71 -8.5684859164023
3.72 24.9915818481588
3.73 32.7502428000934
3.74 34.2191373815831
3.75 28.6265192794038
3.76 21.7774025134206
3.77 15.7459130752932
3.78 10.6313269523038
3.79 29.6821183476541
3.8 20.4829439792112
3.81 22.265000598006
3.82 22.5137367453119
3.83 16.6399087417696
3.84 25.2583759521746
3.85 19.2318126538849
3.86 37.5177511541068
3.87 20.0056707470014
3.88 23.9521380543888
3.89 25.265841757598
3.9 24.678278080184
3.91 26.1865749383812
3.92 35.0806813684569
3.93 34.9598218785828
3.94 33.3339810018017
3.95 32.2467011932327
3.96 4.54894292586134
3.97 25.0162927172631
3.98 24.8691101996009
3.99 6.62139860023821
4 28.3847539653061
4.01 35.4348252636971
4.02 27.9524771569507
4.03 12.4939094491547
4.04 33.7047660601964
4.05 13.1868206316497
4.06 24.1440867711227
4.07 31.1272423177126
4.08 31.3680485570315
4.09 28.2061501835551
4.1 35.492052755921
4.11 34.8940080307349
4.12 33.672383134683
4.13 54.9030366986717
4.14 9.8471561960536
4.15 31.5110065331089
4.16 30.8908628819695
4.17 17.4717972401303
4.18 22.0233029800048
4.19 11.9191000647956
4.2 22.7748763261232
4.21 21.5651898481073
4.22 13.0158638034505
4.23 25.0036202742967
4.24 30.5123163603223
4.25 24.0644019003964
4.26 28.1026363234891
4.27 35.3372546095013
4.28 20.3532134951942
4.29 13.3106370624675
4.3 31.6237411585281
4.31 29.7537801671878
4.32 27.4368478945336
4.33 41.4242694391629
4.34 6.49001044446534
4.35 21.3552536389713
4.36 40.5012731027962
4.37 44.5123921940594
4.38 18.8124472272339
4.39 46.9449290900001
4.4 18.7895942514552
4.41 8.47358685279823
4.42 12.6715628396467
4.43 21.7206273975322
4.44 36.1828728582311
4.45 43.3725430905798
4.46 28.7976770847756
4.47 23.2973452549024
4.48 48.064171569685
4.49 34.0748630330479
4.5 27.2608044333751
4.51 0.0525164071065234
4.52 29.8698395422975
4.53 23.1584567203886
4.54 46.184794109395
4.55 30.7106513048456
4.56 31.0688398555878
4.57 25.0279824533874
4.58 26.5659070368364
4.59 36.421621176046
4.6 15.1379851026291
4.61 13.4912606505439
4.62 18.8679308038506
4.63 33.4774646935052
4.64 29.6867037251768
4.65 6.46721543479882
4.66 21.5212005755619
4.67 19.0703368278436
4.68 32.2487563724651
4.69 52.9691529399686
4.7 23.8742931272615
4.71 15.0592843797037
4.72 33.3572960498586
4.73 26.1145974373859
4.74 7.36801198175902
4.75 40.7817814544975
4.76 32.4276289270105
4.77 54.9560838329887
4.78 19.8472667299838
4.79 33.003825840006
4.8 32.5186624457563
4.81 24.0264758106629
4.82 21.0398167537292
4.83 28.2041056451154
4.84 18.5554884831233
4.85 18.8533146217117
4.86 30.8101914084699
4.87 32.2344957473777
4.88 38.708369497526
4.89 24.3932495415437
4.9 27.2353849050783
4.91 28.2727064979088
4.92 41.6710883630864
4.93 23.2948754725123
4.94 21.5942651388133
4.95 18.1258643988205
4.96 37.5988206374146
4.97 10.9423213966598
4.98 29.9665285345254
4.99 12.7298724381177
5 30.6862978433303
5.01 32.7274059225695
5.02 26.3641075406197
5.03 18.1866460094279
5.04 21.2169058807386
5.05 27.4794113866688
5.06 33.6162837527878
5.07 26.7787428452455
5.08 23.3491529883429
5.09 31.3197491067082
5.1 22.2144474286955
5.11 33.7439248662531
5.12 19.9396076031214
5.13 38.1606965790991
5.14 39.7493069087113
5.15 39.8840416114358
5.16 43.2682783482471
5.17 33.7766654650285
5.18 37.1296523470506
5.19 36.8316513715432
5.2 23.1472803133247
5.21 19.1250611065934
5.22 40.2758536772931
5.23 13.4461445221246
5.24 30.2486229169636
5.25 32.9096292371681
5.26 46.4955660914549
5.27 47.4494652916817
5.28 21.0682069017243
5.29 41.8042520425576
5.3 50.000392937552
5.31 53.1989398532204
5.32 24.1256276009284
5.33 13.9792777098096
5.34 39.0278810329856
5.35 16.4103092083119
5.36 14.307375927975
5.37 41.5730974857906
5.38 21.2026010179798
5.39 43.8453754839182
5.4 44.2949742920597
5.41 30.5628620545342
5.42 45.0667858740241
5.43 34.6755413887469
5.44 14.3581152239288
5.45 34.5741097286007
5.46 13.5934489960287
5.47 45.1106219768229
5.48 39.3749244050768
5.49 26.9443893328211
5.5 24.4080188453327
5.51 40.5209120786296
5.52 33.9817333852606
5.53 31.9393152518074
5.54 19.84810086566
5.55 25.4880709805334
5.56 32.7852974803431
5.57 26.4227596428312
5.58 28.0446127530702
5.59 28.4196165069488
5.6 35.5049039313946
5.61 26.8466395142967
5.62 43.509469617424
5.63 29.3580097323417
5.64 47.2178099417531
5.65 26.2546103424554
5.66 19.4968674654658
5.67 34.7116368931538
5.68 35.730679066439
5.69 36.8243762417087
5.7 65.6842975526278
5.71 38.7474016552193
5.72 8.84722459139911
5.73 47.9871450340141
5.74 32.71264112215
5.75 12.1540960653482
5.76 29.2377848315974
5.77 18.8309820119798
5.78 39.6866292259375
5.79 51.9077227737809
5.8 38.6543469185326
5.81 40.4618192233976
5.82 23.0495992483693
5.83 27.2688197601581
5.84 35.7899953045922
5.85 26.0779973134279
5.86 33.6141511483656
5.87 40.6958232871788
5.88 35.7515738810968
5.89 47.7279713990656
5.9 38.74541016001
5.91 23.9516473914857
5.92 39.9028839489331
5.93 44.2163662286763
5.94 32.5172328671964
5.95 42.3102994867948
5.96 27.7843863805771
5.97 34.0221043205168
5.98 44.5456618366379
5.99 44.1160133084455
6 30.6418824186846
6.01 57.5725751903131
6.02 28.1211312117933
6.03 21.7667746476844
6.04 36.303909348958
6.05 13.1772168179525
6.06 45.4679647165979
6.07 30.2757205748127
6.08 24.37079647323
6.09 30.9146077950565
6.1 32.5546499752438
6.11 27.0505863694273
6.12 63.0410770850859
6.13 48.5656111395653
6.14 42.5965475697789
6.15 41.4327374096214
6.16 52.4494522734326
6.17 37.148007638324
6.18 50.1465881744749
6.19 34.948620744697
6.2 43.9908240103256
6.21 24.8918501879412
6.22 32.6019306753746
6.23 34.9536136207385
6.24 33.7168246673426
6.25 48.8990555723618
6.26 23.5652205102471
6.27 27.9495184202846
6.28 42.1309566634177
6.29 32.0539470671745
6.3 43.8698222063941
6.31 29.4357438103355
6.32 34.0450622762234
6.33 37.6675932907879
6.34 36.8018817515827
6.35 47.4766493963244
6.36 26.7523819562011
6.37 28.3286534355778
6.38 22.7671826603478
6.39 27.1480486624496
6.4 54.1952338971664
6.41 25.2589362913882
6.42 50.0272746781448
6.43 24.626731017885
6.44 46.5809614510507
6.45 48.1861896360475
6.46 54.6397317517584
6.47 38.9923064931741
6.48 29.6191461241753
6.49 21.3297903794814
6.5 30.0182324945978
6.51 47.4666581262268
6.52 55.0244644440127
6.53 36.4122253293331
6.54 43.9062273728092
6.55 53.0744193726142
6.56 53.334345535945
6.57 46.2344451194748
6.58 31.5284263033215
6.59 21.9151393008152
6.6 47.4808084762901
6.61 30.8069109058579
6.62 46.7181346536156
6.63 42.2310119962811
6.64 61.4470413797543
6.65 41.4656521918338
6.66 30.3588794064589
6.67 47.3625580032694
6.68 40.5563658348946
6.69 46.3124801439627
6.7 25.2244487188609
6.71 33.6963405195801
6.72 31.1646717226683
6.73 32.2755828458855
6.74 34.6864520386817
6.75 31.2765971968366
6.76 39.8443549597909
6.77 18.7853312963984
6.78 18.0782802060962
6.79 49.2094700026507
6.8 45.7219968735246
6.81 25.1987707868822
6.82 34.0146654098957
6.83 39.6980140327695
6.84 40.5542397987286
6.85 32.0431537661543
6.86 36.8934270256369
6.87 43.2551762629988
6.88 30.6689028708956
6.89 44.2762383860817
6.9 45.098339918386
6.91 31.8350452268637
6.92 36.4623568713202
6.93 43.1657703782561
6.94 47.0121742720118
6.95 35.4431626106691
6.96 48.560537817346
6.97 39.6325614762402
6.98 39.1574286380847
6.99 38.1633843128105
7 60.3092415078762
7.01 33.14655798519
7.02 38.0822816003527
7.03 38.4651429122579
7.04 43.3718784239151
7.05 40.1616666586579
7.06 24.7473630786419
7.07 37.7258683337846
7.08 31.268408273906
7.09 41.402848542837
7.1 37.6153006927583
7.11 24.3182754171308
7.12 21.2548938768912
7.13 55.4008789655452
7.14 50.2364198862027
7.15 39.9530628613952
7.16 51.7403574114506
7.17 40.9696461303781
7.18 33.2098372789942
7.19 52.4941160220531
7.2 45.9462896593617
7.21 50.1222666029266
7.22 40.1925423232506
7.23 37.8777265895033
7.24 46.4035306926893
7.25 47.6951669742894
7.26 43.7952822912637
7.27 43.2423248483179
7.28 43.5645994970455
7.29 31.6378440127907
7.3 33.536526509687
7.31 49.310224587513
7.32 31.3770403756771
7.33 41.6889814572324
7.34 38.2974895968138
7.35 22.4057333424013
7.36 47.8579573615365
7.37 60.5049550845754
7.38 35.0391509327976
7.39 36.0998972369241
7.4 24.5571908186018
7.41 24.761772878512
7.42 23.4130772998197
7.43 55.7386129824947
7.44 34.972888762374
7.45 28.1146396730973
7.46 37.6419202775304
7.47 32.9494653518881
7.48 39.2497538172005
7.49 56.5344340314072
7.5 35.6707733126362
7.51 56.7267911129418
7.52 52.912739327415
7.53 30.2817338241415
7.54 48.0637738654607
7.55 53.2234973167152
7.56 46.0711446879938
7.57 47.8702811021299
7.58 29.3022781156648
7.59 28.2234432153532
7.6 45.0446186961815
7.61 63.3370897283573
7.62 53.8330454065029
7.63 50.066551061419
7.64 26.0458882242282
7.65 47.3864614292778
7.66 39.4530197534925
7.67 44.7074958836758
7.68 34.4526062766787
7.69 34.8264404102687
7.7 40.1035558664737
7.71 23.3117696645479
7.72 41.0779441327926
7.73 60.8598351649498
7.74 45.0198092428214
7.75 54.7563655749403
7.76 25.8609331089974
7.77 51.3889475455885
7.78 44.4994097839031
7.79 54.6795207298282
7.8 23.6389070688732
7.81 42.0265767740797
7.82 46.4010215328316
7.83 39.7792859497026
7.84 53.3634247655307
7.85 31.0790331223611
7.86 44.3178579846953
7.87 42.8226366322519
7.88 54.9708475689461
7.89 40.835469461843
7.9 45.5541475096348
7.91 20.269346674864
7.92 48.2003670149502
7.93 58.6989173888095
7.94 58.3374330692002
7.95 60.0913466838884
7.96 47.7409618996345
7.97 52.597072572947
7.98 40.6553316933648
7.99 57.9227322555964
8 57.0104927954549
8.01 26.2527336185934
8.02 29.8165348889561
8.03 50.8545122794673
8.04 54.7865018080855
8.05 48.1623195377008
8.06 40.2795669660394
8.07 64.8770802422089
8.08 51.3498637792742
8.09 41.5962697767111
8.1 32.3020944631886
8.11 55.799208853416
8.12 30.511821391544
8.13 47.7433621004292
8.14 46.4736226883361
8.15 50.9463559680212
8.16 32.3591213068293
8.17 39.174112328492
8.18 35.815968197147
8.19 27.4307898630494
8.2 49.0581224589595
8.21 56.794497910412
8.22 63.4968435299815
8.23 49.7716029000108
8.24 46.2108628119663
8.25 47.5976092816051
8.26 48.5852245330646
8.27 62.9906982519334
8.28 62.2660994885034
8.29 38.7344640591868
8.3 46.8295706941242
8.31 65.4177553296386
8.32 60.5212917079986
8.33 43.2082811624665
8.34 59.2186016291564
8.35 44.3953916833064
8.36 62.5034027031751
8.37 30.9876754802226
8.38 57.2553488323181
8.39 51.1383562419206
8.4 37.8960729151892
8.41 64.2544016798547
8.42 42.9403048023842
8.43 52.524128807318
8.44 49.5727090954695
8.45 48.0267021117606
8.46 44.7953136945718
8.47 47.9482101625899
8.48 40.8621375752481
8.49 61.3738516831794
8.5 42.167301012104
8.51 59.4064504282042
8.52 30.9125642142538
8.53 60.4150423294451
8.54 51.8195503790031
8.55 55.3533534329664
8.56 42.0980208832068
8.57 49.4297923363836
8.58 39.533728494563
8.59 59.663770126328
8.6 51.9044965557474
8.61 38.7745574121292
8.62 51.8414910454764
8.63 55.1475280925978
8.64 44.6046176638257
8.65 36.6711284486021
8.66 61.2017779976766
8.67 55.5101562853317
8.68 45.7039171756885
8.69 49.5859287001833
8.7 54.9292703285227
8.71 40.7653112885542
8.72 63.1282436810536
8.73 50.2437595086742
8.74 52.8961905618339
8.75 44.9285844118746
8.76 53.3136311401091
8.77 69.3188120265836
8.78 68.0488737932935
8.79 36.9670622727241
8.8 36.164641167236
8.81 37.7985898864008
8.82 65.7063678883779
8.83 65.0675319188168
8.84 45.1671647189745
8.85 58.2839960595326
8.86 55.1541000106784
8.87 37.2066108009294
8.88 43.6322492642125
8.89 39.5113531621914
8.9 37.3288335608738
8.91 33.7236257086911
8.92 52.3791520687179
8.93 46.4422299831726
8.94 46.2704994975398
8.95 35.7930807154851
8.96 46.5678541959186
8.97 44.1131025195744
8.98 40.0030023595016
8.99 51.0368630595802
9 59.6344479221526
9.01 59.3782241925664
9.02 49.6696910399511
9.03 62.9263328549359
9.04 40.9903360022487
9.05 53.6603100317634
9.06 40.7629330831598
9.07 49.9000760124301
9.08 38.5150091076831
9.09 52.7788846210415
9.1 51.1568136365462
9.11 72.0381980455189
9.12 38.8914269688
9.13 70.7473858483664
9.14 47.9535059574545
9.15 49.4900182908778
9.16 52.9410009461185
9.17 57.618101832505
9.18 66.6423361504246
9.19 47.3831404680819
9.2 41.2447684831017
9.21 66.2451973529238
9.22 38.9437620110236
9.23 65.2343277290006
9.24 62.235258461539
9.25 53.0768531050467
9.26 49.4121998845398
9.27 50.7282756797369
9.28 32.0817355733663
9.29 57.3695196456857
9.3 62.3860277459819
9.31 51.1985092869262
9.32 64.3847768960969
9.33 58.033253508661
9.34 54.6736859267354
9.35 44.805186038039
9.36 46.1117891921672
9.37 49.6118251056099
9.38 48.9686816364715
9.39 59.5180083641629
9.4 52.5776964281365
9.41 44.8371200073251
9.42 53.467257692945
9.43 46.362880792774
9.44 58.3189898580037
9.45 53.4125892249893
9.46 45.7310067508527
9.47 53.4818076456559
9.48 66.8544235129831
9.49 55.8396518171013
9.5 55.9147685326536
9.51 37.8020612121479
9.52 42.0846745109596
9.53 41.2002709386582
9.54 45.9527131648565
9.55 45.9156664159289
9.56 42.676949679987
9.57 50.6536514330586
9.58 60.3156374898616
9.59 58.1669380417731
9.6 76.9522736227403
9.61 49.3628037495954
9.62 51.8487925694183
9.63 32.5835770767742
9.64 55.0781290263996
9.65 58.151722714845
9.66 54.6678792584425
9.67 59.9119019783668
9.68 59.085713928665
9.69 54.7455816392853
9.7 65.5078230904946
9.71 38.9734533452931
9.72 66.1890221110903
9.73 49.2285748598603
9.74 61.2791529663078
9.75 54.6963774627515
9.76 68.544199463317
9.77 46.5360790289283
9.78 40.7048886550773
9.79 55.9535615726091
9.8 54.6832784337757
9.81 32.7387996509778
9.82 47.3399229990954
9.83 53.3225134242641
9.84 41.045211484102
9.85 45.5933907764109
9.86 49.7963866649012
9.87 44.3162608709782
9.88 68.3747718787389
9.89 86.3696427570986
9.9 60.2433327598162
9.91 46.5332441135705
9.92 56.5061357461708
9.93 36.6905984592524
9.94 62.6273733586949
9.95 46.7704730626435
9.96 41.7710261724568
9.97 47.9670154878131
9.98 44.569374403439
9.99 53.6252453806042
10 61.7503667060725
