0.01 0.689621977536529
0.02 20.3215629070967
0.03 -1.63470298133067
0.04 -6.20621681244052
0.05 15.974427334946
0.06 8.49864091780882
0.07 15.4551337049067
0.08 6.85665668223878
0.09 -2.02610465428588
0.1 -2.94795105022194
0.11 -10.0526925311734
0.12 11.1663752912108
0.13 6.91877294445441
0.14 -7.08358392144376
0.15 -2.20545246624695
0.16 -7.25307081489624
0.17 -1.16537430719014
0.18 9.57967784510044
0.19 5.74387421991215
0.2 16.4150848354212
0.21 -0.134551036892046
0.22 -0.154277632022639
0.23 9.97855723853669
0.24 -11.6889380439474
0.25 11.0675067149872
0.26 16.6710749364522
0.27 7.36436654613217
0.28 -1.61080425933665
0.29 8.08833908174307
0.3 15.1639542747691
0.31 -8.13282309491505
0.32 -2.6102474755485
0.33 -2.99821739788294
0.34 -2.42783633086634
0.35 -4.37132346745184
0.36 -7.48609198512927
0.37 -13.1625096222172
0.38 4.64855117768923
0.39 15.9905539649122
0.4 5.3664567480133
0.41 -9.17422809648717
0.42 -3.59400627708974
0.43 -7.51129121997545
0.44 10.5588953978036
0.45 10.3151066130191
0.46 9.25809946666219
0.47 1.08883741290488
0.48 19.6397336239617
0.49 20.5605236381527
0.5 7.89426127584999
0.51 8.29104051759817
0.52 -4.59097679723059
0.53 -14.8357811687672
0.54 4.91268019354529
0.55 3.58134923459708
0.56 -3.16964704083438
0.57 1.70581330215733
0.58 4.94128967763281
0.59 5.35401332972301
0.6 17.025760330216
0.61 8.6498857244185
0.62 29.0276252457473
0.63 21.2797679786342
0.64 2.42768341250258
0.65 9.86763429809962
0.66 7.69780945499862
0.67 11.3024820783827
0.68 9.40676883701503
0.69 19.5707081820506
0.7 -0.621974051073813
0.71 -3.2067571371918
0.72 10.6805764615049
0.73 21.0261928866494
0.74 18.8220157650846
0.75 13.9626840162082
0.76 12.4990605516707
0.77 15.6185076149477
0.78 7.59232672841678
0.79 -6.55751394008538
0.8 17.1410435937852
0.81 21.1885326589239
0.82 -7.04781321706239
0.83 -9.06718710148726
0.84 0.164673826013269
0.85 4.0912124957549
0.86 4.83560085973492
0.87 3.59970899290236
0.88 7.78727482662291
0.89 1.89816850901311
0.9 3.63342211146999
0.91 5.25561592492946
0.92 -22.7426763860157
0.93 12.9112920164349
0.94 21.9544575321892
0.95 17.9686653062678
0.96 9.83591744187797
0.97 1.56981256488297
0.98 7.61513161491902
0.99 30.9939624526588
1 -5.71800397749837
1.01 8.60409812750675
1.02 3.88154351290463
1.03 2.87694948565063
1.04 9.29875901690994
1.05 -9.36205038895817
1.06 7.61150433069723
1.07 7.8984890555065
1.08 7.65160685708246
1.09 -0.211849982162485
1.1 3.83055358241552
1.11 12.2367436555489
1.12 -2.95246637262781
1.13 8.89436333898853
1.14 4.27966727743101
1.15 9.10932509016367
1.16 -8.94201259690893
1.17 7.2748442548615
1.18 -1.51923866976461
1.19 2.18657654065095
1.2 12.8259645833683
1.21 -5.13458493574316
1.22 13.3318324050554
1.23 2.24898556526568
1.24 11.7528788991094
1.25 -2.83319515866172
1.26 10.0652398120904
1.27 6.92316730373141
1.28 31.3712018231967
1.29 19.1298164884916
1.3 3.61477736051304
1.31 2.34409870975527
1.32 8.07257598911206
1.33 1.49956063799445
1.34 2.67418831265739
1.35 9.16176086589664
1.36 26.602880879952
1.37 0.601340325067479
1.38 21.2917972402164
1.39 8.3924052942564
1.4 -7.12980502765283
1.41 20.7144314975767
1.42 17.8348426116078
1.43 9.75551807634964
1.44 12.6932675493579
1.45 14.3988637387777
1.46 4.26629941835851
1.47 16.0814850649104
1.48 1.623728907629
1.49 13.9807571860188
1.5 -1.7442215214131
1.51 37.6344654641208
1.52 5.10560638765126
1.53 5.31918908493545
1.54 23.7308518421647
1.55 3.50104392350639
1.56 7.75875802258951
1.57 8.30582980842614
1.58 29.6710947892285
1.59 28.2621280278986
1.6 20.237987952488
1.61 21.8168855241247
1.62 13.7524655911706
1.63 0.354847053504365
1.64 21.4220197513534
1.65 10.9792454715238
1.66 23.1298814909389
1.67 29.9276211328379
1.68 13.6369674310533
1.69 18.1624430365251
1.7 21.9461508670892
1.71 27.865069544162
1.72 -9.97619557563404
1.73 18.4367410752675
1.74 10.7177308360947
1.75 8.64189803527213
1.76 29.3093428876155
1.77 11.1967504540911
1.78 14.8267383277679
1.79 -4.06232154017031
1.8 14.2987887770244
1.81 13.0688391329686
1.82 15.7170715257455
1.83 13.0760944003976
1.84 31.6957447902476
1.85 16.1505447770748
1.86 18.3010694548163
1.87 18.5013934583813
1.88 36.2069628428644
1.89 -2.64480515200918
1.9 25.9549958008548
1.91 23.9090308729064
1.92 27.5429913111708
1.93 2.64329705760677
1.94 6.25671257252442
1.95 -2.27549195448367
1.96 8.92273432867155
1.97 10.6990012125137
1.98 21.165381158019
1.99 16.8205365142375
2 10.9004662841923
2.01 31.8867503667181
2.02 -5.47239374249893
2.03 -0.149331038678985
2.04 -2.62834276677658
2.05 22.2364640985941
2.06 6.55481115728194
2.07 33.0464924090097
2.08 17.0568662294022
2.09 19.9086246796653
2.1 30.1651218751972
2.11 33.9948591482599
2.12 5.3251913905812
2.13 26.956331217609
2.14 18.3387959096746
2.15 22.5255480753101
2.16 14.4639635070135
2.17 6.06623952069427
2.18 12.772246957859
2.19 21.1904186767094
2.2 7.91849798519553
2.21 6.35722639513877
2.22 14.0578527049968
2.23 33.7495637488902
2.24 12.7243711152121
2.25 8.36066566360891
2.26 13.1886173558465
2.27 14.2099083325294
2.28 -3.47587028219275
2.29 -1.10055740040693
2.3 20.4210836753383
2.31 4.20022223972244
2.32 28.6290151144895
2.33 13.39759816315
2.34 -1.84977972581423
2.35 4.22592501858893
2.36 3.51965677515443
2.37 7.9023068077171
2.38 7.89302638965695
2.39 9.71516140250112
2.4 21.5405387238227
2.41 31.8839702196842
2.42 16.5955862302097
2.43 13.191210410999
2.44 11.4038005198967
2.45 29.7277619062479
2.46 13.5718394563294
2.47 12.8868608886454
2.48 27.4501239472032
2.49 7.62325970741231
2.5 -8.47832908047271
2.51 15.8539785213995
2.52 20.560942932177
2.53 20.5405697183012
2.54 16.0607116465216
2.55 4.26553664794729
2.56 12.2043879717359
2.57 26.1751598859499
2.58 32.8944760069118
2.59 13.3776354616985
2.6 38.0988842240031
2.61 -2.41838894947195
2.62 12.3760954034241
2.63 22.3132525845365
2.64 10.637014676723
2.65 24.7629592241551
2.66 5.92536872262004
2.67 19.6316955943259
2.68 25.540147403261
2.69 10.1731473914454
2.7 27.8656582555185
2.71 11.4302370176911
2.72 24.4457049398058
2.73 20.7644195389792
2.74 22.0662370530783
2.75 21.2017009581375
2.76 13.7700303280989
2.77 -1.81670474130091
2.78 18.482425727309
2.79 3.13200741595412
2.8 21.2154615431212
2.81 14.7893396877673
2.82 3.96459643418351
2.83 0.493898604041917
2.84 11.7342632070459
2.85 3.5993475326806
2.86 3.65779181626585
2.87 3.06094160981557
2.88 33.2486126495527
2.89 13.8822770155562
2.9 28.8972799908166
2.91 19.4801335743106
2.92 19.0325835308215
2.93 16.3303698467123
2.94 6.41167048051639
2.95 12.3333769509228
2.96 7.81440169817968
2.97 33.2269556064744
2.98 12.3669217058589
2.99 9.39136151868361
3 6.68153461671002
3.01 19.4934925787146
3.02 12.6868666119725
3.03 12.6667206525913
3.04 31.5138944801235
3.05 20.8400930289978
3.06 19.4021891457177
3.07 14.9134641062229
3.08 43.4432959173281
3.09 3.6707685094033
3.1 11.0243228266362
3.11 24.4792874317534
3.12 34.4093541356962
3.13 20.9966896443002
3.14 4.46255471296285
3.15 11.2841540991935
3.16 28.7112471753062
3.17 13.1571446887988
3.18 22.6126645429127
3.19 -10.3355547183133
3.2 20.472277204436
3.21 21.9379961345623
3.22 38.8597046617542
3.23 9.07279502394293
3.24 2.98297861989874
3.25 -0.214019498935755
3.26 36.6668362927761
3.27 32.4115271548483
3.28 7.62059449956436
3.29 34.9742336837636
3.3 -1.96014872538066
3.31 31.2417867131311
3.32 10.0773443662849
3.33 11.6751449974882
3.34 36.4605357511971
3.35 25.6084713555178
3.36 12.3519082331661
3.37 12.8707778708784
3.38 23.0732023987866
3.39 45.3002944158369
3.4 11.5112604763222
3.41 21.3142131467853
3.42 29.4163516765393
3.43 -6.56451856128989
3.44 41.1744974961182
3.45 21.2445434797988
3.46 31.2957355275862
3.47 19.2701066541702
3.48 8.44492175996049
3.49 22.9474923849743
3.5 27.8538552668493
3.51 39.6823289422718
3.52 27.9672278514076
3.53 6.59377998202642
3.54 28.4730008799894
3.55 6.70809421871049
3.56 32.6835284615607
3.57 42.4355321131009
3.58 17.2773976219459
3.59 8.17750187503566
3.6 23.5344232402692
3.61 7.4693333808173
3.62 26.385739849661
3.63 23.1605646466856
3.64 21.5615261849482
3.65 12.8561033104151
3.66 28.5273558650969
3.67 25.1431278162088
3.68 11.6716380575275
3.69 33.8197733306921
3.7 17.6313109139917
3.71 20.4859782105645
3.72 43.7808880670541
3.73 17.2289562105054
3.74 32.6151273967203
3.75 14.0029188812572
3.76 18.0532014057515
3.77 31.7324699610821
3.78 14.6813607304285
3.79 43.0191291626521
3.8 22.2241744559359
3.81 23.5505097699565
3.82 20.0958851079383
3.83 26.615053087543
3.84 11.7292213298625
3.85 33.4517260326239
3.86 23.2158942214184
3.87 12.5039643015638
3.88 22.0405335419939
3.89 30.856857874353
3.9 17.6900360932991
3.91 30.5490995740882
3.92 20.4816367448169
3.93 11.3174488682021
3.94 30.034619626341
3.95 33.5023661579921
3.96 43.0340236161946
3.97 21.3300137699173
3.98 34.0496776819375
3.99 29.8401700442325
4 20.470809861627
4.01 11.8065574913737
4.02 20.6013731528315
4.03 40.7497878963278
4.04 22.2192166638291
4.05 11.9091455779975
4.06 46.5955340498341
4.07 35.192115675174
4.08 8.59119975086496
4.09 15.3723562914977
4.1 26.7329233657216
4.11 13.9748174804072
4.12 34.9532533193104
4.13 29.8880566761193
4.14 30.8849578356933
4.15 36.7433893274319
4.16 23.1916244545482
4.17 24.3797960509937
4.18 34.3492985810914
4.19 33.5636155457858
4.2 25.6870856756664
4.21 27.884098636499
4.22 34.8061162494477
4.23 18.3799976004953
4.24 21.5860091260354
4.25 37.0112192093934
4.26 28.3907494431211
4.27 34.0614253658349
4.28 35.9380806220571
4.29 30.5279319377671
4.3 31.1797855641559
4.31 36.3424972380597
4.32 11.3023101458402
4.33 29.6330676427362
4.34 32.226298585586
4.35 11.222595341573
4.36 23.0925926544373
4.37 14.285621858941
4.38 15.254919192397
4.39 23.0821242380576
4.4 21.0883009737596
4.41 24.3843406123093
4.42 28.7433071782728
4.43 55.0813754678129
4.44 7.17068861523805
4.45 35.1077958215252
4.46 21.4483212764785
4.47 24.7125192037294
4.48 46.5062077660038
4.49 32.4569383200392
4.5 18.8449477784086
4.51 47.3460671169479
4.52 27.7129416686502
4.53 25.1297338324316
4.54 31.8359230144335
4.55 36.5431534195759
4.56 32.4478439766957
4.57 15.0190034660182
4.58 29.000962492111
4.59 23.8344663804972
4.6 7.8666752164713
4.61 40.0730123560104
4.62 48.0527274249241
4.63 42.7232524041634
4.64 27.6090875208891
4.65 24.4833087490998
4.66 22.8941122184924
4.67 30.8855820689843
4.68 44.3326011027259
4.69 25.3233114820463
4.7 7.40144520817281
4.71 24.3533047902523
4.72 26.4362174191112
4.73 17.7379950001084
4.74 29.7530700863495
4.75 37.177107381789
4.76 37.0002628503741
4.77 49.4010372772404
4.78 34.2313207139211
4.79 22.1779278089932
4.8 22.6781963566302
4.81 32.6468383990097
4.82 24.1024236065885
4.83 22.2299435506369
4.84 22.3554124403436
4.85 40.8411253724082
4.86 39.1023881556335
4.87 31.339451031974
4.88 45.2779768138795
4.89 32.0766053057381
4.9 30.3192564760224
4.91 30.4458801331794
4.92 3.87563477500197
4.93 18.4936613927686
4.94 35.7515459588171
4.95 33.8818072356262
4.96 15.7148547059991
4.97 27.7171209430891
4.98 26.1245884958665
4.99 30.1658330206966
5 29.0243991742938
5.01 28.344533344077
5.02 40.8757664168225
5.03 33.338791199243
5.04 43.4144693800862
5.05 19.3914892138349
5.06 51.2379809877411
5.07 37.8433439371485
5.08 11.5914790507955
5.09 29.6119067871747
5.1 44.5586469830638
5.11 38.6462698283692
5.12 40.9970606930255
5.13 18.814811934904
5.14 23.3888276843483
5.15 19.3995239654038
5.16 30.0723118210094
5.17 29.7990018403553
5.18 12.9480895175159
5.19 32.6157033509925
5.2 44.9614303243858
5.21 24.2652772677347
5.22 26.2667419421055
5.23 12.9072011014087
5.24 22.0085532453262
5.25 24.2686129078274
5.26 30.0805370442446
5.27 18.6639290596822
5.28 23.4003543184417
5.29 53.8610655724863
5.3 31.3374822391778
5.31 31.8224456056226
5.32 23.6786240673281
5.33 17.7363716813933
5.34 34.892459702661
5.35 35.4727675968778
5.36 37.5454547076158
5.37 25.6131563439151
5.38 33.9028635464105
5.39 29.389853227491
5.4 28.6273981593641
5.41 21.5438268371611
5.42 50.3079520061815
5.43 37.3292072214393
5.44 41.7334143241651
5.45 23.7184501276648
5.46 30.0614536681062
5.47 43.4821591016374
5.48 36.4288931962005
5.49 28.0919523639258
5.5 49.3367110790907
5.51 47.5984868890204
5.52 54.7120713450628
5.53 31.7693171072822
5.54 46.2428834704461
5.55 39.7029397667671
5.56 52.3447332130494
5.57 17.4690376618386
5.58 35.9904640324259
5.59 27.0110308149788
5.6 33.1361194174583
5.61 25.3877987584059
5.62 35.6247829943578
5.63 53.2226627698024
5.64 44.9198257727636
5.65 26.2863569090053
5.66 35.3184525092385
5.67 28.3456971464521
5.68 40.4087755944329
5.69 22.2028459019175
5.7 28.7697020862958
5.71 13.1754114573639
5.72 39.1383826635339
5.73 29.2200371513816
5.74 59.1690550968444
5.75 26.4432532271645
5.76 43.6567453007944
5.77 46.3929264684822
5.78 33.5369370335015
5.79 38.932818637483
5.8 32.0730191908634
5.81 35.1364109017958
5.82 33.3168382742498
5.83 28.983376789513
5.84 34.7029757596247
5.85 38.5989014681106
5.86 38.3692451980738
5.87 46.2452966131472
5.88 21.1287613741504
5.89 44.1442666112295
5.9 19.6879283979472
5.91 45.2524785768483
5.92 22.0854835419431
5.93 43.0705443857659
5.94 41.1621247227187
5.95 50.5167684241963
5.96 40.8330019854438
5.97 28.2021061343099
5.98 29.5667353677997
5.99 34.2959586008503
6 49.5442561493126
6.01 29.8888255926489
6.02 35.4074810251331
6.03 43.6957805038782
6.04 29.1199658924566
6.05 40.6236794177563
6.06 30.7247203744417
6.07 28.4269606846959
6.08 33.9361759526587
6.09 25.3421715381778
6.1 29.9421897041851
6.11 46.8577076435429
6.12 41.9162756861968
6.13 37.2373794881223
6.14 33.0544477260886
6.15 38.8884451075433
6.16 50.0151806201387
6.17 24.1482885663904
6.18 41.0438006184986
6.19 28.1125513151541
6.2 36.7562914648579
6.21 32.1601730586049
6.22 52.1109342273577
6.23 36.1881528917006
6.24 25.8244169717581
6.25 21.5294442469182
6.26 32.0420706920789
6.27 47.3354894083301
6.28 42.7408015284658
6.29 38.0147606500357
6.3 42.8502985197625
6.31 48.940355759691
6.32 35.4213699693083
6.33 50.0804014124929
6.34 15.6103333101982
6.35 42.5875124640522
6.36 66.8786844240558
6.37 36.7602346990599
6.38 26.5724514254945
6.39 34.5063836246292
6.4 58.7167070048125
6.41 28.0651363561526
6.42 5.84725233153057
6.43 36.7365672289233
6.44 49.233942835939
6.45 53.0748644496965
6.46 40.0322836995745
6.47 50.3230665762546
6.48 38.6653886280371
6.49 39.8578101236159
6.5 30.2905900370191
6.51 48.7533870192557
6.52 39.9433724420133
6.53 44.3505984388787
6.54 36.1647777069285
6.55 28.2687527200283
6.56 38.7117874055973
6.57 40.6583076809162
6.58 23.0745289184064
6.59 36.0451596247857
6.6 42.1643859926441
6.61 32.6133041922814
6.62 35.1325811895946
6.63 50.1887862793132
6.64 40.2901282857678
6.65 14.4443411225637
6.66 42.9562962928323
6.67 48.8970925121714
6.68 43.3781338327445
6.69 40.0272394640267
6.7 56.9016655786377
6.71 44.4866478442866
6.72 36.5353633505236
6.73 41.6720561006927
6.74 40.1849172108755
6.75 32.3079886585639
6.76 35.5327345848583
6.77 44.4848735073922
6.78 26.9471076639015
6.79 37.1272594402246
6.8 32.8863753404573
6.81 41.7920144353178
6.82 40.7235290124867
6.83 40.2133670668887
6.84 54.2216078720383
6.85 50.2111996583027
6.86 33.1259939973873
6.87 49.970220497182
6.88 44.3999217369351
6.89 31.7967021124943
6.9 31.1044571208881
6.91 43.5841808348904
6.92 40.268145057492
6.93 41.8258039387217
6.94 6.79223454714806
6.95 36.8585965356831
6.96 27.6602237328879
6.97 54.3999343229334
6.98 38.3987567964122
6.99 51.8322632415535
7 32.9307042779651
7.01 48.5484774066685
7.02 25.0375204678779
7.03 28.6964378247621
7.04 40.5002871304585
7.05 26.5880262502519
7.06 34.0984895979216
7.07 31.5085926032347
7.08 36.5623586727687
7.09 27.3631006020853
7.1 42.7021861315273
7.11 59.7206023717926
7.12 47.3240958611623
7.13 58.7509035688837
7.14 38.761205413394
7.15 44.6093292261888
7.16 37.2138420394746
7.17 37.6364883606133
7.18 36.8967702294176
7.19 49.5273150975381
7.2 42.7565532177037
7.21 31.7036232530768
7.22 46.248874610813
7.23 47.6912001392847
7.24 28.6248558964377
7.25 34.3075497488086
7.26 31.7505418101105
7.27 40.9729366056469
7.28 32.8889363080943
7.29 38.4190668364383
7.3 32.3939420070764
7.31 45.421773478378
7.32 25.997374439255
7.33 49.2383539253939
7.34 50.8562863540096
7.35 56.8483534646033
7.36 53.8071741371161
7.37 45.1142621589012
7.38 54.8874869603095
7.39 47.5359845399896
7.4 46.255053107142
7.41 60.5055382731422
7.42 50.5783521457826
7.43 53.7713486292922
7.44 36.5023158594712
7.45 49.7644887817647
7.46 36.3079707744133
7.47 56.8348285443467
7.48 51.3040723475326
7.49 64.6043480803311
7.5 19.5063801063102
7.51 39.0902447179604
7.52 46.0632530931565
7.53 32.3008001190549
7.54 51.7534392630168
7.55 57.1135267746656
7.56 41.447681841962
7.57 43.7772033586598
7.58 58.047396785218
7.59 32.9401934986625
7.6 41.1817851309845
7.61 38.0858995395446
7.62 42.9734801183233
7.63 43.1122132331916
7.64 44.868841429317
7.65 33.2389070226995
7.66 42.4606362858939
7.67 38.4679460672046
7.68 45.0930508256141
7.69 28.2728060545287
7.7 59.1905102077821
7.71 56.5811409545259
7.72 36.1359988162826
7.73 34.839210678188
7.74 45.4159757990462
7.75 52.5109026049469
7.76 37.3876185455311
7.77 65.9349945469202
7.78 46.09801368986
7.79 54.0072471627933
7.8 37.5094459008753
7.81 37.4955367578645
7.82 55.0748776738274
7.83 27.0650165157335
7.84 43.0383404332118
7.85 56.8316007539356
7.86 7.31963751174629
7.87 63.3535255181244
7.88 40.9308601577877
7.89 46.072931895876
7.9 46.3461199441652
7.91 47.8454411872373
7.92 62.6115069734317
7.93 60.4814131293845
7.94 39.0484382962761
7.95 41.8543274346824
7.96 57.6966093699071
7.97 55.6035798002129
7.98 43.5406560388981
7.99 42.577153097989
8 45.907830519853
8.01 43.3159309529984
8.02 25.9219307906393
8.03 46.8285723171297
8.04 61.1255736956085
8.05 31.51546095231
8.06 47.4581612978261
8.07 37.8054153402546
8.08 36.4084016297676
8.09 35.5852141447937
8.1 60.6702650711161
8.11 33.3744990876642
8.12 47.301701397455
8.13 53.3142396524523
8.14 49.2516421558928
8.15 51.6486380114555
8.16 50.3300986264125
8.17 52.1989007526277
8.18 42.368208191191
8.19 35.7351130073003
8.2 43.4119420181163
8.21 46.9419499874699
8.22 44.0598895492357
8.23 51.2880598181526
8.24 59.866017721692
8.25 42.027942478892
8.26 57.1191190111261
8.27 27.1313846735036
8.28 52.2432074626385
8.29 43.5089061218948
8.3 47.9830696733245
8.31 44.2875154742796
8.32 46.5461311088685
8.33 50.2776913056578
8.34 46.8136461528358
8.35 55.1326358589237
8.36 54.1293773509467
8.37 54.4708548554189
8.38 74.7035762789846
8.39 51.7890392223837
8.4 54.3635471168032
8.41 49.0675925901612
8.42 58.8436229200165
8.43 49.503811669842
8.44 34.8789940930005
8.45 61.5089494126675
8.46 44.3295113063922
8.47 46.9005416522809
8.48 55.6621898074637
8.49 44.1227769269133
8.5 61.0428682809625
8.51 40.9731841897025
8.52 35.5958542761973
8.53 60.6875423978673
8.54 53.1179478265803
8.55 38.9982335517039
8.56 42.5252267920949
8.57 47.0804983559505
8.58 56.5268541668258
8.59 35.5888949265513
8.6 53.858712318238
8.61 53.5789022177484
8.62 53.267936708373
8.63 34.3324179483707
8.64 47.7970591673701
8.65 57.7771776798993
8.66 58.1517438351047
8.67 45.4262913641898
8.68 47.919226193531
8.69 63.6660386074775
8.7 47.7583230332927
8.71 50.5442050434007
8.72 42.0198274178764
8.73 58.4626792687889
8.74 55.6012748918114
8.75 68.1381177149454
8.76 49.8154075403692
8.77 61.6794669187492
8.78 41.302509733667
8.79 47.4218852477126
8.8 55.707342008073
8.81 35.2347833112704
8.82 54.8401714231628
8.83 65.5157589138877
8.84 46.1841127111558
8.85 53.7951383673073
8.86 46.2404317522151
8.87 75.1076565820339
8.88 48.204294092095
8.89 54.8534440168425
8.9 53.9689576871854
8.91 59.713380216478
8.92 53.6998156725866
8.93 52.7688552321554
8.94 61.0392964057255
8.95 62.5406756493409
8.96 50.4456818081602
8.97 43.2448070771178
8.98 52.0058917911739
8.99 39.0625339122521
9 53.9695429418287
9.01 60.9628121934549
9.02 55.6115350187006
9.03 37.7417805487839
9.04 47.8325354140783
9.05 36.9207652725091
9.06 41.7992657373248
9.07 37.1795036062858
9.08 46.5027480686831
9.09 44.0669031330315
9.1 40.3571415772173
9.11 70.9844033906417
9.12 53.8697700117629
9.13 43.8371103388761
9.14 36.444892495499
9.15 44.5807460815563
9.16 65.1605780384066
9.17 49.7292372889193
9.18 62.9625247141299
9.19 57.5697911702843
9.2 50.1409073645773
9.21 39.4595636206399
9.22 49.9097347052238
9.23 43.6981794752217
9.24 40.4704919746611
9.25 52.7359268941607
9.26 47.2550680101501
9.27 39.733383063767
9.28 43.3212043763223
9.29 23.8921199777867
9.3 43.148069612116
9.31 39.0310127499566
9.32 75.2270439677982
9.33 52.6423187846335
9.34 52.7888806881208
9.35 63.0993339072251
9.36 38.9942276208404
9.37 44.2726452474111
9.38 53.4759694620616
9.39 42.9043618597636
9.4 45.4216029191049
9.41 68.7297115128084
9.42 55.4713169751107
9.43 39.9599666450913
9.44 51.3015007985571
9.45 50.4657077288169
9.46 62.5408233365811
9.47 45.1855939520816
9.48 62.5765327721964
9.49 53.6075695010911
9.5 63.3046511247225
9.51 49.002073782615
9.52 45.9407762722792
9.53 57.1191315280287
9.54 56.9951689191295
9.55 61.6397367832017
9.56 51.0906479678223
9.57 43.3648500430509
9.58 44.7191135289699
9.59 56.4325677434373
9.6 42.5383350996145
9.61 62.7263607746818
9.62 52.6494640738521
9.63 46.3941522878452
9.64 39.9959517426867
9.65 79.7035331827862
9.66 58.9111810409621
9.67 36.2025883618125
9.68 74.604151869714
9.69 57.4825548659945
9.7 67.3968747548989
9.71 53.6952153427201
9.72 63.6597276111536
9.73 47.2782854148431
9.74 60.361568509549
9.75 71.0325350124174
9.76 47.7536201796473
9.77 44.9013526934979
9.78 51.6470812190195
9.79 65.2396357070823
9.8 38.9803825634114
9.81 48.645932427052
9.82 56.5952061919073
9.83 78.2733728469256
9.84 45.4775731435489
9.85 62.3781790502065
9.86 59.3983134988608
9.87 51.3083415047676
9.88 54.8815648354871
9.89 39.8860988940071
9.9 49.6021586518741
9.91 39.8927778051384
9.92 49.0936533638557
9.93 57.2056361229133
9.94 55.1031045036433
9.95 30.6884468103583
9.96 52.1656396382689
9.97 58.0516109439381
9.98 63.8068032657461
9.99 58.8007665082085
10 52.6600364202008
