0.01 22.7910226009181
0.02 12.6835154130964
0.03 -1.17559562766191
0.04 15.5244383016068
0.05 13.016882860025
0.06 13.634688296685
0.07 -5.26300688804351
0.08 -22.5545492824131
0.09 0.353359471131577
0.1 13.297798095569
0.11 2.09131306921293
0.12 10.5146125928988
0.13 7.23086359997927
0.14 13.434471599337
0.15 2.51261365518026
0.16 -0.820396329204951
0.17 -13.1596923636443
0.18 11.2911895755438
0.19 -2.21061058122721
0.2 8.38009519710817
0.21 9.47604485643624
0.22 4.35692702548141
0.23 -3.89347464381387
0.24 3.43644627690747
0.25 10.8374113488518
0.26 -0.493840558123631
0.27 3.4254291272046
0.28 10.006296135707
0.29 8.06694299108479
0.3 -0.404957023438165
0.31 9.8382559935769
0.32 7.39596538187187
0.33 2.29708543956116
0.34 12.7925510799209
0.35 18.0958327468305
0.36 10.7035753101534
0.37 2.83082496678041
0.38 4.80796549177754
0.39 9.63108779146454
0.4 7.49962368404057
0.41 10.462250581498
0.42 3.85482673614218
0.43 7.67161370690762
0.44 11.3916145085008
0.45 7.50560167119983
0.46 7.84037714672471
0.47 -0.883838552510576
0.48 -0.778732646390237
0.49 26.55566437268
0.5 24.3513749366019
0.51 17.5741646283546
0.52 -17.2133786691474
0.53 23.413238227722
0.54 -1.55647844248271
0.55 2.48781785336591
0.56 10.8110818705612
0.57 0.890600687787673
0.58 10.8974044343835
0.59 11.8089329230789
0.6 3.00250080929908
0.61 9.0450160744884
0.62 22.3442083081431
0.63 4.09543538167422
0.64 4.32703770020665
0.65 4.57130086890664
0.66 -1.56127065412716
0.67 22.6811770018862
0.68 10.7813790978232
0.69 30.139577476551
0.7 -0.792567563722378
0.71 0.17755773954776
0.72 12.3736425228388
0.73 4.77562799633943
0.74 14.0415526131293
0.75 8.98950784211508
0.76 29.2652025949811
0.77 -8.91355291285299
0.78 22.4666752164567
0.79 4.44136260400644
0.8 10.3906817066927
0.81 0.376815932958647
0.82 11.4945869481304
0.83 14.883290736987
0.84 24.8588928245608
0.85 8.43046080259195
0.86 -1.19317372322994
0.87 1.418125537526
0.88 -1.45252901231168
0.89 2.44748456415727
0.9 25.6917333306637
0.91 -3.17294989646255
0.92 2.70510783543085
0.93 6.51535400745962
0.94 14.9988722529835
0.95 0.0804692069817303
0.96 7.15017281830977
0.97 17.215879300018
0.98 4.33386667349221
0.99 23.6654484858736
1 8.89042036093755
1.01 22.3748595242599
1.02 2.3488908743551
1.03 14.4847957971625
1.04 13.5142432434346
1.05 14.0583787685994
1.06 9.65710496310395
1.07 18.6012865477201
1.08 10.4448903874251
1.09 12.7206882766929
1.1 7.16423994639002
1.11 -0.559940143470584
1.12 0.222048800472009
1.13 21.8770860899391
1.14 19.7855640230159
1.15 3.8786230331202
1.16 21.2130152314431
1.17 7.5301950566976
1.18 10.2409566229336
1.19 4.48540725333742
1.2 1.9191535329343
1.21 10.369304901293
1.22 20.7473243132175
1.23 8.47847687816149
1.24 16.1125327236057
1.25 1.41355065307806
1.26 -3.97960944759871
1.27 9.29875529675615
1.28 23.2121946308292
1.29 8.82726150890553
1.3 24.7457039789033
1.31 0.481779310001794
1.32 12.6100863329339
1.33 1.51836458389719
1.34 18.1333966385636
1.35 15.8449371499149
1.36 -3.44232724642791
1.37 20.5876824177187
1.38 10.8952665563546
1.39 20.0324385279814
1.4 42.5352294839528
1.41 6.13847570708749
1.42 20.7619314015969
1.43 3.43933876569349
1.44 6.26705184652727
1.45 1.43396334871223
1.46 1.48211622105434
1.47 18.97137286345
1.48 12.5155371011695
1.49 4.1012970414596
1.5 13.7464340354442
1.51 16.0529892804966
1.52 3.32919891917636
1.53 -9.83996419539653
1.54 33.5531971015144
1.55 34.0028913343461
1.56 17.7998712014114
1.57 -6.76984958061219
1.58 2.21596216780671
1.59 -4.81072574009632
1.6 17.5754223364206
1.61 12.9568273545122
1.62 2.64192911709598
1.63 2.51483730830726
1.64 19.6451977308861
1.65 17.4667729210072
1.66 14.3688652033822
1.67 -1.80295905252653
1.68 16.2070822580852
1.69 31.2428673538847
1.7 11.600559274541
1.71 -0.460415851357951
1.72 15.9722787030726
1.73 16.575401189551
1.74 26.289591234722
1.75 16.3468546216707
1.76 8.68493285991066
1.77 24.2751068898097
1.78 8.05639068511231
1.79 -0.66652241887485
1.8 17.6300088574251
1.81 36.2655706089476
1.82 -8.60958233895198
1.83 14.5655660440334
1.84 7.00585673463257
1.85 30.1901644581896
1.86 11.404905769297
1.87 17.9750651766302
1.88 10.6780207902115
1.89 18.6825095106548
1.9 26.5648089176524
1.91 17.0338038679663
1.92 10.9519207325197
1.93 27.4066608121147
1.94 12.2277803538954
1.95 32.2596642045555
1.96 5.09636915666071
1.97 14.6775466547984
1.98 18.6963717969653
1.99 7.39571855841226
2 16.1063580319522
2.01 30.4919633352377
2.02 4.88648806755799
2.03 4.66257346024243
2.04 13.4454475163804
2.05 16.2867663049855
2.06 41.4409296228964
2.07 28.6543170325234
2.08 9.24398657750946
2.09 7.88410104593231
2.1 5.25079318481732
2.11 20.2002101626876
2.12 1.38689647026976
2.13 16.4601526316126
2.14 10.5226340895126
2.15 3.0880370502017
2.16 14.1764359363817
2.17 3.73372210969195
2.18 10.8190484275838
2.19 24.9847202953671
2.2 6.09774455891319
2.21 10.7245737273783
2.22 23.6096572827468
2.23 20.4173033678133
2.24 3.04150092268483
2.25 6.53074422617174
2.26 8.58907099281904
2.27 11.9855272892268
2.28 22.9817202837573
2.29 22.7484197030433
2.3 9.10116692418067
2.31 23.4960567612872
2.32 17.0387601775643
2.33 37.3453171749473
2.34 17.7541762469971
2.35 -1.83249242577332
2.36 2.86149819683716
2.37 13.0077106194318
2.38 8.59566707327882
2.39 33.340302129371
2.4 25.9211313572696
2.41 9.03709018965422
2.42 24.5100070411548
2.43 19.419677766215
2.44 7.8253097277799
2.45 24.9767938893575
2.46 25.8796981468391
2.47 3.2757657794937
2.48 0.741332084884682
2.49 17.7602923196076
2.5 3.55576598082783
2.51 6.13542607590504
2.52 10.871079178495
2.53 3.56382795421994
2.54 18.6407174896902
2.55 22.4399542980493
2.56 22.2140065585796
2.57 22.3025005181435
2.58 13.6963952955303
2.59 10.8643681477405
2.6 21.7795718588987
2.61 21.4517264342664
2.62 34.6849048107178
2.63 38.5655600254357
2.64 14.0038158566453
2.65 33.6001174269995
2.66 15.5791264086514
2.67 -5.96043066245592
2.68 22.4706655951844
2.69 14.626215095631
2.7 11.1681277458664
2.71 8.63315092599685
2.72 29.4580908681369
2.73 4.06864366729392
2.74 10.4712749093917
2.75 31.7439720019077
2.76 22.2710066443469
2.77 15.1855923035346
2.78 9.45591510080867
2.79 17.9625713307644
2.8 30.4972155412361
2.81 13.0901151214271
2.82 7.80251700363974
2.83 12.5292326389296
2.84 29.4196493367123
2.85 23.9861757010278
2.86 24.466145202409
2.87 30.036135332656
2.88 20.5715863392529
2.89 34.2044746146726
2.9 21.9660504381421
2.91 17.9606700558879
2.92 7.69237571192731
2.93 19.6971869369515
2.94 8.6688106402507
2.95 18.161624753786
2.96 18.1959508277222
2.97 30.1335973547772
2.98 24.7468831910143
2.99 -4.74317314699176
3 14.6477002129019
3.01 16.2518820585516
3.02 21.2069507626682
3.03 27.6703633402732
3.04 1.27831166549178
3.05 20.6280476080323
3.06 13.9077723868653
3.07 17.0527286524697
3.08 10.6805888240928
3.09 10.8807389190666
3.1 23.9916569703821
3.11 23.696798496308
3.12 9.24899353408294
3.13 0.119351975497413
3.14 20.7745626430679
3.15 10.6832411395874
3.16 34.6396078489255
3.17 11.2089716097061
3.18 26.44518103665
3.19 20.7543814942427
3.2 29.18768421941
3.21 27.0119039223146
3.22 22.3433676615608
3.23 8.28002897041399
3.24 17.3098242249842
3.25 15.3854008105627
3.26 31.2778528697254
3.27 21.4493030118291
3.28 48.6561163217093
3.29 27.8645948897488
3.3 25.0120066784132
3.31 36.7476339136706
3.32 20.381651023939
3.33 36.5968414360154
3.34 8.56212040943958
3.35 11.6064293294369
3.36 26.9492221817447
3.37 8.23177604354546
3.38 11.0166246420233
3.39 29.307399570395
3.4 6.87916316919341
3.41 12.9579243678123
3.42 5.49000490373705
3.43 29.4211581259804
3.44 12.6134955516296
3.45 14.5015309968077
3.46 27.7342854033909
3.47 31.035924061984
3.48 10.6714031560564
3.49 56.1994631589823
3.5 11.0527499161876
3.51 70.8616026688319
3.52 23.9821878839214
3.53 35.2016717533121
3.54 27.2966140536134
3.55 29.9402707813057
3.56 21.3082367471796
3.57 37.1319494273914
3.58 37.3158431138674
3.59 31.7493161229831
3.6 28.9875474474156
3.61 27.911550702982
3.62 27.6563858193582
3.63 46.9298893926714
3.64 31.3398975995897
3.65 11.485650142108
3.66 17.4791181741074
3.67 10.8218340427501
3.68 38.3270328171829
3.69 12.1212898174707
3.7 6.05701303099264
3.71 39.5661588398994
3.72 33.8644379325083
3.73 22.0864177837868
3.74 3.91214746520647
3.75 6.43521133980375
3.76 17.6894913457859
3.77 14.1457629542589
3.78 28.3317383566519
3.79 21.3725376290178
3.8 26.8183991287203
3.81 34.9491706163266
3.82 30.1371757829742
3.83 36.1331909534022
3.84 50.9683502607384
3.85 18.8764913672331
3.86 18.5803715383181
3.87 35.3122407510179
3.88 26.3103301194198
3.89 18.2805221460202
3.9 27.9906521139246
3.91 21.471271179713
3.92 31.029321117105
3.93 29.9162867350891
3.94 27.970284744199
3.95 18.9073145357394
3.96 45.5348803287947
3.97 23.8145725834122
3.98 14.3927836215623
3.99 42.0251806048854
4 21.4741681964748
4.01 28.2032287843098
4.02 16.9349891816305
4.03 28.3865078458156
4.04 43.8565456117978
4.05 25.4442903118926
4.06 12.6893772245273
4.07 39.3100600301184
4.08 37.7005996463492
4.09 30.7216839863197
4.1 35.1961730389602
4.11 34.5361116419837
4.12 13.6375974611082
4.13 44.3071851404998
4.14 28.9395970211168
4.15 18.3367109417117
4.16 17.5917917230161
4.17 27.5010436461905
4.18 7.01557130536476
4.19 20.93847908444
4.2 22.2297677193921
4.21 25.2059058743678
4.22 11.7440332191314
4.23 16.2102778929838
4.24 45.994609225403
4.25 22.4417766275326
4.26 30.6175752053184
4.27 41.6251864783941
4.28 43.2611041543218
4.29 39.3579540389927
4.3 24.5671823971546
4.31 16.6793506072966
4.32 42.0560433089364
4.33 26.4109425008549
4.34 34.6058163188306
4.35 39.6948345807185
4.36 26.4359223978009
4.37 20.7553699974277
4.38 27.5382856423006
4.39 17.3002747186737
4.4 37.3641099480953
4.41 23.4332231831424
4.42 35.9418549103888
4.43 28.9706019495209
4.44 12.6093362961691
4.45 15.6643801441018
4.46 49.9937691207706
4.47 24.9368002198665
4.48 37.6228693585437
4.49 18.4191894962807
4.5 31.2446454596778
4.51 41.1862586795199
4.52 28.0048273433783
4.53 26.6225071906392
4.54 13.7807947721472
4.55 14.1563533324017
4.56 34.2997931828307
4.57 30.7871142673405
4.58 25.5062443428319
4.59 18.5697969816398
4.6 37.0801945589114
4.61 25.3417332275879
4.62 16.3706416489408
4.63 24.1374777024474
4.64 21.8221157990136
4.65 14.0176275659347
4.66 24.1103444176132
4.67 35.8185759532229
4.68 15.6566124768438
4.69 17.8951669367865
4.7 36.8806044259085
4.71 37.7384114515116
4.72 31.3121235459013
4.73 22.3418213003907
4.74 20.6310157988996
4.75 23.1260181585196
4.76 23.9177755157861
4.77 24.4853156797619
4.78 25.8777746371175
4.79 29.9981548449147
4.8 27.4899943671506
4.81 30.4067182613149
4.82 36.3598489565313
4.83 48.3749349653848
4.84 31.6880032780529
4.85 20.1260937359612
4.86 -0.730097606542881
4.87 21.3709534496975
4.88 33.018138736747
4.89 1.40607008368039
4.9 27.349438283736
4.91 28.777968522393
4.92 12.5469057664814
4.93 32.2469477111943
4.94 28.8718831193159
4.95 22.1439302643013
4.96 35.1616320171905
4.97 20.9376882171321
4.98 28.1162425923354
4.99 2.35707514662257
5 48.0334145979074
5.01 34.4223042025621
5.02 18.269127459562
5.03 28.2096864889521
5.04 46.4244191126456
5.05 30.8095031324802
5.06 28.081775674222
5.07 24.7273132343589
5.08 22.7947865178519
5.09 33.0587380450448
5.1 33.5606274636271
5.11 17.7086598486855
5.12 29.0155300655916
5.13 37.4085747265181
5.14 32.3325810817171
5.15 44.5741967959704
5.16 43.1381571188633
5.17 47.9226509710428
5.18 24.3333171016984
5.19 5.03308043936284
5.2 16.4162688080434
5.21 23.4534081592456
5.22 25.2460111214685
5.23 27.6434563881603
5.24 41.4166812461147
5.25 16.5841739618787
5.26 21.3191672151425
5.27 31.1015210153588
5.28 35.0675860511108
5.29 33.6957671018069
5.3 31.1407920824143
5.31 42.8401232502065
5.32 32.9579808064764
5.33 49.2335258881827
5.34 42.8688358767215
5.35 38.8920096113437
5.36 31.5885409703265
5.37 29.08350553426
5.38 41.0531609569822
5.39 31.8398480463627
5.4 33.5090158716744
5.41 41.1502265849544
5.42 28.4737531303156
5.43 33.9914916541884
5.44 37.4655939912149
5.45 52.4065550355002
5.46 37.5678635583808
5.47 41.4226363216189
5.48 25.3244071155121
5.49 55.0202939950731
5.5 30.2959318339528
5.51 34.3047166122722
5.52 31.533082646209
5.53 41.4492477632558
5.54 40.0499433700182
5.55 43.2567035369318
5.56 47.3431460246887
5.57 29.8955861964445
5.58 26.0528936003761
5.59 12.9920757680652
5.6 47.0545035348723
5.61 51.6326422510655
5.62 50.2320608127673
5.63 51.8511571851151
5.64 32.4800019618145
5.65 47.3719053821158
5.66 29.3122722564675
5.67 27.8253190025957
5.68 39.0775339619961
5.69 29.8514097500872
5.7 30.9252524701445
5.71 35.2107475457159
5.72 59.4541308376156
5.73 33.093984038886
5.74 35.0501919656679
5.75 29.2911654199965
5.76 31.3165876192692
5.77 45.0301492623738
5.78 12.8022368433237
5.79 38.4826252264424
5.8 31.6036473480897
5.81 24.6045346782483
5.82 52.4477196813739
5.83 29.8972323359809
5.84 35.1412502890546
5.85 24.5864398633421
5.86 42.677649876352
5.87 38.6056526349004
5.88 30.467030848615
5.89 49.675990128665
5.9 37.5912098047752
5.91 35.053841305192
5.92 20.3716389386947
5.93 32.4750480850868
5.94 35.7566467358425
5.95 25.2166230236035
5.96 35.2526431001566
5.97 31.1952674718996
5.98 32.0124836179896
5.99 37.0071867417023
6 43.0948817819944
6.01 35.0211368371008
6.02 27.4037576892027
6.03 40.8824347666553
6.04 24.0101633244609
6.05 70.3706768262683
6.06 43.7765591571003
6.07 1.31502528803333
6.08 47.4423692302975
6.09 32.2858333721442
6.1 39.7458213395121
6.11 39.6838588307382
6.12 44.0121087910983
6.13 37.9510617196045
6.14 52.5872685950441
6.15 44.5259047171631
6.16 32.7263346618081
6.17 47.5866511251344
6.18 16.6199577553915
6.19 48.4447061809067
6.2 54.0590165598109
6.21 11.439035222424
6.22 16.1972083943105
6.23 26.4420632440195
6.24 47.0809610539758
6.25 46.3000929960943
6.26 45.5012701135179
6.27 40.9869574683494
6.28 31.4644784093582
6.29 27.7523931405409
6.3 22.7221435927918
6.31 32.6369021644658
6.32 28.3332292681433
6.33 27.9832078193334
6.34 33.1928345590876
6.35 52.3922528626309
6.36 43.126697888155
6.37 45.0673709161062
6.38 12.0479039250019
6.39 46.1868439709825
6.4 35.6695574430444
6.41 28.7461773322429
6.42 9.79348761769425
6.43 30.8595926744141
6.44 43.1531923324585
6.45 29.8366008319214
6.46 35.2222162396896
6.47 40.1489808389615
6.48 38.6920208836322
6.49 26.5296180806364
6.5 44.3514441961881
6.51 47.0328391143913
6.52 46.9863646964114
6.53 34.9538530356344
6.54 41.3450303332503
6.55 48.896005798176
6.56 34.2097164281432
6.57 28.5284138631231
6.58 15.1242021409881
6.59 35.5900980257291
6.6 47.4139588606235
6.61 45.1034575133708
6.62 33.6982895085275
6.63 30.1691849250186
6.64 30.7012281565879
6.65 18.6769530765274
6.66 46.1211743857351
6.67 55.3794483308199
6.68 44.8062102141719
6.69 31.7761795569691
6.7 51.3325947712782
6.71 45.0006136631908
6.72 38.5218754296929
6.73 35.1199488084885
6.74 32.8887365183266
6.75 40.8514105422388
6.76 44.1748959808601
6.77 20.2822546486897
6.78 45.9888366329423
6.79 41.3440647822015
6.8 35.1994815813336
6.81 30.0950410599107
6.82 32.4704590131121
6.83 47.5823977244855
6.84 37.5392767771081
6.85 42.5290804385239
6.86 34.8128443062179
6.87 35.8172908771391
6.88 44.6154527002483
6.89 35.2699074317669
6.9 45.718919610671
6.91 53.9685620282753
6.92 36.0733379755561
6.93 31.9528365738688
6.94 50.9310469114344
6.95 16.4550105367275
6.96 39.858757744012
6.97 41.560247856905
6.98 35.673485318662
6.99 45.6847988417491
7 26.3056477300528
7.01 31.3810223302676
7.02 46.5636761136478
7.03 29.9090672109865
7.04 32.1347627353847
7.05 36.2223897043278
7.06 44.4647536967801
7.07 50.633877152848
7.08 46.0055334312806
7.09 50.7277793213621
7.1 49.7618622637281
7.11 34.8343037663062
7.12 35.8997037062797
7.13 44.817103728312
7.14 45.8684233319899
7.15 39.3556637600807
7.16 42.603248216924
7.17 38.1151031402469
7.18 46.8543090219757
7.19 39.0006899008899
7.2 44.6820673510636
7.21 39.119405326609
7.22 31.067590534768
7.23 44.1876089507582
7.24 21.7961074957093
7.25 39.6070594186482
7.26 35.4205892371522
7.27 39.4987180890464
7.28 34.0939074547287
7.29 49.2383072981883
7.3 42.804434461289
7.31 39.3600008750607
7.32 34.4029726563521
7.33 40.4845407505745
7.34 38.5424609735942
7.35 31.9135380137234
7.36 20.8055971073896
7.37 39.5218403951728
7.38 65.6974927584106
7.39 38.853524183232
7.4 33.203207911271
7.41 37.7615968062104
7.42 43.9332202203538
7.43 45.2420614853555
7.44 42.6525926163856
7.45 29.4122305667538
7.46 40.6403435657069
7.47 40.5229124255052
7.48 37.6965497525872
7.49 58.7922314704128
7.5 41.9703887452865
7.51 38.1641962425779
7.52 40.5615357917197
7.53 47.2780700855817
7.54 57.5020523435389
7.55 52.4656050908327
7.56 39.4597144987702
7.57 34.830226646973
7.58 46.0409574355917
7.59 43.7608252605027
7.6 33.4037028684294
7.61 52.4659592286125
7.62 37.9497787004104
7.63 39.551682914449
7.64 49.7296602885882
7.65 50.9753470133066
7.66 55.4790407803157
7.67 38.6636408539095
7.68 16.9816566826435
7.69 51.6185859499137
7.7 39.7768102134634
7.71 31.9346636380456
7.72 53.202650859556
7.73 48.6346017866429
7.74 60.0706117230533
7.75 52.4642785086545
7.76 41.5224362095427
7.77 36.2747571861017
7.78 30.5132016565032
7.79 53.5918108367683
7.8 56.412823051273
7.81 50.1402386499957
7.82 32.3552317905308
7.83 61.0123072877479
7.84 33.243361795744
7.85 54.8086421127286
7.86 70.3086619625598
7.87 41.1296473335375
7.88 36.6552281794374
7.89 42.1495382387458
7.9 46.3715636801713
7.91 46.4475837510613
7.92 23.2291410861475
7.93 58.6687358992806
7.94 29.4225284237405
7.95 34.0752400187546
7.96 32.8666621719497
7.97 52.7931044987898
7.98 47.9309912646982
7.99 26.9052873861279
8 56.423428181543
8.01 47.0141072168809
8.02 40.8556738416815
8.03 48.4861257764643
8.04 43.604247918675
8.05 55.5293541430561
8.06 46.4990767306087
8.07 54.7853459489256
8.08 58.0180385380398
8.09 77.7347962806932
8.1 47.2813283340428
8.11 53.277683531466
8.12 37.9999770905371
8.13 51.9674482952678
8.14 30.0743868067639
8.15 41.180752965838
8.16 43.3905178588808
8.17 40.6512258606733
8.18 60.0915549770504
8.19 26.6955355435042
8.2 52.6135558033758
8.21 37.7788875464514
8.22 51.0086873646571
8.23 49.1908087079712
8.24 31.0515275744824
8.25 43.5721278950207
8.26 53.1035069564895
8.27 51.8394766415248
8.28 50.1221247471285
8.29 25.9292428269125
8.3 54.4264919534889
8.31 56.9444188829878
8.32 64.3806476250004
8.33 52.6044196312438
8.34 48.6233949893864
8.35 46.7635634086649
8.36 37.2664408551659
8.37 36.0228961649002
8.38 61.8055807131248
8.39 33.4379835986787
8.4 48.1171502990186
8.41 40.8931206065494
8.42 51.4859635511524
8.43 31.0086625864802
8.44 53.1479095356382
8.45 49.8348695948481
8.46 70.2524630531894
8.47 65.2838864334401
8.48 44.6611981982975
8.49 39.0634592696246
8.5 30.9999124354598
8.51 43.4207026860657
8.52 59.8633618756869
8.53 51.3620262762794
8.54 48.9214208191075
8.55 41.6744288676694
8.56 51.3878697775457
8.57 32.2722465514391
8.58 34.539767879573
8.59 40.727995114862
8.6 46.1575633947359
8.61 55.822925094449
8.62 38.573552018578
8.63 67.2490075730662
8.64 45.1899786597884
8.65 38.5610442097873
8.66 49.0535202224367
8.67 35.199999269125
8.68 41.9811950353771
8.69 49.6181310368949
8.7 41.7371723319072
8.71 68.7336137583286
8.72 52.5731468486161
8.73 60.5033144180443
8.74 46.6721703019409
8.75 58.3178414215553
8.76 27.8555300744337
8.77 62.8685322311088
8.78 46.59169433491
8.79 44.8904365379795
8.8 41.9219457959285
8.81 34.4160596008219
8.82 47.8939750446198
8.83 60.9040350179841
8.84 55.3355649476761
8.85 54.2629177835271
8.86 37.2488138350242
8.87 41.5849111731651
8.88 40.159732936742
8.89 52.4717637596419
8.9 60.4642011803382
8.91 46.9131702846827
8.92 58.0000060278994
8.93 52.9819168635764
8.94 48.3784210870376
8.95 47.5886053590893
8.96 52.4623299741962
8.97 58.5675505897399
8.98 57.8314791917304
8.99 61.7900585667997
9 50.3482889243377
9.01 71.1042815780643
9.02 56.3164154350334
9.03 42.1846045515147
9.04 42.0050030479928
9.05 50.6065000831269
9.06 48.4464321230289
9.07 59.3689216209488
9.08 42.1876415938807
9.09 35.5054078779045
9.1 48.0804151843835
9.11 33.5668046685791
9.12 32.7091681112477
9.13 57.3174513704539
9.14 60.8975247396378
9.15 38.9448118867218
9.16 56.7386902463728
9.17 50.498974812752
9.18 28.8753017448417
9.19 48.7995004899949
9.2 51.2400490878734
9.21 49.3784420974716
9.22 52.7891616377229
9.23 47.5049960041999
9.24 41.4837314052437
9.25 58.0577390513608
9.26 54.9888623428914
9.27 41.4307084674832
9.28 47.351514447683
9.29 61.5689364325507
9.3 44.8603893611277
9.31 39.0508592653535
9.32 38.2475659069981
9.33 57.5136034280268
9.34 63.0713565166938
9.35 44.2947293028226
9.36 41.496837323642
9.37 44.189693361923
9.38 50.3476398729137
9.39 63.5209871065333
9.4 49.2033137128372
9.41 55.2164322812712
9.42 78.694819504389
9.43 36.1041072711349
9.44 52.1650800500913
9.45 71.3619211916326
9.46 65.93236150413
9.47 49.3860131680707
9.48 59.8659902603306
9.49 52.3753851044877
9.5 42.9441267903109
9.51 39.2615494503455
9.52 43.2807020406859
9.53 42.5051717783155
9.54 49.4106929992254
9.55 51.9861264807444
9.56 32.4051141330951
9.57 50.285631190907
9.58 56.2238977360822
9.59 54.2938536957343
9.6 66.6730555216105
9.61 76.3766969353156
9.62 63.0975728219483
9.63 55.3493696527559
9.64 46.3973799367645
9.65 49.8555859279415
9.66 53.8096501576224
9.67 45.1622939746944
9.68 65.5365656156168
9.69 36.2060127382059
9.7 50.7205946017124
9.71 37.423416782479
9.72 59.8765398522682
9.73 62.961622387337
9.74 47.4426934483166
9.75 41.823245501633
9.76 46.8854132398674
9.77 68.2574269232361
9.78 38.9659666997945
9.79 57.7307910542306
9.8 56.8462509966311
9.81 66.2726511097796
9.82 67.5165943353147
9.83 59.243530067384
9.84 51.4842137868355
9.85 53.3029791886769
9.86 54.689266121079
9.87 53.2544028689522
9.88 67.3414314949822
9.89 59.8944488785943
9.9 83.3965079009116
9.91 31.4060314785723
9.92 50.9692899665571
9.93 59.063682762097
9.94 57.6018331277202
9.95 48.3712796403858
9.96 53.6963988528492
9.97 60.2374462762808
9.98 61.9024581337041
9.99 71.6518698886561
10 68.4490697896793
