0.01 11.7808054208282
0.02 -4.71483233159499
0.03 9.1508488819518
0.04 0.522697402244176
0.05 -5.78921397049644
0.06 16.9910762353018
0.07 19.4179408735616
0.08 -0.555058614976876
0.09 17.7004134974167
0.1 13.4741591614019
0.11 -1.87145278044638
0.12 7.11423413167401
0.13 -10.1719803734935
0.14 8.66861007041516
0.15 14.4298262320408
0.16 9.69481880778185
0.17 8.71567110431503
0.18 7.59201061887893
0.19 -2.1057200166606
0.2 -2.11363037504385
0.21 9.07324623342047
0.22 -9.91089626647917
0.23 22.7086983623546
0.24 10.8945783339263
0.25 -6.91420033364147
0.26 22.9320239058417
0.27 25.3171217636959
0.28 7.68052282657106
0.29 4.98521265536778
0.3 -0.955016651511997
0.31 4.1788690626623
0.32 11.2336050015695
0.33 13.7148063154698
0.34 -11.8909243068807
0.35 29.5979084601405
0.36 14.3745467522306
0.37 0.892719721183951
0.38 16.7021633421447
0.39 7.74743570746083
0.4 2.74059052599556
0.41 12.7198302673408
0.42 16.5886806680285
0.43 26.3846622914989
0.44 -2.28559144866677
0.45 20.108727704261
0.46 8.18634029632006
0.47 1.50024947779695
0.48 4.32824549545467
0.49 -7.47933860588829
0.5 0.934491704880081
0.51 1.10325411857368
0.52 18.1040576197112
0.53 -5.37100719087197
0.54 18.4073952498463
0.55 20.3393607341758
0.56 8.63470724757511
0.57 4.23219804755973
0.58 4.51116635236494
0.59 24.2197380109029
0.6 3.04370213611591
0.61 1.91275530800554
0.62 -0.71443040673985
0.63 6.37690801472425
0.64 11.4264718726326
0.65 -3.90473108563049
0.66 21.3017479582791
0.67 6.50182404382712
0.68 0.0031634920602972
0.69 -5.03973330865508
0.7 17.4774393403046
0.71 3.5082564175072
0.72 7.71328055183806
0.73 3.26319945462862
0.74 11.3040896724446
0.75 23.5439560026944
0.76 3.48803734241757
0.77 -4.7881120852868
0.78 13.8026244135897
0.79 -2.83801892012561
0.8 10.5926211720898
0.81 13.9411103607172
0.82 17.100911354427
0.83 30.9809505558616
0.84 18.5163290882705
0.85 19.585507180726
0.86 13.1519951770313
0.87 4.04250012883682
0.88 14.2400393649201
0.89 15.8690719308485
0.9 -0.837993789103697
0.91 7.85459183653695
0.92 2.52019714821291
0.93 -2.72949948062327
0.94 4.83679228375765
0.95 13.2484980433168
0.96 4.81239787327702
0.97 17.4253509596389
0.98 1.04971462465949
0.99 22.3705322548789
1 13.9692345037103
1.01 42.1991696333751
1.02 10.0351391719883
1.03 14.5466671289321
1.04 33.4802885479819
1.05 9.97345057818551
1.06 21.7855289036933
1.07 25.1924724776873
1.08 26.3054123579131
1.09 14.0033452090829
1.1 15.630470026623
1.11 17.8063651093512
1.12 16.5555194865393
1.13 15.1301289778566
1.14 30.9113361497045
1.15 22.5292295141565
1.16 4.37951827907229
1.17 27.8190102846934
1.18 15.5104754703201
1.19 10.8484133985847
1.2 12.1488599742354
1.21 7.87880350425034
1.22 18.0356516544137
1.23 5.05601692303434
1.24 2.84794899859269
1.25 26.6039550074248
1.26 10.0269417703992
1.27 34.4366813231671
1.28 1.81119280997609
1.29 23.4027083774436
1.3 8.8417111542139
1.31 -5.00623563266311
1.32 19.1112774105701
1.33 10.7298616970937
1.34 11.6114716916883
1.35 16.5813061860861
1.36 0.705482803465745
1.37 22.7126512064544
1.38 3.13253478833902
1.39 14.3601195881248
1.4 7.10964359492891
1.41 18.0078628452728
1.42 14.8452990151965
1.43 16.9056671639501
1.44 4.20096327405747
1.45 17.6442099782919
1.46 -2.453151274527
1.47 24.3916356009099
1.48 6.8950859401191
1.49 28.1954468572246
1.5 14.7665260350987
1.51 23.2306976418101
1.52 35.5933030016778
1.53 0.817377348916713
1.54 0.445967883217273
1.55 16.6618294243171
1.56 14.6885844729592
1.57 11.0473373238638
1.58 25.8424147665453
1.59 8.33258074043188
1.6 10.1948522543609
1.61 16.2684778553707
1.62 13.8840641589445
1.63 8.24290418419558
1.64 2.79204660411637
1.65 9.05112598086689
1.66 34.8954325189183
1.67 20.6619300134484
1.68 11.1194527205177
1.69 17.4316955790067
1.7 8.17925684994185
1.71 -2.76928506973044
1.72 26.9647934955878
1.73 14.2479262363066
1.74 7.39807545642558
1.75 -0.493508789312102
1.76 31.245709510435
1.77 26.0211030414105
1.78 5.78566701390108
1.79 19.7868184573186
1.8 12.3048095090334
1.81 17.1550708251373
1.82 24.6617419117884
1.83 10.1501010796108
1.84 -8.29043875090023
1.85 17.7382266786443
1.86 11.0215612075943
1.87 15.2096294793432
1.88 4.06544586206976
1.89 15.1874512957029
1.9 18.0681563732958
1.91 -0.223153160369566
1.92 8.45323827716622
1.93 38.4794267789026
1.94 30.4617363820945
1.95 14.0880432541658
1.96 23.0455690189523
1.97 5.69700772425181
1.98 1.95849024495821
1.99 14.7626603098449
2 7.87153150495874
2.01 20.3556053789326
2.02 4.86321277564239
2.03 -2.45955298914206
2.04 21.4330904989926
2.05 8.41641943151609
2.06 25.7063139672832
2.07 18.3678571486425
2.08 23.9657979625264
2.09 11.1509698173775
2.1 7.81245627545062
2.11 15.49092379324
2.12 -16.4268298859417
2.13 21.3454988031146
2.14 0.82618006524039
2.15 8.85107970339725
2.16 19.7693578222394
2.17 28.3420604524042
2.18 35.4650542549669
2.19 13.9434947978349
2.2 17.5533962502217
2.21 25.6728682189238
2.22 12.7326429297903
2.23 10.7608231599152
2.24 17.4298188147139
2.25 35.7078909208774
2.26 12.8451523953074
2.27 12.6501899529377
2.28 35.8133956650056
2.29 20.0172403523591
2.3 28.3649061290975
2.31 12.9807327084288
2.32 21.4867793111141
2.33 12.6259627942267
2.34 31.285842565235
2.35 39.8979498556504
2.36 23.253332952602
2.37 9.42654107083984
2.38 14.6115344273888
2.39 12.6248627990096
2.4 16.9134785974518
2.41 16.9324009035666
2.42 8.31116828994787
2.43 14.2351104955032
2.44 5.23444689847677
2.45 5.4448671597931
2.46 6.75846537510204
2.47 15.7765904041476
2.48 19.7888115464383
2.49 17.5273437933301
2.5 36.325973219011
2.51 36.5929253167587
2.52 5.26270075049762
2.53 10.4567048970775
2.54 19.1763479876605
2.55 -19.297633292771
2.56 13.0473197090418
2.57 22.336046744933
2.58 5.76575777387865
2.59 7.18182706916515
2.6 20.2295129740692
2.61 21.867301956226
2.62 35.3898428465246
2.63 18.0767428933235
2.64 17.8663637521261
2.65 11.8388389996094
2.66 18.2100837952214
2.67 10.8720436557968
2.68 17.5472880191084
2.69 40.9832498107516
2.7 23.537414329564
2.71 10.0598741682339
2.72 33.4368795810098
2.73 7.97532950279614
2.74 24.8830591628194
2.75 -2.5760819727757
2.76 15.8942014654687
2.77 28.0468496424233
2.78 23.2810623502677
2.79 8.30845530146722
2.8 28.5695347182331
2.81 9.54158633961197
2.82 32.4123632869339
2.83 28.1909757048438
2.84 29.7861070712316
2.85 9.2721357813938
2.86 22.3135105718492
2.87 25.1242770249408
2.88 1.08849550840243
2.89 37.4518014594814
2.9 35.4364459896554
2.91 28.210317014924
2.92 28.0114836854209
2.93 19.2381671298136
2.94 23.9886801438637
2.95 23.9905650740693
2.96 29.5061271989091
2.97 9.2082791192126
2.98 1.02677924855037
2.99 15.3069269763043
3 24.2310769027992
3.01 3.41868322969848
3.02 21.0131411077775
3.03 1.21285625392682
3.04 16.6119428172173
3.05 30.8789168365566
3.06 24.4412742661304
3.07 23.0551750683101
3.08 32.9982886088324
3.09 14.3627714710591
3.1 13.49237737918
3.11 25.0982756601433
3.12 13.872569824563
3.13 35.1860253467319
3.14 27.5381853865013
3.15 22.9578982619622
3.16 25.5253257985125
3.17 10.0560871674609
3.18 38.8112132544047
3.19 28.1954812690692
3.2 28.4247655743903
3.21 17.3813161344753
3.22 12.4180684640881
3.23 11.1660507204567
3.24 24.0398239172909
3.25 1.28887864091556
3.26 9.86028642071053
3.27 8.55561585201862
3.28 36.174956037411
3.29 21.5334093303219
3.3 39.420010245032
3.31 17.196624342307
3.32 36.4179930371755
3.33 37.3725349402524
3.34 24.4179808741182
3.35 30.1771054328116
3.36 18.5332151273492
3.37 34.9116575264202
3.38 19.8539726174039
3.39 29.4744166435697
3.4 29.8173321421467
3.41 25.3308252324947
3.42 29.2115175426846
3.43 35.9646372145175
3.44 31.2380980653547
3.45 28.2098890982394
3.46 17.3707766935137
3.47 20.7589109719634
3.48 21.7338474562049
3.49 10.497142167473
3.5 5.58128458997776
3.51 11.9799921602171
3.52 14.8585491584785
3.53 19.1679056572674
3.54 26.6392213121811
3.55 18.4970897015628
3.56 50.2252084330493
3.57 17.3781667170334
3.58 15.6184718228607
3.59 14.2059808594116
3.6 11.8671906454125
3.61 23.0408733733066
3.62 22.995782742408
3.63 27.167733630964
3.64 32.5388550019999
3.65 35.7604862897725
3.66 17.791230961072
3.67 33.6513536778382
3.68 15.3269510295511
3.69 19.300180324519
3.7 31.0580330747612
3.71 25.8149436010235
3.72 10.8507669708229
3.73 19.4077536709533
3.74 18.8616461339092
3.75 33.8612844895373
3.76 46.8264165452826
3.77 12.3008057409202
3.78 36.5233619291312
3.79 21.8115225992053
3.8 -1.96671948874172
3.81 22.4102937421957
3.82 25.7882032442305
3.83 25.1334652665747
3.84 45.9450879852649
3.85 19.0396342845344
3.86 18.9200696687003
3.87 20.0576816326559
3.88 14.1161600152806
3.89 25.2413500767446
3.9 26.9239814556695
3.91 4.60555752390744
3.92 6.10356922842687
3.93 21.6203217317195
3.94 16.040596070744
3.95 44.1450033675873
3.96 16.5961595836111
3.97 28.7434690270939
3.98 19.4310973208913
3.99 10.9030354516496
4 33.6774846565428
4.01 16.1574166158082
4.02 33.9056710990306
4.03 8.57818124751648
4.04 28.1812504345701
4.05 9.66519990904062
4.06 19.2378127358414
4.07 26.2697895798493
4.08 40.6148688386218
4.09 24.3748699779811
4.1 49.6753178683234
4.11 41.753291282965
4.12 36.5412583341322
4.13 24.1667498745817
4.14 31.6299193379351
4.15 28.4192345690184
4.16 16.4292731909588
4.17 16.8259400301789
4.18 30.1103873041539
4.19 35.7760622018705
4.2 27.7933607603926
4.21 17.6900916575389
4.22 43.8529766805328
4.23 19.5529029363898
4.24 18.9043092913043
4.25 38.4299888628984
4.26 27.563570628315
4.27 38.8500326625618
4.28 21.7877658747319
4.29 37.9470754612375
4.3 33.0507141280916
4.31 23.1281321333641
4.32 40.2731450134446
4.33 24.6127219356038
4.34 25.1528058904512
4.35 31.9381309982294
4.36 18.2846323449295
4.37 33.8391329252389
4.38 23.4485536017306
4.39 19.1320008123625
4.4 6.48490725873046
4.41 20.4811546573449
4.42 7.2213898405848
4.43 24.7777325944219
4.44 35.5400189533965
4.45 28.2778726013885
4.46 39.0189136733288
4.47 25.8420510838595
4.48 53.7738847513648
4.49 16.4621598409062
4.5 43.9421116981448
4.51 15.5003058776019
4.52 23.8528365545877
4.53 38.4563820936047
4.54 19.4344608068684
4.55 49.0608562661818
4.56 1.55292623849919
4.57 5.73207754958122
4.58 31.1749060762444
4.59 13.6221009231778
4.6 36.5887129168602
4.61 23.9290876665102
4.62 11.5934202370588
4.63 13.4586036587142
4.64 14.4931251071718
4.65 35.8534555414174
4.66 34.5956671253609
4.67 37.5307153848105
4.68 13.8512380846067
4.69 37.7765768599116
4.7 17.38813446374
4.71 31.5731506747412
4.72 20.4125462438284
4.73 35.237017839719
4.74 34.144912011974
4.75 22.7981165212339
4.76 17.7444937239115
4.77 40.0693936221386
4.78 36.3938960546076
4.79 25.1243692609246
4.8 40.6084283590097
4.81 42.0715384146897
4.82 15.5297493500843
4.83 18.0478958969916
4.84 34.2815184934362
4.85 34.1063240927013
4.86 8.68182230420507
4.87 59.1139876941223
4.88 27.1698472563866
4.89 37.5561669118986
4.9 29.3257796484523
4.91 9.55929955805086
4.92 25.9921060975392
4.93 21.5820449880469
4.94 34.6951166972834
4.95 29.6144300429317
4.96 40.9132823022229
4.97 23.1118411178986
4.98 27.9044117399584
4.99 21.6648266855535
5 12.0332715836611
5.01 23.2812857076589
5.02 28.8438202003836
5.03 22.9499249237092
5.04 26.3473777942703
5.05 26.9864564873418
5.06 34.0979305584662
5.07 47.0606523997774
5.08 42.4052176432805
5.09 30.157595951044
5.1 21.8925499075032
5.11 27.6925159376952
5.12 48.5129735687353
5.13 32.9767266824535
5.14 30.4003833137787
5.15 16.6223313894042
5.16 26.2882832284128
5.17 42.2752531193988
5.18 23.176926269961
5.19 22.1655488218013
5.2 25.8246665827167
5.21 33.7897797306009
5.22 38.1353182340449
5.23 32.5820581775041
5.24 33.3999665262676
5.25 39.266539606114
5.26 22.6191383612611
5.27 31.5647061564417
5.28 39.2770938907977
5.29 40.3386925224019
5.3 17.7612639454086
5.31 32.0707565103476
5.32 18.2354145292776
5.33 54.4873100143338
5.34 46.1915956553035
5.35 19.0626980206927
5.36 39.2625731282388
5.37 40.7885975457904
5.38 50.3692344373843
5.39 43.3372885470194
5.4 29.398682880252
5.41 50.6751678023513
5.42 33.5712383576384
5.43 29.5485490001858
5.44 36.7894010906701
5.45 48.3511084650397
5.46 40.4987187135862
5.47 32.2924836717753
5.48 27.9134139059332
5.49 39.1144862745439
5.5 17.8829105522686
5.51 40.0763786882031
5.52 37.8876496176871
5.53 30.1670580152569
5.54 29.4439076704756
5.55 24.9254503159346
5.56 42.3529264895713
5.57 31.6191994809248
5.58 53.1911660819871
5.59 42.8716532981102
5.6 39.2966678846086
5.61 20.683494448046
5.62 44.3199068729411
5.63 26.1210054837691
5.64 16.2146393604366
5.65 47.5246084566
5.66 37.3767167032716
5.67 35.8490243528776
5.68 31.7726314649687
5.69 24.3176978734046
5.7 46.371820721152
5.71 41.6889219418878
5.72 36.7879502675761
5.73 33.411829960638
5.74 21.4820682407189
5.75 41.2563862296901
5.76 27.8792261965882
5.77 24.8971096971048
5.78 30.5491729735388
5.79 36.4591258266769
5.8 30.2831423166219
5.81 41.9493680606047
5.82 30.536998920275
5.83 38.2168089151993
5.84 32.6071249588768
5.85 14.0466074823409
5.86 43.1041329455503
5.87 28.1215039052483
5.88 23.323651197848
5.89 23.465000253345
5.9 25.6404825025928
5.91 55.1757615786652
5.92 17.7495956767896
5.93 15.6011281499498
5.94 30.0365667669125
5.95 41.5187500685892
5.96 23.4001263869351
5.97 35.8127294122329
5.98 39.4341985749039
5.99 24.6456831160191
6 48.774184765409
6.01 42.5881353841861
6.02 45.9546266942035
6.03 46.8467826970293
6.04 35.6763259230881
6.05 59.4350224415867
6.06 37.9009563024469
6.07 25.8191812881629
6.08 27.4119523781473
6.09 40.2206277139961
6.1 32.5816485069898
6.11 27.4150313530792
6.12 33.2166108733335
6.13 43.5603706079312
6.14 41.0247822666481
6.15 64.1436174715743
6.16 47.9698605904577
6.17 41.8151953623493
6.18 36.2821097252456
6.19 52.9773212903511
6.2 32.9452640579751
6.21 41.8960045156049
6.22 37.3932246594877
6.23 30.0102641849737
6.24 29.4264867063671
6.25 41.4547495186583
6.26 14.5943713612414
6.27 17.3683505512873
6.28 44.9671640478011
6.29 36.5560869179511
6.3 25.639718013367
6.31 45.3796045229706
6.32 22.1897975943785
6.33 25.4555347472802
6.34 27.4712164250749
6.35 38.2576574010607
6.36 33.7025500833405
6.37 45.2929694084081
6.38 40.6895613355357
6.39 23.8351840169347
6.4 26.974046744918
6.41 25.9555659680326
6.42 27.6845528224647
6.43 52.509208678504
6.44 37.0811889711346
6.45 33.0292726177106
6.46 51.8843978669648
6.47 38.4047390681733
6.48 48.6810478432679
6.49 49.7299602474332
6.5 22.3164362204052
6.51 39.9819277342672
6.52 21.0420368759253
6.53 28.2293789129907
6.54 26.5578902411769
6.55 32.860179696539
6.56 44.784549624948
6.57 41.1785967176922
6.58 27.7035380547105
6.59 36.4424032817951
6.6 23.5545494527768
6.61 34.2191812767266
6.62 45.6309733833044
6.63 53.4272785704445
6.64 35.8182523988858
6.65 46.7572411325608
6.66 39.8788298683496
6.67 32.657940770519
6.68 42.6803352969926
6.69 51.2977900560033
6.7 45.613403096288
6.71 45.864393289678
6.72 34.9417860370165
6.73 54.0890383287196
6.74 63.9484677840651
6.75 38.0221483106677
6.76 49.6293504445875
6.77 40.3901837524658
6.78 37.9128256723221
6.79 42.747423384101
6.8 50.1295906535791
6.81 42.5089382134925
6.82 29.8363372023696
6.83 47.9489780962946
6.84 43.6648521520579
6.85 27.9372100257482
6.86 38.6723589295122
6.87 39.393892282962
6.88 42.1408273504926
6.89 25.9937551044859
6.9 38.4933881995302
6.91 23.2805396592044
6.92 41.7418904126873
6.93 36.8836611475784
6.94 54.4776336814877
6.95 29.5917322141839
6.96 41.6045319536492
6.97 36.2235032434752
6.98 57.607355223433
6.99 34.7466625455771
7 35.2022174030489
7.01 50.777761325724
7.02 37.0558734618743
7.03 48.6482795777641
7.04 25.718155129325
7.05 44.012736776095
7.06 47.5594513748475
7.07 26.3922157620741
7.08 42.98147629935
7.09 40.3372763071827
7.1 47.4395051428451
7.11 32.6053342941851
7.12 56.8263940517645
7.13 47.6950996763914
7.14 50.9230152802389
7.15 62.4143949507632
7.16 47.7194453331746
7.17 31.0665332100287
7.18 39.2426994849638
7.19 37.4201601144045
7.2 40.4595846972826
7.21 50.2239255960387
7.22 39.2667294997036
7.23 41.6722907362079
7.24 61.7198971351042
7.25 36.6786097720171
7.26 36.8232800473147
7.27 40.0617105981866
7.28 58.6783463804727
7.29 47.732381468226
7.3 34.4475544457482
7.31 18.1730267091244
7.32 34.2531225684295
7.33 47.6009062960969
7.34 56.3478844677807
7.35 31.447550511667
7.36 32.3920296013193
7.37 36.5136545988686
7.38 42.8173051785832
7.39 29.5768711413168
7.4 65.5822657698624
7.41 31.9228812728658
7.42 51.4717641742555
7.43 49.4630454426663
7.44 54.3313450530054
7.45 34.04300253626
7.46 63.7046759951884
7.47 36.0369499248123
7.48 48.083855575106
7.49 26.2624395489522
7.5 43.2127877696185
7.51 44.82208117694
7.52 47.4749396321086
7.53 34.6420528234706
7.54 41.3401845137423
7.55 45.8042172216157
7.56 39.6449679526941
7.57 57.7235184500705
7.58 30.4625190276689
7.59 57.46326806371
7.6 26.4911006817924
7.61 39.0111534598466
7.62 51.0495805481936
7.63 39.4588237186817
7.64 54.2010869345508
7.65 31.4419027424903
7.66 38.2171386990579
7.67 42.9149960311303
7.68 51.6281392156318
7.69 48.2341377582262
7.7 35.2545026605755
7.71 45.066095011521
7.72 35.3279730692127
7.73 44.9132569666838
7.74 47.3271495339189
7.75 32.2202982994945
7.76 32.1657963036676
7.77 35.793073107603
7.78 36.8590405483829
7.79 50.5770974024431
7.8 37.5174044224416
7.81 57.1315139456791
7.82 37.4611348318684
7.83 40.8657328732853
7.84 37.5033464709696
7.85 36.0958104664844
7.86 41.3581516403033
7.87 32.4399615173216
7.88 45.3384364349835
7.89 41.9804032793497
7.9 47.3566536299035
7.91 42.7028097841514
7.92 44.2195878783875
7.93 43.135911360307
7.94 31.7254657742267
7.95 36.8577566271882
7.96 38.2563902969309
7.97 44.3100717999138
7.98 42.0144570324301
7.99 21.4164593206966
8 44.3406797795818
8.01 48.6234366463734
8.02 61.6546860793163
8.03 32.2720662859985
8.04 34.1675464431636
8.05 38.8291349053566
8.06 64.0244103492966
8.07 73.6136415785363
8.08 49.3182522834458
8.09 42.6479542544123
8.1 49.3815823285924
8.11 49.9304085190801
8.12 38.7477608446932
8.13 32.6702101044796
8.14 52.0430637994052
8.15 44.6938267531091
8.16 34.3216116960981
8.17 54.9804809688682
8.18 43.8731283297888
8.19 49.7680979652599
8.2 51.057482869266
8.21 65.8073381715349
8.22 56.8451111938405
8.23 50.4080280444859
8.24 43.9254752839528
8.25 58.9976093843231
8.26 47.417159035771
8.27 47.7985210993497
8.28 39.6576325208255
8.29 43.5944442548136
8.3 56.0894876118667
8.31 33.4863491048288
8.32 35.1541763633286
8.33 23.9287207305252
8.34 38.2946159002216
8.35 48.0301137442629
8.36 48.9136342113526
8.37 35.9875603185514
8.38 59.1823719932591
8.39 44.5555193838727
8.4 57.9682096026063
8.41 36.5053325200628
8.42 48.076350512872
8.43 64.6423179575009
8.44 55.3520362007436
8.45 51.1180084174637
8.46 42.3108981634616
8.47 47.0374603324836
8.48 53.1286449362241
8.49 40.5184930818744
8.5 58.7035656220128
8.51 44.0598810353474
8.52 38.7313954105825
8.53 50.8864057921255
8.54 56.9869284466324
8.55 32.7780710044689
8.56 46.2164480720603
8.57 55.9026252425563
8.58 60.5749800160546
8.59 52.9619787932505
8.6 63.0547664279321
8.61 53.6061662644947
8.62 53.2352351620114
8.63 57.2178951477729
8.64 37.6851451708443
8.65 46.7259295759332
8.66 32.7639705791486
8.67 46.5163788871125
8.68 43.8435153807748
8.69 54.1451231346511
8.7 19.8102090187855
8.71 45.7796497276122
8.72 47.1508368041532
8.73 36.1018713115721
8.74 58.371641516819
8.75 61.5159184975501
8.76 54.1071114696459
8.77 38.0189045899324
8.78 34.1672877492102
8.79 48.8907182305519
8.8 60.7406336016464
8.81 46.1336619336987
8.82 58.6935233858645
8.83 49.6804982175797
8.84 38.2680518956792
8.85 58.3123768676423
8.86 49.3403357910321
8.87 67.2171356009098
8.88 63.7375851611204
8.89 56.8034385953624
8.9 50.3566122930984
8.91 60.4381118999021
8.92 36.5113118270328
8.93 39.1657735749459
8.94 50.9850460210818
8.95 44.8967608897001
8.96 46.9957180108264
8.97 62.2271595849459
8.98 55.7366165118868
8.99 55.5267723900772
9 41.4898054174708
9.01 59.023466232264
9.02 51.4638380196783
9.03 46.9846213693752
9.04 49.9648252812843
9.05 35.7904450189383
9.06 48.4670601714248
9.07 44.4992643081991
9.08 63.4022520867967
9.09 44.9647500318322
9.1 41.6425403781714
9.11 55.5741332522288
9.12 66.23245330814
9.13 38.1824860286355
9.14 57.8021829833064
9.15 55.6790755217527
9.16 48.3337591761383
9.17 51.6367713661411
9.18 60.1894778915807
9.19 53.1173848600723
9.2 50.2687525178625
9.21 51.4274986164561
9.22 38.4629735017914
9.23 70.2447822034264
9.24 53.2008631610931
9.25 51.6586361699885
9.26 63.273314504403
9.27 59.3221790709938
9.28 43.8010989356967
9.29 42.0287490939825
9.3 60.5711115914642
9.31 54.9249359335292
9.32 56.1499161771476
9.33 39.3424695288083
9.34 38.7418943032006
9.35 53.3741903686215
9.36 37.6690450601357
9.37 45.0570025256374
9.38 33.7613988605662
9.39 37.776820426581
9.4 59.2025174063884
9.41 45.0003046240299
9.42 51.9965753284332
9.43 44.9730390325336
9.44 57.5401145758058
9.45 49.6217758437395
9.46 64.6164732808336
9.47 46.4949756211307
9.48 60.4598949110817
9.49 33.7395196046868
9.5 31.4170072729726
9.51 42.1807712502322
9.52 41.0580122477611
9.53 30.2274332597321
9.54 58.2684802950716
9.55 36.8580215518417
9.56 49.3098905933419
9.57 58.6114244996571
9.58 46.2545028914916
9.59 63.1497058166623
9.6 74.079649089028
9.61 54.8576810381922
9.62 50.0395900178828
9.63 67.0215863029041
9.64 55.5392363190116
9.65 51.0082967983477
9.66 67.445730208229
9.67 44.0043239981778
9.68 55.2210471260047
9.69 58.4774932432812
9.7 44.8444682491275
9.71 39.5719307494039
9.72 31.0378593980836
9.73 52.5073075395699
9.74 61.400619075921
9.75 53.433590909154
9.76 49.9430019411098
9.77 31.3275722522059
9.78 64.7972005997243
9.79 37.9007228609198
9.8 69.9381002991099
9.81 44.6827388301571
9.82 58.9765549860808
9.83 62.8447854664443
9.84 52.1511985740867
9.85 70.8916082208302
9.86 49.0019119469095
9.87 45.3137301049846
9.88 47.9664228946513
9.89 60.1217036794937
9.9 76.5120487923426
9.91 43.0194074755815
9.92 54.6279750431845
9.93 76.7964983628404
9.94 46.9520455246161
9.95 48.298057503284
9.96 68.1756364077555
9.97 47.2500149982437
9.98 53.6188798583074
9.99 54.5025583566654
10 46.5215725147468
