0.01 -7.25003536113915
0.02 10.3137167280095
0.03 18.7159493524155
0.04 21.5567770734265
0.05 23.7535321102742
0.06 18.6009621856924
0.07 12.1026293086055
0.08 21.6528426286743
0.09 7.2196549742753
0.1 -6.94907594348148
0.11 13.2150934375985
0.12 8.08637368162412
0.13 -2.80593232640102
0.14 17.7855725508018
0.15 15.5537921098767
0.16 -8.2486670051074
0.17 4.32936151968168
0.18 9.59580074363273
0.19 -3.77241761758208
0.2 10.6593985722993
0.21 3.08993999230762
0.22 6.99706958094473
0.23 -0.43148575971693
0.24 13.5094090707832
0.25 13.4910409476039
0.26 5.86682654414125
0.27 -3.17277239772676
0.28 -0.697074220171212
0.29 8.51303671253826
0.3 13.2518592648561
0.31 9.12169976229021
0.32 -3.53111116791421
0.33 9.97363401380233
0.34 2.14956682375583
0.35 6.2264108214454
0.36 1.11799461756275
0.37 13.3363084304737
0.38 16.7925413347766
0.39 8.38725982274347
0.4 2.46899403644679
0.41 0.32968599309039
0.42 -0.960726034398197
0.43 18.790858851705
0.44 12.6959711146536
0.45 3.73773635800591
0.46 -0.15921520595117
0.47 -18.880299589286
0.48 12.1864721690985
0.49 -9.99421408823144
0.5 17.3444741703723
0.51 -9.39015480792326
0.52 12.1964678094495
0.53 20.7252513312626
0.54 5.21018130575867
0.55 19.0375068775856
0.56 7.01273156618993
0.57 8.78572823526189
0.58 10.1258555769381
0.59 -9.27902576029494
0.6 10.7544698958525
0.61 6.77711998889073
0.62 11.0755728096091
0.63 28.1118858289563
0.64 14.0034511431568
0.65 11.90923072018
0.66 7.35266696991906
0.67 -3.881926830485
0.68 33.852382713558
0.69 0.439308471902923
0.7 4.6915628881518
0.71 17.6748300082967
0.72 4.47539916270993
0.73 6.59485069958469
0.74 35.995419092515
0.75 7.34574114154871
0.76 13.7646945898848
0.77 10.9295126183125
0.78 15.5467643079762
0.79 4.33428572938695
0.8 2.78649485483525
0.81 -7.70547182233922
0.82 18.2594365930531
0.83 12.0827325460164
0.84 24.7079289847052
0.85 -13.3373573871355
0.86 18.2855858704958
0.87 11.2665611203797
0.88 4.36107629648075
0.89 19.3371662741478
0.9 13.3487339855654
0.91 -2.38678766742281
0.92 2.55028229219382
0.93 15.8505820886166
0.94 26.9424631178056
0.95 17.7276582567388
0.96 22.1084074811004
0.97 22.3916924777578
0.98 2.38774908468742
0.99 25.0485131335767
1 -2.89879248944457
1.01 16.6222625462868
1.02 9.788633677166
1.03 2.44512836052393
1.04 24.63326707892
1.05 17.8244713586355
1.06 9.92820110525974
1.07 22.7702767795648
1.08 -5.04830905117627
1.09 3.6069346891652
1.1 -1.30335005496261
1.11 1.41523445631987
1.12 17.1226013520712
1.13 15.8437486815167
1.14 25.0183818984911
1.15 9.07302152278987
1.16 19.2937502803373
1.17 22.7243471960852
1.18 6.8057454897114
1.19 7.21633092883744
1.2 -2.16768125159287
1.21 7.25725437713053
1.22 30.3533976891551
1.23 2.83333085194062
1.24 13.9155701807003
1.25 17.5733850324875
1.26 28.8301139097865
1.27 7.88862451541058
1.28 -6.96475299205855
1.29 -4.23469367525809
1.3 10.9915719588278
1.31 36.1694482680812
1.32 22.3375159238096
1.33 -1.10471248704557
1.34 2.58234336004166
1.35 -9.64075305300469
1.36 8.14302382189966
1.37 11.2972831518698
1.38 0.429324952285047
1.39 -13.2834701625701
1.4 -1.00491561143339
1.41 10.9183453405337
1.42 0.425304567211985
1.43 2.24538327504975
1.44 12.712866898896
1.45 18.3086437492088
1.46 5.47619349353858
1.47 -4.38903409234341
1.48 1.36728312387857
1.49 13.7836719836633
1.5 6.70198058893602
1.51 29.3080007728744
1.52 11.1135145656923
1.53 19.2586612780876
1.54 0.522831523631726
1.55 10.1109731049169
1.56 -2.06433741783614
1.57 20.6008123513576
1.58 -0.735687632779635
1.59 3.09937898576133
1.6 9.33434361671672
1.61 9.20522618726818
1.62 26.6483372013059
1.63 21.3910992589118
1.64 19.6448177257877
1.65 21.6756821876955
1.66 1.18556426296159
1.67 34.4428358266411
1.68 22.4763548260243
1.69 -5.84080942143303
1.7 -0.130083093423638
1.71 10.7756345717274
1.72 6.28676000842329
1.73 14.9207087560255
1.74 32.4490691077296
1.75 19.4969851255106
1.76 29.7342048931181
1.77 -7.08044567910312
1.78 11.6617617113562
1.79 21.8533512848273
1.8 6.09367372998026
1.81 -2.15243748331531
1.82 10.8986227978581
1.83 -3.2420675147678
1.84 5.4768509577567
1.85 7.06802221648712
1.86 20.746576622155
1.87 23.9174884688283
1.88 8.0018546887574
1.89 -9.53596632824724
1.9 15.4286847648566
1.91 2.4258085976633
1.92 -6.92085557961975
1.93 -2.17280857951865
1.94 10.3665322210183
1.95 -6.94392841966689
1.96 -2.18597662483891
1.97 3.81846533855839
1.98 25.8099530771105
1.99 5.99961083326014
2 3.56011517728143
2.01 20.3075520845879
2.02 32.3436115237274
2.03 22.1034351820998
2.04 9.90954910673947
2.05 10.3401722116564
2.06 -1.57299440360314
2.07 13.6869084621116
2.08 23.4672228605629
2.09 14.3721335645422
2.1 24.1326838154524
2.11 -0.545353740539419
2.12 25.8005330512046
2.13 6.25279236119227
2.14 6.02406305895879
2.15 12.1191713935841
2.16 21.3935106249461
2.17 20.8084220903609
2.18 14.8308393826173
2.19 4.21361317952325
2.2 26.2554578092024
2.21 11.2500170772878
2.22 6.54512246997717
2.23 19.4051542899337
2.24 18.500290738686
2.25 -6.8158482988787
2.26 15.7953124137402
2.27 7.48227849824287
2.28 6.23120237506439
2.29 27.0835736198895
2.3 35.9110703968905
2.31 26.3074264228703
2.32 12.9967321292904
2.33 20.088233757969
2.34 6.80711970890886
2.35 9.70526373373101
2.36 16.6917604099614
2.37 12.5526579411918
2.38 20.9308316508103
2.39 21.2038671973035
2.4 -11.857970221165
2.41 23.9646995805527
2.42 26.5397097369329
2.43 27.1864225155284
2.44 15.0102149739838
2.45 9.21003764622504
2.46 23.7769039525029
2.47 17.4397541852998
2.48 23.6289230496619
2.49 6.2309280281303
2.5 23.2073377158475
2.51 11.6206680617512
2.52 13.0460808130871
2.53 21.9673276697374
2.54 2.75262297325025
2.55 -4.1342962229218
2.56 17.863650763087
2.57 5.04680409425434
2.58 22.8554134385893
2.59 16.5174719750909
2.6 18.4927209760703
2.61 7.06445942536292
2.62 27.7387426996683
2.63 6.79603542597738
2.64 5.29593385011841
2.65 35.0162138612649
2.66 10.2870584257594
2.67 25.1486165847888
2.68 21.9114592365847
2.69 17.2440142682141
2.7 -4.32328857612207
2.71 15.8551674554505
2.72 3.99353731589711
2.73 1.09485354504959
2.74 13.0031250237958
2.75 13.0467433500358
2.76 17.3486894064185
2.77 3.89184776269242
2.78 7.96750227875619
2.79 12.7928237899758
2.8 13.9238970550674
2.81 24.3866539623171
2.82 25.6611561625827
2.83 29.7582209112502
2.84 36.0394664235602
2.85 2.24481622607941
2.86 23.5320308208828
2.87 13.5652807149228
2.88 17.3242619053773
2.89 11.6165452433622
2.9 13.8265278359809
2.91 39.9094852922745
2.92 7.24348512561903
2.93 29.5098383960899
2.94 16.6842514852791
2.95 17.6372076304197
2.96 36.2240906038828
2.97 14.5833785994152
2.98 18.3539576815213
2.99 40.0421961283822
3 18.2665575905839
3.01 12.437833228085
3.02 8.67644496972381
3.03 2.05792520524658
3.04 13.6972273432013
3.05 3.57512713944672
3.06 29.991332848227
3.07 10.6904845368697
3.08 17.7604143087407
3.09 26.9184922891577
3.1 9.63960248005459
3.11 20.7487933037314
3.12 26.4605958980707
3.13 39.1360648433858
3.14 15.663860687319
3.15 31.9055212011661
3.16 30.3210518924578
3.17 20.2503896455682
3.18 36.52997214848
3.19 20.5249341091077
3.2 33.6203761638731
3.21 18.505228098694
3.22 -3.96143104770512
3.23 19.551681710423
3.24 8.45553374213413
3.25 5.72648091471965
3.26 15.9055506264124
3.27 23.7302895133179
3.28 32.1762677862176
3.29 31.4020515323399
3.3 28.738762054297
3.31 23.3486971983901
3.32 16.1496141066336
3.33 21.4752914195511
3.34 14.6271735663844
3.35 21.4657229156858
3.36 25.967803147937
3.37 29.1324763246724
3.38 28.0153152991897
3.39 20.3628434505878
3.4 39.7165589058175
3.41 21.5983170156751
3.42 26.8572764084361
3.43 9.3028998689729
3.44 33.0405294597732
3.45 15.8262441111723
3.46 14.4220366475306
3.47 30.7953448621291
3.48 59.6993909520945
3.49 12.2635472503312
3.5 20.8863096290543
3.51 19.0366360932136
3.52 7.26130338495214
3.53 32.4108735162852
3.54 20.9802769808192
3.55 34.2291662174717
3.56 32.1999040900313
3.57 28.1005193472145
3.58 26.8087396186944
3.59 24.90069239737
3.6 14.9175434195133
3.61 26.7052219012063
3.62 7.50255397187188
3.63 21.6898610855926
3.64 26.6915033230007
3.65 14.0106604360782
3.66 14.7463773912348
3.67 4.48414523458379
3.68 22.2206742030467
3.69 45.3367253937766
3.7 11.1868756352928
3.71 19.6316641707241
3.72 25.1926079544652
3.73 19.8248229162869
3.74 41.2007750685374
3.75 19.2361422844242
3.76 8.11688754759195
3.77 27.7313634557283
3.78 35.7441983850555
3.79 15.0059285771406
3.8 27.6088220419505
3.81 35.116604389827
3.82 33.0583659811081
3.83 24.5719754269996
3.84 28.7428109595264
3.85 24.5718025686212
3.86 16.9692065921226
3.87 36.1437745301733
3.88 16.8381523753571
3.89 11.9927370227989
3.9 22.258667585826
3.91 29.9462439075813
3.92 18.9880745411125
3.93 7.43001950041734
3.94 12.3021547466571
3.95 14.0118780236945
3.96 38.7969283934884
3.97 38.6693766693498
3.98 26.3970601035138
3.99 20.285322219833
4 22.3013985785657
4.01 15.8353861539121
4.02 14.4164159049869
4.03 14.5378934721483
4.04 29.9870725988711
4.05 42.6704806152871
4.06 22.8707274188668
4.07 32.809180525363
4.08 26.1845704507969
4.09 20.1393596201352
4.1 24.7202650114942
4.11 39.8175244738953
4.12 16.8155569195777
4.13 35.692236471882
4.14 15.5764223128473
4.15 32.2252657946408
4.16 24.7116642979289
4.17 30.646279454106
4.18 42.6236427968465
4.19 36.6755076506642
4.2 16.2606276927829
4.21 27.3002406337678
4.22 23.4070943657908
4.23 31.2924502558507
4.24 23.9225032520496
4.25 26.3021247394283
4.26 26.9891689475384
4.27 20.9690414604816
4.28 22.1203283577924
4.29 39.7523925200253
4.3 -0.565438681066862
4.31 23.6124094378357
4.32 30.7648579464929
4.33 24.1619507874706
4.34 41.1881845789854
4.35 9.94648513888246
4.36 24.1846982538952
4.37 23.4348414210841
4.38 27.5374476774066
4.39 6.18355811418593
4.4 29.2791079685196
4.41 12.26283034736
4.42 33.8283171621037
4.43 26.3228810335628
4.44 40.0257726176063
4.45 20.6919241375765
4.46 8.95280303033165
4.47 20.2806731263002
4.48 37.3177126912808
4.49 34.7897539395278
4.5 12.0602297406821
4.51 17.76545495853
4.52 22.7560071943556
4.53 22.2212313552077
4.54 40.5144346796539
4.55 13.5333195799258
4.56 17.9126376641718
4.57 6.78816670632711
4.58 29.7925503361682
4.59 26.8674798472842
4.6 41.7935552489388
4.61 25.2554028005419
4.62 23.8432246135161
4.63 28.7222535814229
4.64 15.4234567391563
4.65 13.9529394870731
4.66 35.3337287921255
4.67 37.5764910235346
4.68 37.2076165119831
4.69 37.7261997616889
4.7 7.7952235359524
4.71 28.4834580281221
4.72 25.8095823556279
4.73 42.129365647124
4.74 27.5245435754504
4.75 35.8053524104273
4.76 19.0166306641422
4.77 21.7261373013798
4.78 23.5097761268873
4.79 9.60418728716432
4.8 19.0495050570859
4.81 53.8679147565148
4.82 41.4036049269303
4.83 26.9332681363629
4.84 39.61431818351
4.85 34.350733935498
4.86 39.3869692341481
4.87 23.3066191293911
4.88 22.5471605735896
4.89 18.7275140873285
4.9 52.6785135757562
4.91 26.8417177121182
4.92 37.7477963146825
4.93 22.2954195837278
4.94 30.4945991310916
4.95 17.6254953307586
4.96 36.3701338384321
4.97 35.2556961648351
4.98 20.4849598766831
4.99 23.8559873786824
5 11.6552710063243
5.01 32.1565117171355
5.02 37.3332926924297
5.03 31.5760976000007
5.04 50.6425221038233
5.05 33.607934422518
5.06 34.8280148276511
5.07 42.8641321041395
5.08 48.9500364505534
5.09 31.6161697749957
5.1 27.0785804636733
5.11 42.7742431729581
5.12 26.1103144280421
5.13 35.7229610200527
5.14 12.7876076027327
5.15 35.7569533276853
5.16 34.6519860606427
5.17 14.6340956172312
5.18 45.7652584340982
5.19 12.6742956019863
5.2 34.5482801439949
5.21 26.1286432948071
5.22 58.3231194587799
5.23 20.6564518167786
5.24 39.6587180229731
5.25 46.6267208719032
5.26 18.3685084547141
5.27 19.8594477882999
5.28 45.266491363512
5.29 37.6011508736161
5.3 33.4208599973459
5.31 29.6445552371645
5.32 45.140113144264
5.33 24.4324473410379
5.34 40.9775042960518
5.35 31.2908353497912
5.36 43.9188217470313
5.37 38.5347965337194
5.38 36.5788227534301
5.39 25.3957931580215
5.4 34.3188878959654
5.41 30.0212724962384
5.42 41.5231835131996
5.43 42.4699748297519
5.44 29.8889787685119
5.45 42.809465076533
5.46 32.0813161317864
5.47 17.089642245859
5.48 37.020206604572
5.49 33.4139113510096
5.5 39.7879694003536
5.51 42.5001778189709
5.52 33.4142945723
5.53 35.3909139302151
5.54 43.755580117068
5.55 39.3861509480274
5.56 27.2368682426425
5.57 36.9502649531811
5.58 45.2672658827104
5.59 26.1886452835964
5.6 29.5218657339228
5.61 22.9904004420057
5.62 33.6439602972295
5.63 45.161064201532
5.64 33.1595595847381
5.65 15.5099566302679
5.66 31.0897457937395
5.67 38.341748372296
5.68 62.3488342925512
5.69 41.8389539600731
5.7 44.7474873674843
5.71 28.4657464362014
5.72 37.4439605659496
5.73 50.9993018453838
5.74 27.6316483011756
5.75 30.7527314023717
5.76 13.9400782051708
5.77 37.4479210782585
5.78 45.4578521831811
5.79 36.2977085799381
5.8 50.5101053175743
5.81 26.438690043615
5.82 18.1456371050279
5.83 14.7584594894716
5.84 38.3558374144371
5.85 37.1528025170642
5.86 21.9381013815713
5.87 32.0492553293513
5.88 20.2153740720681
5.89 42.8091447318863
5.9 23.5051967640658
5.91 28.2072466791024
5.92 40.5191148521494
5.93 36.1177447855131
5.94 29.1798350580548
5.95 45.1706322693501
5.96 36.8722991987637
5.97 40.780487550952
5.98 41.0188435984316
5.99 37.0328722933924
6 44.7467025553426
6.01 58.6652413043527
6.02 33.6449295236373
6.03 39.1062536587953
6.04 23.6914479992032
6.05 39.7795235770817
6.06 46.9373211258017
6.07 26.4143830339772
6.08 33.3146813202816
6.09 43.3594333448913
6.1 28.4441213841191
6.11 39.5054288454652
6.12 35.0001737316761
6.13 36.4302412903994
6.14 28.6090317981825
6.15 43.5722818940239
6.16 41.4820037576387
6.17 30.2969823435031
6.18 42.5247906310028
6.19 16.4197913723829
6.2 23.2360437606045
6.21 38.0087403884026
6.22 34.5737095127195
6.23 34.3572594595961
6.24 38.1410956315435
6.25 29.5171152413599
6.26 62.8268552543915
6.27 39.4571502522305
6.28 44.5037097190659
6.29 58.4102560211275
6.3 35.0881995861961
6.31 42.7444100481603
6.32 45.0273852035627
6.33 39.4238726734597
6.34 46.8855052472578
6.35 32.4644028981964
6.36 43.260829979416
6.37 37.4183349270512
6.38 37.1228701267138
6.39 41.0352107692268
6.4 38.5296831807533
6.41 22.9291222204121
6.42 47.338717083846
6.43 38.2785971623482
6.44 19.8411635731216
6.45 41.3152705515559
6.46 39.7919179112232
6.47 25.1311500689095
6.48 55.7611565898846
6.49 44.3186649169212
6.5 38.7741341450229
6.51 66.4545824257243
6.52 40.2257557135582
6.53 36.9102398193974
6.54 50.4297523493833
6.55 46.3008743009229
6.56 58.6782737585134
6.57 47.9283512610245
6.58 18.5269249089408
6.59 46.6337999861602
6.6 39.2751844706303
6.61 38.2223341029467
6.62 46.365375802569
6.63 12.0562040748937
6.64 39.42699506689
6.65 22.3221981147697
6.66 35.3835486100834
6.67 36.6939893870318
6.68 28.2450914740871
6.69 23.8057662038565
6.7 34.688554546609
6.71 34.0284307368959
6.72 36.3003047969235
6.73 58.6766458181639
6.74 34.2211645575348
6.75 36.2540167113765
6.76 54.2014390570298
6.77 34.4466418350515
6.78 26.4637247672306
6.79 51.5116258529478
6.8 58.9968533045256
6.81 38.5379870280622
6.82 41.2732918859828
6.83 26.2882246117281
6.84 44.2492414222433
6.85 27.5399342543585
6.86 19.3002784948111
6.87 37.7636870983254
6.88 34.4772763052304
6.89 56.1965098900771
6.9 33.1663055908791
6.91 34.1230959139218
6.92 47.9091244740913
6.93 55.4177829088108
6.94 37.24358635293
6.95 35.1370852353333
6.96 43.6194559615364
6.97 53.0627592665476
6.98 43.4937782542366
6.99 34.044222768127
7 41.4916431679144
7.01 36.2908983827393
7.02 53.4059978162297
7.03 40.7812322034108
7.04 39.68406971665
7.05 51.1000956316234
7.06 50.3105573251579
7.07 40.1293380516583
7.08 40.2747807650085
7.09 34.4934850998958
7.1 38.9001376459559
7.11 45.6240977733142
7.12 44.2155162385612
7.13 55.2797827191377
7.14 32.9047104697098
7.15 46.8871202386639
7.16 43.6421767355455
7.17 42.5215891504266
7.18 49.5214072988158
7.19 26.8529776444378
7.2 46.8888615668179
7.21 32.5946421737062
7.22 37.3114399851145
7.23 54.4810146308308
7.24 42.2006826410929
7.25 44.8960751984116
7.26 38.474678494852
7.27 49.1513172481757
7.28 38.2938403176513
7.29 25.6009167287548
7.3 40.5888188111251
7.31 36.6346517375111
7.32 35.3891099846099
7.33 35.3570132125899
7.34 42.5017614625697
7.35 40.5740425952547
7.36 50.0419876820654
7.37 46.1991268513228
7.38 31.2946727210447
7.39 47.9483693987183
7.4 65.5997886817059
7.41 43.2663141556759
7.42 45.6040342327072
7.43 45.0011209431496
7.44 46.5672448425897
7.45 47.8813062199934
7.46 35.8104443893145
7.47 32.5695854080571
7.48 33.8767205317837
7.49 24.0686279386121
7.5 43.9174938508351
7.51 40.5570289434867
7.52 46.3757400229947
7.53 49.2007451571194
7.54 59.3172253629405
7.55 44.0259935441572
7.56 45.0425546301995
7.57 38.4887761355921
7.58 46.3695588057613
7.59 40.6528130427577
7.6 22.6989992500082
7.61 33.817061564492
7.62 48.0840858325921
7.63 33.944457448048
7.64 47.6698188525168
7.65 40.1594757747916
7.66 38.000026081286
7.67 32.28936138799
7.68 48.1045275406999
7.69 30.1648881821331
7.7 42.0058996679015
7.71 24.5015702340834
7.72 46.4517628229068
7.73 44.2790993246345
7.74 59.0059410483901
7.75 49.6789216189902
7.76 37.0279784352876
7.77 40.1699369411392
7.78 33.3423600397271
7.79 62.0313101983658
7.8 37.6933985577589
7.81 64.2369807460736
7.82 35.0102913683721
7.83 51.1094076580652
7.84 45.7714761987279
7.85 53.6907731662417
7.86 42.6719352049723
7.87 37.7536397163208
7.88 53.5434534870863
7.89 30.0699534204996
7.9 51.8298113702458
7.91 56.1066903820675
7.92 53.3787009277576
7.93 33.8290314760269
7.94 31.7048385123247
7.95 51.0889680932371
7.96 51.5514411628812
7.97 62.1207979615165
7.98 47.6878210607108
7.99 50.9102163044276
8 49.2302821169204
8.01 49.6860731418803
8.02 43.2985858337207
8.03 29.8520370698552
8.04 48.1499706189538
8.05 42.2814730803768
8.06 52.3999804630984
8.07 20.4907919745298
8.08 51.8655386557849
8.09 38.7435281061731
8.1 47.5742690798738
8.11 59.1646524675202
8.12 30.5152668466572
8.13 46.5803732152282
8.14 43.2432322558317
8.15 19.8003667158282
8.16 47.5489433212702
8.17 56.0044351639634
8.18 55.8493737430305
8.19 54.7240122304417
8.2 31.5936058036369
8.21 32.5554164364069
8.22 22.1246667437053
8.23 51.0161180652215
8.24 51.7180908434396
8.25 37.2372250635328
8.26 48.500048773233
8.27 18.8059247023961
8.28 45.1916690150839
8.29 46.6053998130275
8.3 46.9219236676445
8.31 26.4213607318705
8.32 52.14621912787
8.33 52.1967128324465
8.34 34.149022917429
8.35 27.9967275976929
8.36 63.5461666610983
8.37 37.5190751446073
8.38 44.7053355098186
8.39 33.6762261151198
8.4 37.831096520866
8.41 42.1188559705401
8.42 40.3614412306043
8.43 51.6767033396505
8.44 52.4699297940506
8.45 65.8101407906241
8.46 48.6265645671513
8.47 50.9693201298002
8.48 38.5316999254727
8.49 46.7309436968469
8.5 51.9569480433848
8.51 54.5082897637602
8.52 53.4272768159875
8.53 46.0127533104447
8.54 52.4368609576332
8.55 38.6848838279438
8.56 43.250887875416
8.57 52.3230722164523
8.58 66.2209921989684
8.59 44.0352296463657
8.6 69.6043869682118
8.61 52.5915509620959
8.62 33.8725475960198
8.63 34.9652874954597
8.64 62.8070552153684
8.65 37.2824150549894
8.66 52.5792870356661
8.67 63.5819231833192
8.68 49.485857141428
8.69 63.5888897089409
8.7 58.2426911179842
8.71 48.9802449511185
8.72 70.4044874166346
8.73 46.4504891073019
8.74 37.1573730188887
8.75 33.3171284941425
8.76 47.6017676408882
8.77 37.1956739347738
8.78 52.2471826084561
8.79 44.2267409862719
8.8 36.0010908800943
8.81 50.1111827726062
8.82 43.9242032474141
8.83 56.535354794594
8.84 37.5888460753047
8.85 45.5511428773413
8.86 63.8298963245846
8.87 55.1677627265795
8.88 58.5360232826464
8.89 55.5834254042458
8.9 31.9675437241838
8.91 61.9241729681527
8.92 55.8477430823882
8.93 52.5050043731334
8.94 39.5182169023128
8.95 48.3776317092771
8.96 49.5089166633892
8.97 46.1277743258831
8.98 48.4274267099403
8.99 31.0487053204989
9 59.7555196316702
9.01 48.4904376784833
9.02 53.0266722304209
9.03 58.4702151762209
9.04 49.1061511662069
9.05 50.2318062140919
9.06 58.9842557855903
9.07 47.7470644828143
9.08 53.3309925606495
9.09 41.213446014339
9.1 64.1312025044357
9.11 29.9025964699236
9.12 44.0879136242863
9.13 41.392082149424
9.14 51.0368118992928
9.15 57.1338207893336
9.16 53.9174643196658
9.17 57.7085152025094
9.18 60.8704370965653
9.19 67.8116625983752
9.2 46.4071240363992
9.21 56.5788372295713
9.22 48.6653295097742
9.23 47.037061082269
9.24 63.0302640491067
9.25 61.3918946926748
9.26 54.0542203703169
9.27 47.0037490165651
9.28 52.4608239755235
9.29 51.5547005902392
9.3 71.628565402727
9.31 60.6134925455324
9.32 56.8092963797886
9.33 54.9784957338612
9.34 63.7247853762515
9.35 33.8388647860951
9.36 60.3926947488724
9.37 51.7139038375602
9.38 65.8672296101814
9.39 56.9170692664534
9.4 71.2992781453215
9.41 44.7071845016091
9.42 62.9983434209894
9.43 53.7638688212405
9.44 61.0077095595253
9.45 36.7337206933765
9.46 55.6682556835284
9.47 45.7928481934185
9.48 55.4977645753775
9.49 47.1020897647255
9.5 62.6582570415646
9.51 56.4917273783016
9.52 53.211227346911
9.53 43.3623557811732
9.54 43.9399836921166
9.55 57.8916575097112
9.56 45.4135668600088
9.57 38.0352585496016
9.58 52.7031917062809
9.59 50.4447488855148
9.6 59.8838965054304
9.61 44.8874817989928
9.62 58.3338564738484
9.63 44.008189330661
9.64 52.7129440918031
9.65 40.0812921238373
9.66 47.7160445103403
9.67 58.0729379852644
9.68 58.7062985484061
9.69 39.1964932676305
9.7 47.7136786843383
9.71 51.3817375667579
9.72 42.2562988363155
9.73 54.7832985774912
9.74 65.65540434031
9.75 49.5242897557308
9.76 47.4122820021679
9.77 54.4133600990117
9.78 73.3140015040408
9.79 51.0362993037797
9.8 52.9540061224319
9.81 61.9842482106494
9.82 43.530683369203
9.83 62.6159687467645
9.84 60.5875942890128
9.85 37.685291606954
9.86 51.1200536572844
9.87 47.2030172891241
9.88 52.1575303448167
9.89 44.5623574535932
9.9 33.1137265641
9.91 43.6416201973607
9.92 33.5835586241545
9.93 80.265004789398
9.94 71.5352609943324
9.95 44.1830988461778
9.96 38.2027257851405
9.97 48.9904585957708
9.98 50.1621172040006
9.99 65.8931807270787
10 65.9189883311231
