0.01 -2.79653561558432
0.02 -0.381768913322949
0.03 8.43209462290591
0.04 3.09244195191177
0.05 1.15596457432549
0.06 -5.08399037735787
0.07 26.2008741222308
0.08 3.05475590729978
0.09 14.5120099601105
0.1 9.24558269803447
0.11 -6.95675008837559
0.12 1.78612015115921
0.13 5.00954590736183
0.14 12.0280394857731
0.15 -0.299327387967086
0.16 -3.40959493738929
0.17 5.73401953155576
0.18 2.21111036302355
0.19 -2.19127942805913
0.2 8.34525772961367
0.21 -4.6623494185799
0.22 18.7867610543442
0.23 12.6784431563033
0.24 31.5316395566887
0.25 -4.13846648674456
0.26 -2.64669829190281
0.27 17.0983390872393
0.28 12.8302432180566
0.29 15.0292195480174
0.3 9.31448995824657
0.31 14.2798402295344
0.32 8.02316569215297
0.33 18.8457365622294
0.34 -8.49715026289998
0.35 17.5371025394381
0.36 -5.19881128757228
0.37 4.62143565676357
0.38 3.95649839890714
0.39 3.78130903174781
0.4 30.1009613226534
0.41 9.23477913301364
0.42 -3.03564843834588
0.43 17.4182788477456
0.44 13.1598224920487
0.45 15.447850801233
0.46 8.72711337384188
0.47 18.229141893084
0.48 13.1263757316844
0.49 -8.29388840510238
0.5 8.35321987654873
0.51 4.57063076177143
0.52 19.0005356619086
0.53 8.58359843819188
0.54 13.1354838016691
0.55 18.7876287604917
0.56 9.44340599811397
0.57 1.23919590758996
0.58 25.77696489349
0.59 17.0571084771026
0.6 20.6804508160329
0.61 1.30605292555173
0.62 -3.34783433904228
0.63 1.99930800807034
0.64 19.0883716831969
0.65 30.2603531461261
0.66 -9.57056261835976
0.67 0.883739243441443
0.68 30.6060137155076
0.69 0.587167251059983
0.7 30.8698428621627
0.71 25.2274230835014
0.72 4.04713495852558
0.73 8.09427817776396
0.74 -8.73382275651415
0.75 16.0898707798017
0.76 -11.4351786330357
0.77 17.44113215738
0.78 15.8712592525027
0.79 -11.795429376983
0.8 18.9557308394975
0.81 6.23086794624826
0.82 15.4403917002042
0.83 11.8348045307822
0.84 -2.23187951995684
0.85 0.539621952616256
0.86 -5.09976127615534
0.87 16.3157756989492
0.88 9.05623707345596
0.89 4.60048793292902
0.9 15.541014880081
0.91 -1.27283964942455
0.92 11.859774485379
0.93 17.8628896773675
0.94 3.02876592287756
0.95 20.1664001892246
0.96 7.60653144043513
0.97 11.782358553176
0.98 8.08858819433804
0.99 7.73471122156867
1 7.19987853061854
1.01 -10.829423386792
1.02 -3.49506692735752
1.03 11.4631161446704
1.04 -4.70122125731744
1.05 16.1601871604358
1.06 -1.05217747402977
1.07 5.10478343273077
1.08 22.7310113083435
1.09 2.93584890456796
1.1 6.2245914942094
1.11 5.91175120281479
1.12 13.3792640236689
1.13 9.26949408552948
1.14 4.50090076201852
1.15 9.55291532479334
1.16 -0.822590165268847
1.17 5.81041093343486
1.18 24.3044535216419
1.19 22.0246196860641
1.2 26.082521736305
1.21 27.2462931508164
1.22 -10.6629364465972
1.23 13.303704583475
1.24 7.25220275863401
1.25 14.846980851694
1.26 1.06499121323303
1.27 16.2227535494127
1.28 10.2700908432798
1.29 2.96569321461013
1.3 -9.56677530605441
1.31 35.9646860263847
1.32 4.81792543152799
1.33 9.18982113078957
1.34 21.4381820958471
1.35 22.4368414081662
1.36 2.22838943202284
1.37 3.84450559782126
1.38 28.860487449702
1.39 10.5535756142233
1.4 -1.26429280863186
1.41 7.98275844337098
1.42 25.8965194828898
1.43 24.4379372047515
1.44 4.15462696386661
1.45 5.5746304096699
1.46 28.0015657711677
1.47 25.5339148242472
1.48 -1.19122466625644
1.49 6.38993445385983
1.5 -13.1855452013514
1.51 8.43708683896437
1.52 0.534580663924807
1.53 17.9028968030486
1.54 17.4039126403798
1.55 25.2410631184608
1.56 38.8994827743877
1.57 19.5909888985049
1.58 10.8028876466299
1.59 16.4438763397466
1.6 0.882647308261787
1.61 9.81105585471037
1.62 7.16578221964082
1.63 14.9931824758724
1.64 9.13602054026123
1.65 22.1122184810537
1.66 12.2936455996715
1.67 15.457721092056
1.68 12.6654695948779
1.69 17.2545495605826
1.7 7.19029898142288
1.71 21.335928953995
1.72 18.5776745568544
1.73 21.4477622545463
1.74 22.2293354003659
1.75 2.35749537436329
1.76 16.3591579448723
1.77 36.9607793192346
1.78 14.4124549982433
1.79 18.5685503476475
1.8 5.90792480359076
1.81 2.25178517442708
1.82 31.0479597168184
1.83 4.77438979558462
1.84 26.0537476625707
1.85 4.28065929929412
1.86 10.2545891661339
1.87 17.1299089415324
1.88 17.7533227746651
1.89 8.20158577008432
1.9 1.35601327647876
1.91 6.90869826880558
1.92 7.76580756329966
1.93 0.989833265076587
1.94 8.04819088356562
1.95 17.332347596118
1.96 17.8138592703421
1.97 24.9465030117973
1.98 25.1894294741484
1.99 -5.55032318202407
2 15.4398921020328
2.01 0.264606890848412
2.02 6.80596087716235
2.03 9.6416663936614
2.04 17.9756999596504
2.05 22.670906652183
2.06 5.61936587863908
2.07 7.94449914408375
2.08 22.7248040979519
2.09 18.6623057742433
2.1 22.4856910057281
2.11 20.7579718931128
2.12 34.5621063616539
2.13 16.5529603601977
2.14 -5.650592247035
2.15 20.445630335662
2.16 14.9649491097052
2.17 -3.07338298666503
2.18 2.99045365949019
2.19 14.6206484381423
2.2 16.2906949311056
2.21 -5.34989285859766
2.22 20.9708394995289
2.23 3.78681834645753
2.24 15.795347485459
2.25 0.248162091821264
2.26 9.04683447076975
2.27 23.3299039548824
2.28 12.3865320358841
2.29 22.0650407593303
2.3 2.28147252031815
2.31 15.5747137894908
2.32 16.9114779226654
2.33 20.243931830323
2.34 31.8010625583442
2.35 30.0774563273186
2.36 -1.51615185435252
2.37 -2.67908919015622
2.38 20.6882913815293
2.39 20.8180925885882
2.4 11.9013929964664
2.41 8.86760760143387
2.42 25.6454566181866
2.43 15.4775674073435
2.44 -3.99130929527541
2.45 19.8479903049911
2.46 15.9607618613658
2.47 17.4285317650253
2.48 21.6665425165337
2.49 2.88808538007751
2.5 13.9412293782529
2.51 11.6629720112811
2.52 2.00668379542438
2.53 8.53749336983041
2.54 11.1866663213919
2.55 29.3910225552017
2.56 15.9327959803597
2.57 13.603711122982
2.58 8.61176921659579
2.59 18.3144649267173
2.6 4.28041667724023
2.61 -6.73730804418623
2.62 17.3058887388287
2.63 31.1961570084875
2.64 14.6974820561839
2.65 14.5500378451962
2.66 22.3727840846307
2.67 19.5855563375396
2.68 22.6075830612065
2.69 8.38135318729424
2.7 23.5756477040488
2.71 27.2121608555435
2.72 36.3698264967417
2.73 20.3443656536081
2.74 15.8398140672154
2.75 11.9154555502815
2.76 32.2162819629892
2.77 24.3965269400042
2.78 17.2714055900915
2.79 7.64660370989006
2.8 21.1333467978493
2.81 13.4524126816504
2.82 13.9523639245256
2.83 33.465553749927
2.84 5.7485227465173
2.85 23.4456588720991
2.86 8.26116070607278
2.87 9.41966232588453
2.88 9.48110636238736
2.89 19.5649775193156
2.9 16.7070122163565
2.91 9.80163043847027
2.92 21.3356308910344
2.93 23.0672819236652
2.94 8.71811339458316
2.95 -1.40441390883835
2.96 29.4732112367021
2.97 33.7498988769207
2.98 31.4696307754981
2.99 6.75127370953295
3 35.0760625673947
3.01 21.8812903212545
3.02 23.168222392783
3.03 25.9385402353285
3.04 -2.29145857812526
3.05 13.5139251255094
3.06 26.2442513752262
3.07 18.3183789368093
3.08 15.7278131149367
3.09 38.5943058077447
3.1 27.0653699541854
3.11 19.5679427484841
3.12 16.1165997087773
3.13 39.3574525464825
3.14 26.2173614938659
3.15 19.00368090072
3.16 18.5937526893874
3.17 32.0433069491707
3.18 30.2106598632931
3.19 25.5760832813083
3.2 38.7421995100893
3.21 4.7432624639053
3.22 9.1129926717298
3.23 35.0222517525414
3.24 21.2041868335688
3.25 13.0119530296379
3.26 12.7944859683269
3.27 22.0425514858654
3.28 36.4933433229158
3.29 40.4232406848664
3.3 17.7547354384803
3.31 38.2650341725369
3.32 31.9096265855052
3.33 31.8277301825998
3.34 20.3213477388104
3.35 18.7180573048378
3.36 33.3344438026583
3.37 14.7847232053376
3.38 23.8316817628224
3.39 30.725303954545
3.4 36.6795975652892
3.41 35.8572002832063
3.42 31.3309963165696
3.43 23.3614197402974
3.44 17.7614427521386
3.45 27.0136369477649
3.46 15.4545889325705
3.47 33.7692024899644
3.48 15.6878188936932
3.49 30.7759978589209
3.5 40.2509754239966
3.51 36.4508620885034
3.52 22.0203519372557
3.53 26.6529303991045
3.54 21.5542379608437
3.55 8.93723839315707
3.56 22.7342589232546
3.57 19.6984137298826
3.58 33.7928693352871
3.59 16.5834119347536
3.6 17.0477477020414
3.61 13.3272589841399
3.62 31.4413272464346
3.63 38.5486242994953
3.64 18.9172920780846
3.65 25.2384493067142
3.66 20.8378837614666
3.67 11.9135577088329
3.68 21.9117814689055
3.69 22.3645431669023
3.7 24.1423451029805
3.71 28.5705054855469
3.72 21.0316870987632
3.73 7.75086792293762
3.74 25.0224158184374
3.75 12.808492277109
3.76 37.63271075634
3.77 23.1451336563882
3.78 17.6856408228497
3.79 25.7666351912669
3.8 19.5982350827858
3.81 35.7041834825279
3.82 36.9638893700796
3.83 24.9967769394205
3.84 21.831889980703
3.85 36.2818911658109
3.86 12.5639642058302
3.87 14.2440124985964
3.88 25.8271415012935
3.89 30.1630774512735
3.9 18.2135286605979
3.91 11.9465739558353
3.92 44.0289037356791
3.93 32.4736587185544
3.94 20.790914328646
3.95 32.558574946832
3.96 17.955992522622
3.97 21.9779601685852
3.98 33.4608811548327
3.99 31.6536196421022
4 9.52645025021787
4.01 33.554042211566
4.02 14.3591757233536
4.03 22.7462933357903
4.04 47.0504038878522
4.05 11.178416947821
4.06 15.561478334204
4.07 28.2064164970934
4.08 16.3672807821224
4.09 20.3404143400711
4.1 42.7443693719838
4.11 11.4277022775907
4.12 30.3990979723927
4.13 20.6351522152436
4.14 46.0516089077863
4.15 26.3089250413209
4.16 39.0344299933092
4.17 23.7664121012975
4.18 16.8371611747566
4.19 26.1245002515561
4.2 24.35154078595
4.21 26.8060083690782
4.22 8.9710907084708
4.23 13.4130185938217
4.24 23.6971392922574
4.25 27.7892241636654
4.26 41.3951486957844
4.27 23.0257068489721
4.28 23.4512270291815
4.29 27.8261282476107
4.3 14.632871627602
4.31 35.3192093614038
4.32 32.5050836641623
4.33 21.1903650263137
4.34 23.0158889177139
4.35 50.3574138671218
4.36 16.4488978960115
4.37 14.6631710665622
4.38 20.7808066909617
4.39 33.6630456126291
4.4 24.7614371660097
4.41 20.1421260697772
4.42 29.0285927730745
4.43 23.028482262804
4.44 30.4431195015163
4.45 21.7250383533953
4.46 25.1002513721571
4.47 43.3941735883726
4.48 26.6404339937667
4.49 21.9969754257207
4.5 29.0310199359884
4.51 21.0013638754432
4.52 18.5651028300163
4.53 29.6944200448337
4.54 39.2309236513525
4.55 49.0339679894683
4.56 27.2682230823254
4.57 36.8786918739811
4.58 27.338763689235
4.59 18.701837787128
4.6 23.5037668700486
4.61 22.8346611024763
4.62 39.9496606345487
4.63 31.4469841154672
4.64 33.1151859219436
4.65 55.2718729559483
4.66 17.9305444366727
4.67 34.5724299277746
4.68 13.8561548260488
4.69 45.9476554686798
4.7 28.9871569803485
4.71 25.7540745659385
4.72 37.2435389734384
4.73 18.2295082304517
4.74 25.8660635466198
4.75 35.7536186368822
4.76 29.7959261959787
4.77 33.6932378277743
4.78 41.321915843309
4.79 46.554048903821
4.8 45.2124174417827
4.81 24.3697220199175
4.82 27.8093462840373
4.83 21.1891154356851
4.84 8.13549152461728
4.85 43.4745260659679
4.86 18.3540618971688
4.87 35.9903813945369
4.88 21.9015553985089
4.89 22.0637649973352
4.9 32.6600536930277
4.91 15.7964772780416
4.92 12.5738955375709
4.93 34.8144236733108
4.94 36.3999717456367
4.95 49.3901341388749
4.96 33.3769048667777
4.97 25.4708519877862
4.98 16.0259519694263
4.99 36.8059229529578
5 26.5985604420522
5.01 26.5599283184229
5.02 34.3101245619022
5.03 30.2841032531747
5.04 23.1421603703102
5.05 41.5972882581727
5.06 42.9199190031526
5.07 28.0301585362633
5.08 30.9041731876762
5.09 27.9671020564951
5.1 39.5296871123145
5.11 32.2964087456274
5.12 29.8527823349365
5.13 17.3777635217198
5.14 9.01674931771129
5.15 43.6788028782074
5.16 36.1044168983676
5.17 44.7741761397002
5.18 25.7164823786873
5.19 36.8112004755679
5.2 22.3983215727293
5.21 22.4871792543264
5.22 25.6344442724055
5.23 27.7317945101911
5.24 18.4157454652433
5.25 33.3258739420512
5.26 18.2147729247614
5.27 56.7267480900163
5.28 19.851525894939
5.29 27.165463816374
5.3 26.8884226617157
5.31 29.6093547145696
5.32 26.9157858474572
5.33 23.8199113881201
5.34 13.6902169340779
5.35 20.455939741244
5.36 38.6839234125363
5.37 28.4171861797901
5.38 30.8229715514442
5.39 22.3112208345947
5.4 38.1934253916503
5.41 39.5986657817137
5.42 30.0490304985603
5.43 13.7121965733629
5.44 26.2958378615476
5.45 25.4339636888569
5.46 15.8659710050953
5.47 39.4193045302893
5.48 27.441400440612
5.49 27.6234519297275
5.5 33.8058481064713
5.51 28.3852878427383
5.52 38.4724761566925
5.53 38.4605147299091
5.54 25.4857180463765
5.55 15.9781159329061
5.56 35.5698136107477
5.57 33.3859290201851
5.58 32.8360592712917
5.59 28.7583524112658
5.6 24.6447422163187
5.61 36.2768979783859
5.62 29.386737961878
5.63 29.1685860226142
5.64 38.2507920109887
5.65 27.9590617106451
5.66 36.7898332061242
5.67 43.6574588063169
5.68 42.1877628108832
5.69 50.0152505101433
5.7 47.3395256738522
5.71 25.9560566508278
5.72 19.2769236666324
5.73 26.2678838884752
5.74 45.3483944602973
5.75 40.8399138158208
5.76 15.52457939707
5.77 54.5008980501396
5.78 36.6148235153087
5.79 30.16306775712
5.8 35.3167831731174
5.81 28.5307543463008
5.82 32.0785939285633
5.83 17.924914897828
5.84 35.8543153388953
5.85 54.7486389246815
5.86 20.8386478371479
5.87 30.9755265494206
5.88 28.9017297305962
5.89 28.2137033200531
5.9 11.1655903642758
5.91 34.8508326029175
5.92 47.0647934597457
5.93 40.6510777812412
5.94 42.4998728781411
5.95 38.4547551374246
5.96 51.4833226193638
5.97 37.5401362557932
5.98 41.8542343635334
5.99 41.4770627675582
6 31.5520839139309
6.01 44.2737289981019
6.02 28.9100881374101
6.03 26.0186921635273
6.04 24.7433177522695
6.05 36.8911325152578
6.06 23.1440192409456
6.07 32.6384374477948
6.08 33.9184364005252
6.09 13.469837771235
6.1 57.3810850492436
6.11 9.50388225454234
6.12 35.6142783171508
6.13 39.3827419050209
6.14 30.5617607387028
6.15 37.5547204260397
6.16 25.7563661066681
6.17 29.0061478932862
6.18 22.5403774555448
6.19 29.0541330725014
6.2 24.6473661555042
6.21 47.3739336681842
6.22 50.653438476824
6.23 42.249284559849
6.24 24.2075385654731
6.25 42.0478942734241
6.26 58.3410770049217
6.27 27.9379459106902
6.28 32.0543304329948
6.29 32.6621572049472
6.3 41.3639788801802
6.31 42.5167898718063
6.32 49.9730109219398
6.33 38.0175023527991
6.34 16.9988602477279
6.35 26.1731949375536
6.36 30.1038005493028
6.37 29.0832405186075
6.38 28.3309384187045
6.39 29.9265798081697
6.4 43.100731522579
6.41 48.1878840719238
6.42 44.6797099287788
6.43 29.5027006949148
6.44 37.35986581841
6.45 38.4549251748283
6.46 37.3820718152919
6.47 24.7824853480487
6.48 44.7592356551062
6.49 39.3946138082116
6.5 24.3607084375633
6.51 25.4549008052951
6.52 47.2793939107174
6.53 23.3634501402133
6.54 20.4265103213181
6.55 49.7418979248625
6.56 28.9546518322188
6.57 30.2318391570381
6.58 17.0911467528389
6.59 37.0923078383019
6.6 39.7129955678143
6.61 45.5319693253768
6.62 47.5671476269424
6.63 30.7890478403062
6.64 45.4689574474672
6.65 44.8007242762039
6.66 38.8933644464436
6.67 35.9679877898663
6.68 28.0154043099869
6.69 31.9058402860748
6.7 48.7751375882
6.71 33.2811695935677
6.72 44.3340509158596
6.73 68.0614505707141
6.74 46.0238309754794
6.75 21.6615521604002
6.76 54.8365838505228
6.77 49.152867089165
6.78 39.2443396873769
6.79 44.7444021643689
6.8 16.2241364904467
6.81 43.5387745225028
6.82 45.3491447047305
6.83 17.5658438763414
6.84 41.3559000077223
6.85 32.5916278458795
6.86 37.6311690096235
6.87 35.9040119315379
6.88 46.2373610702226
6.89 40.1401258296464
6.9 47.3963349425517
6.91 36.4472153430294
6.92 54.3629632170236
6.93 33.4621995152638
6.94 16.9332920601347
6.95 41.2721696070023
6.96 40.2329276798514
6.97 42.2949573848424
6.98 35.1543343529877
6.99 31.1452867447303
7 39.1334982765305
7.01 40.581271021001
7.02 38.1114609370528
7.03 16.3280885075832
7.04 27.9840551320397
7.05 32.1176789608733
7.06 35.3338310773699
7.07 19.643520116774
7.08 44.7190888627262
7.09 46.3867006120885
7.1 42.6792659856839
7.11 33.6229753426273
7.12 47.735688224922
7.13 38.8450626754302
7.14 54.7036240448843
7.15 41.0673687019661
7.16 40.7250036368182
7.17 36.2454996701388
7.18 53.6915861118378
7.19 37.1348441668848
7.2 55.8964788131132
7.21 33.2001324338287
7.22 40.5872413868896
7.23 39.929474263639
7.24 49.1699881327085
7.25 28.1521875384539
7.26 32.9342092676142
7.27 39.1209637396399
7.28 51.9696878678337
7.29 56.0252437232692
7.3 44.1853167699793
7.31 54.8657526077782
7.32 49.164926278286
7.33 36.7342530735359
7.34 55.6981730812765
7.35 49.5160548597675
7.36 50.1700029831689
7.37 39.9123847469001
7.38 44.6105748391689
7.39 23.4655240517724
7.4 41.1133953310631
7.41 28.8998454737837
7.42 31.961993883188
7.43 57.8497227039477
7.44 53.391895045687
7.45 42.3475557922836
7.46 37.6355245729983
7.47 25.1702073767042
7.48 45.1286874392678
7.49 43.2175656269121
7.5 38.7893498370431
7.51 24.1194681362075
7.52 39.4935468890207
7.53 50.4735083211073
7.54 34.9410130276372
7.55 41.1674358239821
7.56 44.2025786994325
7.57 41.9687311136303
7.58 45.2592849382579
7.59 43.2056384133085
7.6 31.1340425004508
7.61 30.6735891074962
7.62 46.0754358998838
7.63 50.5286011382036
7.64 43.753499083866
7.65 57.248275989458
7.66 43.5458256927919
7.67 45.8195104043917
7.68 42.8723875850742
7.69 36.4820026378068
7.7 36.8489692344357
7.71 40.7861246776856
7.72 51.9043468541686
7.73 45.6359052173293
7.74 49.1074196251977
7.75 43.7988548522076
7.76 47.9775726935911
7.77 43.4903634411954
7.78 36.9785991647324
7.79 32.5832391315324
7.8 40.4598163662116
7.81 33.350695058595
7.82 46.4639512745925
7.83 50.1820615378174
7.84 47.5879823708009
7.85 32.8608832929284
7.86 40.3832645281025
7.87 54.5095285373192
7.88 35.99940875628
7.89 51.3885304312856
7.9 67.7164104624621
7.91 50.2694616811813
7.92 50.6781872827989
7.93 57.8155872195531
7.94 37.16681225106
7.95 40.8606569763538
7.96 46.4864969545915
7.97 42.8374088153632
7.98 56.4464376410235
7.99 52.7744038288172
8 55.1328491756927
8.01 49.5996192910287
8.02 41.3315967623059
8.03 47.815281307849
8.04 63.0434362765782
8.05 49.9841775075475
8.06 55.2419233030272
8.07 38.8798319880769
8.08 43.5508303025358
8.09 37.8169080285568
8.1 52.6161054537548
8.11 39.0718679955139
8.12 32.9181431842451
8.13 42.6235353844369
8.14 64.7785992213882
8.15 37.4185589730313
8.16 59.9356246315672
8.17 49.5093350465742
8.18 47.1609503581289
8.19 35.2697830687051
8.2 37.8352938084568
8.21 39.62887729863
8.22 69.5869730369165
8.23 52.635761810738
8.24 39.1372886719492
8.25 42.9458357928267
8.26 57.4251509599323
8.27 55.471422996231
8.28 49.0736269336591
8.29 58.3133246084944
8.3 39.5929041548561
8.31 31.8325474478458
8.32 34.3219059077221
8.33 36.517888702675
8.34 61.7394328391414
8.35 36.8733849679284
8.36 50.7573407480818
8.37 47.7716321278646
8.38 47.2740099272056
8.39 36.1814624547595
8.4 49.2417076071334
8.41 55.3204304884412
8.42 31.9773530347438
8.43 52.3875040924518
8.44 46.3809454902482
8.45 60.216323219438
8.46 24.6497992713482
8.47 20.0236584704681
8.48 44.5976084324436
8.49 58.8165391690583
8.5 42.9431944712721
8.51 44.2862017826601
8.52 52.5545081546321
8.53 43.5725139930885
8.54 38.5532976067655
8.55 46.67979560455
8.56 52.3936296422781
8.57 39.3501190515248
8.58 45.3486706918196
8.59 50.725535909498
8.6 40.3270277158937
8.61 47.3048327334281
8.62 44.7592632543054
8.63 56.0164974055847
8.64 46.3293977802897
8.65 59.3723699589707
8.66 69.9994623574175
8.67 56.0652721929435
8.68 56.0785735670474
8.69 52.8819567347615
8.7 63.2226755693854
8.71 46.2247343146666
8.72 50.2263837194858
8.73 43.2005014570132
8.74 38.6071831008586
8.75 44.1451151018296
8.76 60.3121837218017
8.77 52.6731146709094
8.78 51.4579192206088
8.79 43.058948809692
8.8 58.9191764849747
8.81 43.9158187101973
8.82 32.1433572749585
8.83 62.4264946973096
8.84 33.6680438832172
8.85 54.3214988391998
8.86 59.3089965171387
8.87 40.2978484695972
8.88 61.1669577696108
8.89 50.0446905076533
8.9 50.8887001885006
8.91 52.2180977389774
8.92 54.0128437159607
8.93 51.8399714724943
8.94 47.4516191531177
8.95 55.3759453272196
8.96 21.5100753803857
8.97 43.0530896148468
8.98 41.873928148248
8.99 30.0316468740664
9 73.098541466316
9.01 52.3632942090429
9.02 36.7672576570689
9.03 53.9075525209678
9.04 36.6437953949083
9.05 72.2390234643651
9.06 68.0236415515671
9.07 63.3857794006002
9.08 56.3941235236482
9.09 45.7206533284556
9.1 36.7502304733145
9.11 57.0583132129473
9.12 67.89669431837
9.13 69.5765173136326
9.14 30.2280968887059
9.15 42.4122927137327
9.16 42.0070442628186
9.17 61.3376023114298
9.18 68.486485825037
9.19 22.9803147993439
9.2 65.2530347773709
9.21 54.0399693494038
9.22 46.9462680396762
9.23 51.7685337110294
9.24 34.2279341197285
9.25 47.1455534611887
9.26 49.7562825182002
9.27 61.8624899964053
9.28 54.0571229389286
9.29 23.1860506759469
9.3 43.3862829771767
9.31 54.0510269117526
9.32 33.5890899518223
9.33 41.7354214038664
9.34 65.7602876802157
9.35 68.6037060354446
9.36 48.7727171585272
9.37 63.0920009436164
9.38 43.203761130254
9.39 40.6539332511248
9.4 63.0535159327756
9.41 57.8469578507613
9.42 60.6024176454809
9.43 39.4987602589128
9.44 35.0041495062978
9.45 59.8017862675002
9.46 64.9452071626557
9.47 35.7828379828648
9.48 36.5855587777066
9.49 46.6023053130197
9.5 33.8026558976089
9.51 47.7242140767149
9.52 59.2420074315253
9.53 53.7425808300848
9.54 35.2337047904864
9.55 45.8662615103847
9.56 42.517480140655
9.57 49.6972315490809
9.58 53.583793205072
9.59 58.1295496482613
9.6 49.3576227939231
9.61 62.0774206242367
9.62 61.913985523345
9.63 73.1894210612417
9.64 53.725761646525
9.65 63.788280036842
9.66 69.4142055977486
9.67 58.6504232256716
9.68 51.5606769866102
9.69 46.1936065978433
9.7 58.2451332552351
9.71 66.8324966108069
9.72 63.5155675448172
9.73 53.5789226588391
9.74 47.8469789449683
9.75 56.5570436879593
9.76 51.7925704119124
9.77 63.808988754025
9.78 72.1184321177787
9.79 46.8627290280957
9.8 59.3642135899251
9.81 66.1093658870775
9.82 53.5815418037417
9.83 43.5195546699637
9.84 50.6896599284121
9.85 47.5629636682623
9.86 66.1672788179727
9.87 53.7100993991469
9.88 60.8373935708608
9.89 47.7858969226869
9.9 53.5369365477491
9.91 51.8476367139238
9.92 59.650843359507
9.93 51.031554805546
9.94 79.048393410758
9.95 62.6645227958509
9.96 53.7526372995264
9.97 49.3722104109759
9.98 51.8273207818075
9.99 68.8922907449862
10 39.1191790117221
