0.01 -1.66174540646808
0.02 7.45407488611437
0.03 2.03964518515362
0.04 1.5579129207212
0.05 27.6992643929471
0.06 7.07122643254397
0.07 -5.95497663331748
0.08 5.76750345905439
0.09 0.121958116267524
0.1 7.53745923000839
0.11 -3.48202707190704
0.12 7.71596685677975
0.13 17.4466112512253
0.14 -4.32525644104933
0.15 -8.11160672573481
0.16 -23.8878105735421
0.17 1.14138053240662
0.18 10.4271315096764
0.19 -10.9806685018176
0.2 20.5665961497836
0.21 14.727534138628
0.22 9.38424331632603
0.23 8.07912763527149
0.24 2.14495870344021
0.25 14.5717578116168
0.26 7.49261435068863
0.27 11.9350172391126
0.28 1.16627664000634
0.29 4.8528120619802
0.3 7.66348404233427
0.31 26.2332667222719
0.32 21.456644568614
0.33 -2.53038549908587
0.34 20.9476500189608
0.35 6.22183183931336
0.36 -12.9784516691243
0.37 7.45011818521643
0.38 5.772429783898
0.39 18.2711327452726
0.4 2.07373672390066
0.41 0.992717899803132
0.42 -3.6011569092718
0.43 11.4668944225249
0.44 -0.647818155814888
0.45 15.810200269653
0.46 3.83784437213461
0.47 7.42841012866061
0.48 3.07434759057377
0.49 7.21041207350087
0.5 3.56322790353482
0.51 -4.27231097741226
0.52 12.9342730856227
0.53 7.14283004408417
0.54 6.23815389145044
0.55 -0.409867280432269
0.56 -6.66223180025919
0.57 32.5237598621801
0.58 11.8424345935706
0.59 2.88919753237722
0.6 6.40167167980993
0.61 7.30174666464942
0.62 8.39128607682808
0.63 12.72626320062
0.64 19.5163373670778
0.65 14.2248172910572
0.66 19.7227552283924
0.67 18.2353510872738
0.68 -12.2729123741015
0.69 -1.13827907132466
0.7 15.6107783605596
0.71 9.94781872751175
0.72 12.2501861621885
0.73 -12.7516952884592
0.74 18.0619153120919
0.75 2.19882141138594
0.76 -0.914798843310896
0.77 1.16680188620524
0.78 1.74880236895622
0.79 -16.6707336297319
0.8 9.93939114753132
0.81 -2.33206959450638
0.82 5.66885412490547
0.83 2.24186506206039
0.84 16.0998148473154
0.85 -6.8142801869047
0.86 -1.21443612271311
0.87 14.9712873305154
0.88 2.23750034370156
0.89 5.21864887178053
0.9 11.8779959462439
0.91 11.1993675044026
0.92 14.1784500641644
0.93 15.8515559402334
0.94 -8.91942622933975
0.95 6.44402044248252
0.96 -0.680536853913692
0.97 3.00733996268595
0.98 11.8889802825997
0.99 0.845738621369176
1 13.5185048240123
1.01 13.5634503449153
1.02 14.0310088754015
1.03 28.9914275947325
1.04 7.56503074448647
1.05 -11.7889293415459
1.06 8.62700489248369
1.07 -8.50900564440738
1.08 -8.06273074121055
1.09 -6.8024585475699
1.1 22.1345514515393
1.11 -5.47558962072055
1.12 19.3170911009217
1.13 28.5921894012814
1.14 9.32270178030295
1.15 17.259066768811
1.16 5.13482057449065
1.17 13.7574914254401
1.18 3.34716117366601
1.19 23.2724747788473
1.2 8.66264141245627
1.21 -5.21055845674341
1.22 14.212966273972
1.23 22.394523428334
1.24 11.6902816322322
1.25 3.80950417807272
1.26 19.701685049106
1.27 6.13475740933511
1.28 -2.09562796482844
1.29 1.3978463939508
1.3 18.4033947706316
1.31 11.9502701454497
1.32 18.4207744112054
1.33 4.51496850847098
1.34 3.81848669800471
1.35 8.72004540002842
1.36 6.99118202805215
1.37 15.2144886025054
1.38 29.8426424785416
1.39 15.1137333692748
1.4 7.67262584971205
1.41 18.7004220330034
1.42 11.1002620667096
1.43 16.7225802366909
1.44 14.505895700625
1.45 13.9437886083624
1.46 15.648641242486
1.47 15.3696913594499
1.48 8.97110744797169
1.49 24.8657971848604
1.5 28.1626051457628
1.51 24.1956307908518
1.52 -0.899575516542985
1.53 16.6717186742645
1.54 37.0302251695378
1.55 20.3757075480488
1.56 13.5852657745384
1.57 7.66256381434722
1.58 14.4692709527422
1.59 3.47027860102454
1.6 5.57680960952538
1.61 21.1165510538239
1.62 12.7354454322406
1.63 21.8226194412626
1.64 24.2757590372279
1.65 -5.90130437334481
1.66 15.6814401498236
1.67 13.6625891646378
1.68 11.3546847277393
1.69 12.754978996728
1.7 19.9145815400268
1.71 31.3033883856275
1.72 6.86332547818122
1.73 19.7059931561757
1.74 19.8622860615208
1.75 25.4627173387724
1.76 3.24796998667552
1.77 5.18082833998348
1.78 10.7271432214422
1.79 7.16737279457968
1.8 17.297646473597
1.81 3.02698973672529
1.82 19.8291888258911
1.83 22.2161668341623
1.84 21.5216182544665
1.85 15.0421124362206
1.86 20.5929558835569
1.87 5.01886192016024
1.88 29.4840192299936
1.89 19.7672637956383
1.9 10.1392780476147
1.91 25.7884212529677
1.92 31.8603343565343
1.93 24.982750044722
1.94 13.967573849814
1.95 24.5558366476293
1.96 14.8235673758193
1.97 25.0085709330039
1.98 11.4769124183051
1.99 5.83144178759065
2 37.0747816543723
2.01 19.4406668268065
2.02 0.920529855070811
2.03 3.12781920111803
2.04 16.626441954588
2.05 6.73133499021013
2.06 7.14444015879252
2.07 10.738407461326
2.08 35.6943740152198
2.09 11.1098276796682
2.1 3.73165443484992
2.11 -13.3936144806545
2.12 1.6478792755573
2.13 16.3334826385827
2.14 16.0935292289088
2.15 5.73508694098597
2.16 22.8130965686738
2.17 5.03184936739545
2.18 11.0045889161446
2.19 21.4566117515718
2.2 20.8507788729023
2.21 32.6995825517622
2.22 30.3784259621422
2.23 18.0262389842284
2.24 13.2269671272146
2.25 16.9574821783334
2.26 32.0299337125106
2.27 22.1037165672658
2.28 10.001583283222
2.29 19.5457034097612
2.3 45.5123872494162
2.31 14.7735444343015
2.32 7.82771494725456
2.33 11.55999015347
2.34 0.889748125833803
2.35 21.0530363590505
2.36 3.45526630644277
2.37 0.708669998915688
2.38 -5.53019900893045
2.39 14.5928089284718
2.4 18.4853589666833
2.41 5.27744919127453
2.42 26.7515480363724
2.43 15.0598349679044
2.44 12.0101276976747
2.45 19.0335560059202
2.46 14.8078417168507
2.47 21.0463875627021
2.48 31.5619128304073
2.49 23.9371924627178
2.5 20.4869103035117
2.51 9.52934469539729
2.52 15.7745035877926
2.53 11.919006707689
2.54 20.9254789697619
2.55 -9.1940762583664
2.56 16.993334390728
2.57 14.0307989393515
2.58 21.9981521468589
2.59 13.5938957785367
2.6 41.6652491294386
2.61 23.1508005133561
2.62 19.2427395259461
2.63 0.515613898790608
2.64 25.6378701693091
2.65 8.78136877626742
2.66 37.7808227569002
2.67 14.9624364211733
2.68 2.52997515838607
2.69 -0.552998337359311
2.7 12.9980690393627
2.71 20.245332827046
2.72 21.2297815969404
2.73 33.0564113224835
2.74 -2.4520303011989
2.75 8.61531961175739
2.76 21.895726992787
2.77 3.45984585746147
2.78 17.80741610717
2.79 18.7918178033898
2.8 19.1823768871539
2.81 1.70415556285904
2.82 9.37644732810674
2.83 5.96070249121519
2.84 14.4174784594472
2.85 15.125651047342
2.86 25.1648772758555
2.87 31.0265381957401
2.88 5.09400129138956
2.89 21.4671523149185
2.9 27.7768896210855
2.91 17.1337236712557
2.92 22.0449767984001
2.93 30.7542256104065
2.94 17.9585597239051
2.95 24.8236542046747
2.96 7.90627508435342
2.97 26.6761609738065
2.98 29.0727467642848
2.99 31.6854634211161
3 17.0244036964716
3.01 10.6822904497364
3.02 36.9226548838176
3.03 17.4604307703359
3.04 11.4750914323291
3.05 35.6716355396758
3.06 24.7606112941303
3.07 20.8819996432732
3.08 21.9869196749078
3.09 12.6142994008917
3.1 27.1982677413466
3.11 7.7681954098716
3.12 26.606881341395
3.13 18.4759719472144
3.14 16.5835423347482
3.15 41.1861687003938
3.16 26.1648804738561
3.17 14.4097465709255
3.18 19.1852635075418
3.19 43.5869831415733
3.2 34.2553964210788
3.21 13.965827014188
3.22 30.9890728754541
3.23 14.001227761852
3.24 27.7134566761894
3.25 27.4489586583411
3.26 20.3287013584178
3.27 27.7576275656066
3.28 27.4924975787458
3.29 19.5873266406245
3.3 19.2252410827294
3.31 26.2152581602362
3.32 31.1086145535355
3.33 21.2041979802927
3.34 19.1253930930156
3.35 15.4184329537815
3.36 13.343406974284
3.37 33.001193551042
3.38 17.4786310196619
3.39 20.5002572733609
3.4 18.7346991014654
3.41 40.0292256223861
3.42 -1.28612925651506
3.43 30.5555580680537
3.44 26.8133071149424
3.45 33.8962293684712
3.46 20.170658153388
3.47 30.7353925274652
3.48 17.2931912503493
3.49 21.5853850954286
3.5 3.50005320802732
3.51 29.5765293636604
3.52 20.3529515355922
3.53 35.0078329481368
3.54 18.1077799721074
3.55 15.8972548719067
3.56 14.7773105650569
3.57 27.2093458055884
3.58 21.3851782152198
3.59 23.4661546225928
3.6 10.9287286002131
3.61 22.5122218139795
3.62 27.7611856407592
3.63 28.2509545460555
3.64 16.3180535003708
3.65 -3.5233443280177
3.66 17.5274247113254
3.67 15.6563847991336
3.68 13.7080628767387
3.69 2.89354580769771
3.7 39.8129508281937
3.71 32.3471046388159
3.72 24.4036738415168
3.73 22.0900017710077
3.74 7.74285150425744
3.75 18.6018904876207
3.76 29.6137203374052
3.77 21.1678789588471
3.78 21.8042577627502
3.79 6.05234388977768
3.8 12.2585977642941
3.81 41.4100517866851
3.82 22.2237250542417
3.83 19.0721813743875
3.84 25.3805042592747
3.85 15.4332612215782
3.86 14.8026088214792
3.87 33.598607702256
3.88 16.896399426341
3.89 25.2087122318446
3.9 14.7631110598013
3.91 19.4777695667705
3.92 29.4855355610226
3.93 8.23244456830808
3.94 37.0917141959741
3.95 45.1236684141098
3.96 26.6755398144041
3.97 27.2364088324763
3.98 29.9911451922095
3.99 24.6561943483907
4 37.8080015459827
4.01 32.6386280170068
4.02 38.6803468126409
4.03 26.0912923014049
4.04 26.3215791967618
4.05 36.6058312488937
4.06 41.0976268359192
4.07 25.7333118097168
4.08 8.36536710879699
4.09 49.5784561426852
4.1 29.2613214489006
4.11 32.2712615585908
4.12 14.4522870712629
4.13 37.6425476687966
4.14 23.8782754144542
4.15 25.6957833903963
4.16 36.1956508298906
4.17 27.4358700083652
4.18 22.1013680570826
4.19 30.9926634265307
4.2 21.1185694415348
4.21 -2.97526465420348
4.22 24.7333642997246
4.23 17.1077689066888
4.24 41.1078708220435
4.25 11.859267719002
4.26 17.7923563652677
4.27 32.6983673396793
4.28 30.7961116948838
4.29 8.37168294659732
4.3 19.0446125864304
4.31 21.0753426488393
4.32 43.7057506040804
4.33 30.120299744141
4.34 15.5883765586715
4.35 15.8591480996673
4.36 17.2546395462783
4.37 47.6697257754264
4.38 22.4076036019399
4.39 29.0951510060532
4.4 34.9382034229449
4.41 19.7636692863057
4.42 31.5359275575405
4.43 25.8838638139431
4.44 27.0137455131887
4.45 31.939477431684
4.46 44.2434067270015
4.47 28.6125264340615
4.48 30.7016847716079
4.49 18.4471072273241
4.5 21.9036880072992
4.51 32.6585924110387
4.52 24.3080678151354
4.53 37.1251025189176
4.54 31.1062121018242
4.55 24.95510011297
4.56 43.8971363535733
4.57 21.8199797232471
4.58 29.0376137811628
4.59 21.0727690071466
4.6 12.0308286928552
4.61 54.8862448910519
4.62 25.3013290705424
4.63 34.7482434173033
4.64 27.7537941617581
4.65 13.9602394212429
4.66 37.1519186847519
4.67 12.0482645108685
4.68 21.3224094839736
4.69 34.5321543587068
4.7 19.9963672345166
4.71 9.89657700651667
4.72 10.5410164695922
4.73 18.4833219526044
4.74 34.5443075015309
4.75 24.0885990985606
4.76 32.5222801910883
4.77 16.0582215866593
4.78 32.3139126005528
4.79 42.6144163012177
4.8 12.5583291857671
4.81 33.697528724416
4.82 15.9175496804408
4.83 32.486907027541
4.84 40.6491970537461
4.85 24.6468977054863
4.86 15.9447692025707
4.87 14.2717282883277
4.88 25.6758042203509
4.89 34.4485239845974
4.9 30.3326716609004
4.91 11.0070105211749
4.92 44.8826560483376
4.93 19.8494228727227
4.94 40.0174412891322
4.95 45.1242992361995
4.96 48.2280873343197
4.97 29.2098420890437
4.98 24.9567201287162
4.99 38.6228741899064
5 27.5123967661957
5.01 44.9704946778377
5.02 24.5195558751347
5.03 26.4283178812051
5.04 19.7439596860464
5.05 16.7028715544649
5.06 37.4478729693834
5.07 26.4976906806158
5.08 29.4468260509611
5.09 8.13651537366666
5.1 0.392988532465665
5.11 41.7289269517534
5.12 34.6704961816631
5.13 27.9308338187345
5.14 28.6241449063611
5.15 35.602073750047
5.16 45.6271443358184
5.17 25.2597337833495
5.18 40.6876478419856
5.19 34.6835071411677
5.2 36.9112423746836
5.21 21.1531723602528
5.22 31.0996448544649
5.23 6.23525040508752
5.24 33.7519502094379
5.25 30.1690579495941
5.26 44.0755399987428
5.27 34.5224407912679
5.28 37.4536953550003
5.29 37.5607780854718
5.3 14.5327839374681
5.31 42.9484282397299
5.32 41.1453565174428
5.33 48.5527821137974
5.34 14.2244895340058
5.35 40.7731421802787
5.36 25.6338434686959
5.37 33.3908196995349
5.38 39.4228990894633
5.39 33.2959718069671
5.4 39.0398080247228
5.41 32.6976825728626
5.42 28.3351687877652
5.43 43.6136456938157
5.44 25.7720741727161
5.45 32.5541244590784
5.46 31.4351088159539
5.47 24.1569843938083
5.48 15.6287138804459
5.49 51.8870972029613
5.5 16.533847269912
5.51 34.0719893966911
5.52 45.4934906265891
5.53 21.4005019534909
5.54 27.762321125153
5.55 42.224620629332
5.56 35.1424846513145
5.57 23.2767897873019
5.58 38.4274748983843
5.59 38.5766345011177
5.6 44.6716864411822
5.61 33.2119058842908
5.62 26.6359498992193
5.63 22.187152053953
5.64 44.1139976212
5.65 28.2998201606724
5.66 38.626728599898
5.67 35.1980967503387
5.68 53.996156863635
5.69 50.1089094538909
5.7 34.7388118932743
5.71 22.812212484163
5.72 19.6409787871068
5.73 49.6920492985927
5.74 45.6300661928602
5.75 48.1186136247186
5.76 35.408966709685
5.77 44.3304477979973
5.78 2.98908409129798
5.79 21.4377280577723
5.8 33.2413526119531
5.81 11.5479024828015
5.82 34.4843100631412
5.83 46.3409734339806
5.84 53.5800622143859
5.85 35.080195840057
5.86 25.8556917560706
5.87 38.6873951620227
5.88 41.8338347981494
5.89 25.9877564065229
5.9 42.1846002444919
5.91 29.0073710130862
5.92 43.1679652757603
5.93 39.5686318954628
5.94 38.6875534766331
5.95 29.6022314603952
5.96 41.7825823427888
5.97 17.7521522940138
5.98 36.6412471400591
5.99 48.8624362255288
6 19.2526964189664
6.01 35.2054081965603
6.02 27.2224195268098
6.03 31.5075758040934
6.04 23.6276313851298
6.05 25.9041696488032
6.06 37.8229952794862
6.07 42.4388337823468
6.08 34.5966513835271
6.09 24.8978443231143
6.1 16.590184719538
6.11 40.4713128126996
6.12 44.1867764148215
6.13 45.5512375371773
6.14 44.7880184265735
6.15 26.67442645574
6.16 26.3848363870699
6.17 36.0949701890519
6.18 27.668083627808
6.19 42.3022578208401
6.2 39.6907804732963
6.21 29.6553158228943
6.22 31.3699784197465
6.23 23.7354986761002
6.24 51.2374335438515
6.25 37.0333538594653
6.26 41.6319569418993
6.27 35.4447921712435
6.28 36.8087859202456
6.29 30.5833778026657
6.3 37.7244473244787
6.31 28.2845560309766
6.32 51.7606859642112
6.33 46.5631066962494
6.34 23.7701405487546
6.35 35.4247967968704
6.36 36.9969114202226
6.37 42.5352452089232
6.38 27.861473267338
6.39 36.5069247207211
6.4 56.9555781326681
6.41 52.0426324551448
6.42 47.6419518318285
6.43 44.7548011886648
6.44 38.7938537462387
6.45 46.5456766317749
6.46 62.7613633823571
6.47 25.2719399968491
6.48 29.3946215016553
6.49 39.1350602961047
6.5 26.9609058826681
6.51 50.2435629174056
6.52 19.9586408320634
6.53 41.9137615134459
6.54 48.6217819859593
6.55 47.6874561779567
6.56 15.2637611424555
6.57 25.4481501915927
6.58 36.3424528443979
6.59 48.6542128304967
6.6 30.138854832386
6.61 12.9243788313957
6.62 42.3824260932808
6.63 48.4690019700246
6.64 38.0990693789898
6.65 51.4508825773422
6.66 53.3333715431421
6.67 29.6026286654746
6.68 63.1941409877433
6.69 35.3783869291977
6.7 25.5577512653003
6.71 35.5587302700673
6.72 43.4394700738371
6.73 31.6224643148934
6.74 42.704314285818
6.75 58.839565867032
6.76 33.3593537528731
6.77 63.4913466713737
6.78 41.7767170924457
6.79 47.867380295944
6.8 31.5407646424128
6.81 29.1266010967308
6.82 49.5508377247683
6.83 38.8560236974149
6.84 43.0703028913073
6.85 33.6279355598687
6.86 47.5859163644454
6.87 29.2899876710608
6.88 35.7460605568622
6.89 32.7869466999167
6.9 34.7171858972262
6.91 47.722452046617
6.92 32.1819833922077
6.93 40.7789375950019
6.94 49.2099218033088
6.95 51.0206479544818
6.96 63.5691786977838
6.97 55.5741160536981
6.98 29.9135913451135
6.99 50.5813894228557
7 29.2331834171243
7.01 25.1792731926015
7.02 52.7762295978534
7.03 20.6102915496147
7.04 41.8354624672202
7.05 44.0641651376723
7.06 40.5722550133058
7.07 52.9534890424039
7.08 20.4361566926099
7.09 55.7952459450774
7.1 37.9802710969098
7.11 39.001372626312
7.12 54.5330803575625
7.13 46.4387329797738
7.14 35.5275289465565
7.15 43.6993279366231
7.16 53.6813594774309
7.17 49.3280891089211
7.18 58.9746486835681
7.19 42.1951529986247
7.2 39.3952414485039
7.21 48.37283652739
7.22 28.4059265988514
7.23 55.331148118353
7.24 46.3382459715838
7.25 44.3879582559632
7.26 31.0742976371836
7.27 23.2508483421293
7.28 41.0218906312714
7.29 49.00568175134
7.3 20.4164096972666
7.31 42.506943845123
7.32 47.4488893481135
7.33 46.2726663081177
7.34 35.1893320853083
7.35 39.4437273628959
7.36 39.2321735338823
7.37 46.2302376453205
7.38 43.8802223827571
7.39 40.2861480838475
7.4 48.7321634407278
7.41 31.2129544946748
7.42 54.9715403989459
7.43 54.8046919039328
7.44 45.4430871709213
7.45 37.3405515606357
7.46 65.9326613389392
7.47 44.3156236649334
7.48 55.8072015167165
7.49 49.5977162004394
7.5 24.5072793631768
7.51 27.2857170837074
7.52 57.0580907866627
7.53 27.3157053992846
7.54 21.6680314506047
7.55 50.6260766572011
7.56 48.7903946104661
7.57 45.2684447345841
7.58 46.6062147647757
7.59 37.3036954994238
7.6 50.1868682940125
7.61 27.0532178432258
7.62 46.1918817003139
7.63 53.97847111459
7.64 49.6901182661511
7.65 67.002316838842
7.66 43.5233605708082
7.67 46.2110987352113
7.68 43.5831604954762
7.69 42.6264159109248
7.7 56.0523040096572
7.71 44.8262241237672
7.72 49.6969089268981
7.73 47.2041901605464
7.74 45.4699892176011
7.75 32.4939479355651
7.76 40.7360823340464
7.77 31.8398027827297
7.78 24.2284957187286
7.79 47.3372846023058
7.8 48.6564883702092
7.81 49.325390643758
7.82 17.9580766156416
7.83 41.5515325277151
7.84 56.016698483833
7.85 23.7876281205054
7.86 49.8321068764321
7.87 38.4618411583025
7.88 30.9681300853803
7.89 45.8399835680351
7.9 51.3748558456358
7.91 54.9099673325644
7.92 46.5354452524462
7.93 39.9766373123786
7.94 17.1452072338822
7.95 59.9108337595372
7.96 39.6226885181457
7.97 51.178903729463
7.98 59.5650820888299
7.99 69.3730975924606
8 33.9593484420257
8.01 72.6744399866864
8.02 45.2357561271511
8.03 44.0345140617628
8.04 47.2578489402324
8.05 35.5235883265043
8.06 47.3253049963732
8.07 64.8094805085993
8.08 41.6879187044998
8.09 57.4017463601025
8.1 43.2491296286468
8.11 42.0479919853142
8.12 51.4350636063278
8.13 37.299052663847
8.14 49.3204195888941
8.15 37.3597581220252
8.16 50.2412010446579
8.17 50.2872538986145
8.18 56.0065354186629
8.19 54.3237532986542
8.2 46.5816487373601
8.21 47.4565525519838
8.22 59.429636179965
8.23 45.7589706832901
8.24 31.4166722350361
8.25 57.3455690660742
8.26 33.5343872926681
8.27 54.9131586136856
8.28 25.4216699262316
8.29 50.9531315656715
8.3 44.0599445512929
8.31 52.4519119924687
8.32 43.8752908332072
8.33 43.3926295710789
8.34 57.0981588133813
8.35 56.9183287767269
8.36 64.3509798493364
8.37 70.2962567379506
8.38 48.699408177744
8.39 72.7112848082596
8.4 46.9454251023198
8.41 32.7387940960769
8.42 49.2230352875611
8.43 49.7581735200168
8.44 52.3771424527487
8.45 45.7891847620907
8.46 46.2772700122853
8.47 28.0291327738246
8.48 50.7542827185399
8.49 66.337556537835
8.5 27.7936305943398
8.51 60.2736329744757
8.52 64.1047650771329
8.53 48.8445794280605
8.54 39.0458469523638
8.55 60.5622230298928
8.56 53.8487768678953
8.57 45.2037509812125
8.58 54.8122996439509
8.59 41.2143139846203
8.6 45.4946557195307
8.61 51.9351067616633
8.62 46.6201107389273
8.63 38.1227204828723
8.64 42.9794520742996
8.65 59.4446581655478
8.66 54.2602162417193
8.67 61.8107186975489
8.68 47.7285706161589
8.69 71.3124628846863
8.7 47.4941900591827
8.71 29.9866392468369
8.72 50.2522947239924
8.73 38.1325112221043
8.74 42.8460169517217
8.75 50.522536393256
8.76 50.8147889085765
8.77 41.8870919272959
8.78 47.4701800742185
8.79 50.2595975476447
8.8 45.622046082528
8.81 46.9483289263375
8.82 41.364215711355
8.83 45.4858855321117
8.84 63.000329433745
8.85 59.6725398175417
8.86 28.6169046063073
8.87 47.4339928240457
8.88 69.8795210398595
8.89 75.0527046457482
8.9 38.4922100402417
8.91 46.2663010822679
8.92 72.7413574291997
8.93 50.0014147155892
8.94 47.7033582474787
8.95 71.571978479524
8.96 49.3956967844675
8.97 65.752559067079
8.98 49.4623949805305
8.99 41.7093312641579
9 51.8056921422941
9.01 39.5570328929313
9.02 52.9086438878943
9.03 42.6146625677414
9.04 54.5160664910811
9.05 48.0553302815664
9.06 54.5950705554555
9.07 65.591196942697
9.08 55.8932430944609
9.09 31.9468743859772
9.1 34.7168126243609
9.11 49.569729474137
9.12 31.229180112309
9.13 45.4439010383375
9.14 67.8109933904133
9.15 57.4968515842924
9.16 59.9641438559361
9.17 63.6843256998563
9.18 48.6694418635743
9.19 54.0637344176029
9.2 69.5693702545305
9.21 52.4533622660038
9.22 54.4693679484015
9.23 54.9841420963845
9.24 43.2922934421599
9.25 43.8906452889762
9.26 49.1683680135517
9.27 41.0401820955774
9.28 38.2910613058566
9.29 33.4021127486018
9.3 61.0418245881014
9.31 56.4765703785577
9.32 47.7347471234511
9.33 44.1182273714076
9.34 50.8169735707289
9.35 40.3337668751459
9.36 62.9790382761189
9.37 32.6830143319135
9.38 44.8230396449311
9.39 54.4566975029091
9.4 42.5993123237846
9.41 55.5173068758038
9.42 58.7127600494488
9.43 59.4525573291122
9.44 65.8534209329285
9.45 70.9928808360915
9.46 39.843273163991
9.47 44.7566729632234
9.48 59.2392067125773
9.49 71.1504998388605
9.5 48.1853926629926
9.51 48.870884287802
9.52 51.5468896354992
9.53 52.0744771745688
9.54 54.2479475448915
9.55 43.2579424143393
9.56 53.9054921834364
9.57 56.2338014989191
9.58 46.8928360782689
9.59 49.3992948902208
9.6 47.5252065024208
9.61 56.5522840877722
9.62 55.1130457371159
9.63 50.8000256539641
9.64 30.4432143269696
9.65 59.8319624229071
9.66 59.7914297796714
9.67 45.8423213138167
9.68 58.9624708236422
9.69 75.2540113262115
9.7 71.9608019073511
9.71 60.4662876443905
9.72 69.9961951939315
9.73 43.0912065677887
9.74 27.0780645024707
9.75 52.5941094700154
9.76 68.7132113926217
9.77 47.7517022104333
9.78 53.6886448775562
9.79 40.9256614402623
9.8 48.7274284746184
9.81 55.6917051752585
9.82 56.0627071978027
9.83 43.1253397702907
9.84 64.72372230218
9.85 54.3616035939352
9.86 48.2431130824821
9.87 48.9585334278021
9.88 37.5262430445585
9.89 70.506110064159
9.9 46.1708585129857
9.91 46.9593453423561
9.92 46.554348254681
9.93 50.2911729856376
9.94 58.497763793361
9.95 38.0990567331788
9.96 40.0210744989812
9.97 68.711595788648
9.98 52.0871888613582
9.99 58.0463569504579
10 55.2145343523081
