0.01 10.2733161762102
0.02 -3.2914475811957
0.03 -11.2077979630308
0.04 11.7863779028267
0.05 14.0906286375489
0.06 21.257304872989
0.07 -9.46373039578562
0.08 16.4284739102677
0.09 4.56243412788754
0.1 10.8047604068678
0.11 7.88617708567543
0.12 13.1525817987157
0.13 16.4055921499085
0.14 7.18373545207842
0.15 -4.64734907655541
0.16 17.5596840492734
0.17 -2.57534100153599
0.18 9.03524929624514
0.19 14.042869746489
0.2 12.962652574255
0.21 -5.01202213275144
0.22 10.1104450068183
0.23 9.47599771559279
0.24 9.36840122704556
0.25 25.7756637983459
0.26 9.99309833012707
0.27 16.5036181682937
0.28 9.9310882749318
0.29 -8.43476305280067
0.3 9.16906658873826
0.31 0.709400975393867
0.32 34.3966968221612
0.33 3.60420836956203
0.34 5.86658566261393
0.35 11.4568024299842
0.36 -0.910389936383213
0.37 10.2348794226276
0.38 10.0630852543739
0.39 10.5090833683407
0.4 11.835220529673
0.41 24.4888121746677
0.42 6.30495245242325
0.43 12.2368202512613
0.44 6.17930609626523
0.45 19.924327152456
0.46 -12.4216939208945
0.47 16.3683678702535
0.48 0.315720350831677
0.49 0.831338070290233
0.5 26.7115275059998
0.51 5.65164240317372
0.52 6.86245873114247
0.53 12.0957857717835
0.54 -6.82765390536029
0.55 4.06831939568516
0.56 4.47350667878066
0.57 15.2127937289933
0.58 13.0378202888367
0.59 17.5907729610424
0.6 15.0966388876169
0.61 -18.0111568636191
0.62 1.62584313923885
0.63 26.0837298852349
0.64 -0.456305900312315
0.65 25.1587119853458
0.66 10.1506101874265
0.67 0.165428133984127
0.68 19.6417812810999
0.69 -8.85305449660257
0.7 15.9114801647579
0.71 -0.290460328875479
0.72 11.1995624935782
0.73 16.5166721477027
0.74 17.9476579180056
0.75 10.4738160794498
0.76 7.56342483249116
0.77 12.3609945524239
0.78 -12.0133859992301
0.79 7.92539771532397
0.8 21.3868494445404
0.81 -9.58176604269005
0.82 5.68009573288966
0.83 -2.4578306675326
0.84 -0.104867854127356
0.85 22.7578171022732
0.86 0.413486104263184
0.87 1.69949078824261
0.88 5.30637371679422
0.89 9.90106268536359
0.9 3.51127425162271
0.91 -8.75296899515545
0.92 -3.74459876640168
0.93 0.363802977333924
0.94 15.4434151019287
0.95 31.1544697655995
0.96 27.2978641903184
0.97 16.0402643071042
0.98 0.334730327549851
0.99 -5.4938813930013
1 15.6847433455796
1.01 4.51940352038401
1.02 21.1439902829359
1.03 7.04080633831863
1.04 29.9525560263704
1.05 11.8725525690794
1.06 5.5660564088449
1.07 -4.92598056334439
1.08 16.0575483558311
1.09 6.88439437939944
1.1 3.11630971578986
1.11 -5.00143635645927
1.12 5.44610138517696
1.13 12.2105697403377
1.14 5.84527610563341
1.15 7.84045218764138
1.16 9.64398041456442
1.17 6.9147179578737
1.18 8.68881029159588
1.19 -2.79897020603508
1.2 -4.78453072428469
1.21 21.6133009734279
1.22 29.9925292116061
1.23 3.64284476028014
1.24 10.9137312824545
1.25 17.0050658209425
1.26 1.69240789545879
1.27 16.6531292735405
1.28 26.376206406533
1.29 16.1094410933462
1.3 5.6558988575941
1.31 9.80872777731866
1.32 2.49522612190577
1.33 -5.29500749629507
1.34 24.0487480358953
1.35 19.9389285895205
1.36 17.6954967964403
1.37 13.33208703937
1.38 17.5607832637114
1.39 28.137486270759
1.4 15.7597732853264
1.41 24.8122832758242
1.42 7.37101428006293
1.43 9.9090763584585
1.44 39.6976130555193
1.45 28.8229278008426
1.46 26.2315416643815
1.47 18.2920621925542
1.48 4.34020131909068
1.49 10.6632757740054
1.5 11.5258936142507
1.51 23.3796802347204
1.52 11.9810501545712
1.53 7.18540993332113
1.54 3.95770196639861
1.55 22.0162127245971
1.56 12.3787485331928
1.57 15.7417006999798
1.58 15.5622025241405
1.59 34.9106158925401
1.6 21.4551902417268
1.61 21.8506244151726
1.62 11.2804790002815
1.63 12.98026851471
1.64 9.70495049088575
1.65 -9.2360295564689
1.66 18.7441597504379
1.67 -11.6304366492756
1.68 8.08492084172449
1.69 14.606240425226
1.7 7.21639950656472
1.71 16.4057790958595
1.72 16.4319934234209
1.73 11.1339510367534
1.74 32.2402796750266
1.75 29.1968819260704
1.76 -4.82933034610128
1.77 9.27855138108893
1.78 20.7851966854989
1.79 7.06363691068119
1.8 9.65952217982619
1.81 6.77294755061069
1.82 17.1965053028102
1.83 13.8226552807431
1.84 15.2845368043828
1.85 29.5073573470131
1.86 20.3754475060473
1.87 25.6288971743029
1.88 6.24259370238064
1.89 27.2212333294101
1.9 32.3896430441255
1.91 17.8590498634294
1.92 20.1525459647833
1.93 11.5030358347809
1.94 2.26950966472105
1.95 5.99858535085149
1.96 13.2844051279644
1.97 13.7095604739218
1.98 10.6956929681518
1.99 8.47543123050156
2 1.67546212015021
2.01 29.9484116303677
2.02 4.18451876684907
2.03 3.47969188817599
2.04 13.8021295969836
2.05 41.9805879931583
2.06 -5.31032308719649
2.07 18.4627642367665
2.08 12.1802917912828
2.09 26.931614374392
2.1 32.7595423692638
2.11 -7.40634294137501
2.12 14.9763455752355
2.13 22.047671847655
2.14 34.7176237659323
2.15 26.8906607685338
2.16 26.169851752711
2.17 19.3900456604571
2.18 16.2654560409413
2.19 7.8761154824143
2.2 8.45786504713775
2.21 7.81203439296697
2.22 19.8533864914947
2.23 2.84153878179962
2.24 19.1135308850214
2.25 1.89772052906594
2.26 28.9502128301619
2.27 32.7576945082126
2.28 13.4703488094762
2.29 11.2327264630607
2.3 10.2248635295372
2.31 44.5282705759548
2.32 32.1820647314891
2.33 7.16398616080229
2.34 11.4138809701906
2.35 34.2996988056666
2.36 30.6063063914241
2.37 17.8078200658988
2.38 14.6709021520538
2.39 22.2952147494377
2.4 8.91669809810362
2.41 14.5484183360953
2.42 13.5615908218283
2.43 15.2941612106092
2.44 30.5965219186922
2.45 5.75031394739714
2.46 22.3133627668404
2.47 22.265090913957
2.48 21.8154229415593
2.49 5.97129305694169
2.5 6.12261715271449
2.51 8.43750572196765
2.52 13.0734356333785
2.53 26.5646228127566
2.54 33.3950631724275
2.55 26.1503224972063
2.56 37.2613385674816
2.57 19.8651924931326
2.58 14.1827990245758
2.59 21.7804840352817
2.6 30.6692229015789
2.61 29.7441993186106
2.62 18.1272742227082
2.63 12.2091680345397
2.64 5.0066028861583
2.65 9.14344269488323
2.66 19.716118975795
2.67 27.0519294383205
2.68 9.0710565384826
2.69 3.675055941505
2.7 20.9569542257378
2.71 54.485418190206
2.72 5.72527324075653
2.73 6.53517632688359
2.74 24.0164040103526
2.75 23.2216879510007
2.76 6.59525052887907
2.77 11.6694121448391
2.78 24.0019514591569
2.79 2.13821412690205
2.8 22.7380386861626
2.81 15.5424261681264
2.82 19.0337555192313
2.83 10.8868410458646
2.84 9.86193402447739
2.85 16.2594199689598
2.86 25.6499122063857
2.87 18.8822918580582
2.88 22.1807778604445
2.89 23.972581151468
2.9 25.1906791873455
2.91 15.8379888474797
2.92 22.7953581798623
2.93 26.7207368999914
2.94 37.91546338143
2.95 31.3132493341594
2.96 20.0542244235243
2.97 29.3517362034
2.98 29.2441303917061
2.99 17.5857136158206
3 16.4074743100132
3.01 31.0467094731384
3.02 14.1791952111047
3.03 26.2857537441996
3.04 18.7266592288888
3.05 25.2310336696501
3.06 5.30923768572785
3.07 30.9388062731167
3.08 37.1185685086427
3.09 23.1399099614161
3.1 20.9846912701224
3.11 15.0771070943002
3.12 28.6066762944486
3.13 34.2190533741919
3.14 17.4330034556778
3.15 25.9731098119375
3.16 13.6883229411968
3.17 25.1254233009382
3.18 6.39129022765669
3.19 16.4433502004699
3.2 2.19034483994203
3.21 23.2454155556233
3.22 10.683646288692
3.23 17.9892714674055
3.24 25.7412643416866
3.25 17.6230303051683
3.26 26.6352338941632
3.27 7.67798904941738
3.28 26.2272350458124
3.29 22.5992994388755
3.3 8.17892231345192
3.31 17.4455225328577
3.32 25.0482269812498
3.33 32.621959750868
3.34 27.5543365841289
3.35 28.7996447448446
3.36 6.88618008652233
3.37 12.4096318046968
3.38 17.020296369837
3.39 21.9673175820389
3.4 9.32668126619273
3.41 18.8380391094268
3.42 10.9183071883117
3.43 16.8861940838418
3.44 34.6557473875473
3.45 28.7986019829454
3.46 26.1240343951599
3.47 25.6722572339623
3.48 34.783688377159
3.49 22.2733181458937
3.5 22.2181130957544
3.51 20.7458474257768
3.52 19.3716167673595
3.53 29.3803833490019
3.54 14.4367442669065
3.55 48.7104135111443
3.56 27.2648016002663
3.57 24.632140411777
3.58 24.6430268930634
3.59 27.296427748924
3.6 30.5926743871195
3.61 16.2247571396304
3.62 41.6551214834231
3.63 11.9038731791281
3.64 14.2807056143756
3.65 19.5190349021743
3.66 12.6439318318597
3.67 12.969285350257
3.68 10.8760172401048
3.69 17.4456461535836
3.7 27.4668140601206
3.71 16.4712080980744
3.72 41.9979827371117
3.73 25.0463506767396
3.74 19.3390884365767
3.75 7.62135581967219
3.76 19.5710697878566
3.77 37.1207255715347
3.78 5.47229234442331
3.79 31.6199828015323
3.8 12.8290876944129
3.81 28.6634061988565
3.82 35.9501911034375
3.83 39.6342697318218
3.84 16.9099505733724
3.85 35.4708750698379
3.86 17.2484285746585
3.87 10.0146627217364
3.88 29.3532598974829
3.89 14.1029009120175
3.9 38.5574154207922
3.91 35.4490175261458
3.92 13.8623760517379
3.93 37.3273287123525
3.94 22.2483475044343
3.95 36.3021020135746
3.96 21.5142420033516
3.97 13.1768752711722
3.98 28.8899706202197
3.99 23.2264688740665
4 47.9423091478884
4.01 24.3625393628777
4.02 9.43042649333919
4.03 30.8796397873199
4.04 21.6552595654773
4.05 33.2588514949866
4.06 37.357942035499
4.07 25.0949073151988
4.08 23.3552289933693
4.09 25.5599389169332
4.1 41.2657568954483
4.11 4.93244691579409
4.12 31.9345019935277
4.13 27.2266571242391
4.14 43.5590970738539
4.15 27.747498605978
4.16 48.1534548603898
4.17 29.4058353337302
4.18 23.1797503018478
4.19 27.5611973243061
4.2 20.5277090001483
4.21 15.0366663247451
4.22 29.6199658979351
4.23 21.1149982722794
4.24 16.2297851448436
4.25 24.3538107644503
4.26 15.5521139113567
4.27 47.861013949199
4.28 30.6547280742353
4.29 35.2475237666267
4.3 15.0920210006104
4.31 29.5172335786861
4.32 24.5887320413252
4.33 25.3723009524612
4.34 20.9568080898019
4.35 43.7687943441071
4.36 23.1814365993501
4.37 29.8030773538569
4.38 30.2354033766553
4.39 27.3927347483605
4.4 35.0463564077355
4.41 34.9557379339858
4.42 28.1740243565318
4.43 29.2159786858088
4.44 13.1089988673973
4.45 30.3993086953566
4.46 29.5066918471771
4.47 39.222830690057
4.48 34.2621751094355
4.49 31.1542373459155
4.5 5.11041169856609
4.51 16.0578981290759
4.52 27.2877437742045
4.53 21.5002173087016
4.54 43.8493365890146
4.55 46.2003953050624
4.56 50.9451143253751
4.57 37.1757702432577
4.58 41.0194729196351
4.59 24.8077712820731
4.6 8.3109446185464
4.61 53.5588485378536
4.62 18.6329786201545
4.63 18.4853879474047
4.64 47.6120124269319
4.65 14.3362413455551
4.66 17.5249139555628
4.67 31.022264389026
4.68 32.3542532202567
4.69 26.518296465796
4.7 35.0176927009763
4.71 20.7311808960503
4.72 37.6348384173665
4.73 36.7115051233058
4.74 28.6950391834959
4.75 38.1665731531764
4.76 28.8370493051754
4.77 30.2177863703881
4.78 18.6170317822074
4.79 27.8607813769846
4.8 24.6744145006102
4.81 28.1075376925659
4.82 43.1518637460449
4.83 45.6856581150259
4.84 15.9734406896302
4.85 44.3493929612729
4.86 36.221197653004
4.87 35.6758684696197
4.88 34.5961795469341
4.89 25.9238110028642
4.9 19.9938848581008
4.91 30.3915635043441
4.92 24.9273026458005
4.93 40.8972887620151
4.94 34.2001585532057
4.95 44.2266280496361
4.96 32.8610298951063
4.97 6.63065539049421
4.98 18.1233075901144
4.99 42.6977984759379
5 41.3041142624766
5.01 43.8516452080665
5.02 22.4383393209458
5.03 20.1455658424423
5.04 37.7552621797703
5.05 22.9251450791844
5.06 46.2621002824388
5.07 17.5528787036054
5.08 27.6953208631013
5.09 23.6842920202466
5.1 22.2170279191135
5.11 21.5168584760248
5.12 20.1455073778961
5.13 32.3220110226637
5.14 20.5512076216104
5.15 35.1762719704968
5.16 22.9044033535038
5.17 47.4388051187513
5.18 26.5241387582566
5.19 37.3609791734337
5.2 33.8962639939212
5.21 30.8732712073218
5.22 16.1799229125412
5.23 29.3435824411373
5.24 41.9089252952591
5.25 15.9898024932902
5.26 47.1775148992975
5.27 43.8703905064447
5.28 37.4600769652199
5.29 19.598044738688
5.3 23.6397928354388
5.31 19.3873251463908
5.32 31.693226060146
5.33 23.6990235320787
5.34 48.0743551491284
5.35 38.5093319299507
5.36 42.9611041090736
5.37 17.1876403204962
5.38 22.4257176205529
5.39 22.0213725698118
5.4 46.3089321195586
5.41 12.5611456862515
5.42 29.6978617698139
5.43 28.7277609920807
5.44 28.699325077989
5.45 41.5307837828524
5.46 52.1404418799741
5.47 28.3493251290225
5.48 41.0589872442323
5.49 43.4313049214402
5.5 42.5300115551816
5.51 33.6955399334167
5.52 21.2999495842747
5.53 43.0403957960032
5.54 40.0312858094808
5.55 37.8288515884039
5.56 20.1763390957738
5.57 28.6040165816821
5.58 36.7643366834878
5.59 27.2079953199781
5.6 42.1048597192277
5.61 41.1377380448006
5.62 -1.31033953724812
5.63 18.7673211240288
5.64 47.7144265092573
5.65 51.9244552675622
5.66 31.3435591296511
5.67 17.656548104287
5.68 32.643385519303
5.69 40.7569158840818
5.7 22.7009619590418
5.71 19.1273349126944
5.72 42.4884961952918
5.73 48.702055502475
5.74 33.490260705159
5.75 47.409089613184
5.76 37.0340350576096
5.77 36.1251365472674
5.78 35.6021559266254
5.79 39.7182017606691
5.8 26.5889295426032
5.81 54.7657448564306
5.82 18.1828977505066
5.83 19.1993463322989
5.84 23.0307974054073
5.85 36.6274072410352
5.86 50.7238070834188
5.87 44.3523974562352
5.88 28.4960872661445
5.89 35.7001892768305
5.9 21.6546551385593
5.91 32.6090987033519
5.92 44.6662452397552
5.93 30.3077975112686
5.94 29.6052018456025
5.95 31.9549414532258
5.96 45.6504136907662
5.97 35.3926012740176
5.98 29.2439250717469
5.99 38.3287036542464
6 35.1231395702479
6.01 19.6871804318974
6.02 45.0593008981255
6.03 25.4239260312496
6.04 28.1877402500315
6.05 18.8847081405976
6.06 41.1327384447255
6.07 49.0451436207456
6.08 36.1673624926339
6.09 48.3507029374441
6.1 57.3745621357465
6.11 22.0609632545379
6.12 18.6911807594653
6.13 39.6802685537493
6.14 51.6930867994456
6.15 31.9133728809815
6.16 43.2491355283925
6.17 27.7152141100424
6.18 53.1124007802239
6.19 15.611492013909
6.2 36.4280944025522
6.21 37.7496571560525
6.22 46.213680485937
6.23 36.1887180379406
6.24 36.4880776629876
6.25 42.7531589642654
6.26 38.7495225747739
6.27 30.6723702559335
6.28 39.7266612222868
6.29 29.209427629909
6.3 45.735004186296
6.31 41.3011298905329
6.32 41.7962905378556
6.33 35.0134211897551
6.34 20.8052769633332
6.35 8.22894518219692
6.36 34.1227295221525
6.37 30.439164289193
6.38 49.2875596236061
6.39 58.002216905325
6.4 49.0765950850316
6.41 48.5662639994351
6.42 52.1132999191874
6.43 36.8475895547194
6.44 44.6665309549653
6.45 46.6682563447534
6.46 36.3948382975999
6.47 25.578594485288
6.48 37.8025022238911
6.49 38.313203007877
6.5 38.1958896237122
6.51 37.7752337007707
6.52 20.1139666637043
6.53 37.7640688041004
6.54 16.3457824303334
6.55 30.9965775789584
6.56 32.3053176373801
6.57 53.7304335174455
6.58 27.2959657989789
6.59 29.9953651715972
6.6 48.1518494273103
6.61 51.0261829622743
6.62 25.6616838129876
6.63 62.2919735064116
6.64 43.581080827296
6.65 41.0836794826477
6.66 30.1662436250667
6.67 32.0890179262949
6.68 58.858789356368
6.69 44.9264956019645
6.7 25.425091657348
6.71 38.3740478044474
6.72 41.4180138389775
6.73 31.8497956545285
6.74 45.5659118552129
6.75 27.2038210802618
6.76 31.2244846417625
6.77 26.6362793961638
6.78 43.1658999728887
6.79 55.9979638049292
6.8 37.0653238665667
6.81 30.3554641036476
6.82 69.3639521673093
6.83 35.6674720712231
6.84 25.7925479030895
6.85 31.2346608403873
6.86 57.4475963519264
6.87 23.6453789515658
6.88 30.6374914574694
6.89 57.8210612070391
6.9 44.1559100589399
6.91 44.598369958945
6.92 47.2614699029244
6.93 25.9946365341158
6.94 31.9663409272605
6.95 42.7266872060042
6.96 38.6809930042003
6.97 48.6643048344294
6.98 34.7029148687819
6.99 42.7140008173887
7 42.981976101455
7.01 32.9523041915273
7.02 39.0128909705264
7.03 38.5497662220857
7.04 28.685754560719
7.05 43.5821720382168
7.06 29.0782541154483
7.07 28.1254934459745
7.08 48.9425854420022
7.09 27.8270339747886
7.1 50.4819313726851
7.11 38.7118188035165
7.12 60.6718110563478
7.13 32.9239781330244
7.14 49.8099471502131
7.15 42.265144443195
7.16 46.163376298159
7.17 25.9971049175272
7.18 46.2111893868637
7.19 33.5749254459438
7.2 48.7192939119371
7.21 37.847242129123
7.22 27.9216142201324
7.23 41.4463531703682
7.24 37.9677936671086
7.25 43.0067105334552
7.26 46.5863324594206
7.27 34.9757531235123
7.28 44.4319038799276
7.29 38.1425015858302
7.3 32.6779384942361
7.31 22.489527162818
7.32 35.2326575368289
7.33 51.7676519218756
7.34 31.2426119949862
7.35 46.4372137900478
7.36 55.3448941615814
7.37 31.770003211107
7.38 31.0593071094285
7.39 37.3278165373128
7.4 28.2446558078238
7.41 46.4939002531694
7.42 54.3942451726999
7.43 49.2690606208479
7.44 44.5469072599649
7.45 44.6719020943887
7.46 38.1129880456592
7.47 47.0232178055199
7.48 47.5709067612753
7.49 56.544943492621
7.5 52.9534089692066
7.51 41.1968751657867
7.52 52.1588449940133
7.53 58.3652566690454
7.54 41.5034617479796
7.55 43.8876984714092
7.56 16.7082446029858
7.57 34.5054241350767
7.58 55.010485148978
7.59 38.5667699933328
7.6 27.0325368551454
7.61 53.5913698070372
7.62 49.8890030630394
7.63 44.4500860778921
7.64 48.3072449872175
7.65 49.8657977750364
7.66 33.8435411758366
7.67 36.8602106208173
7.68 26.4869188794981
7.69 44.4178385280708
7.7 40.4723263375309
7.71 22.1271293107068
7.72 46.0182267043113
7.73 62.1892895041218
7.74 51.9015083975349
7.75 28.2435548446865
7.76 43.2640595793737
7.77 49.2098398347805
7.78 42.3130818150332
7.79 42.0452368604997
7.8 56.4590639637772
7.81 37.3965174918996
7.82 42.9870717351075
7.83 45.5241331044931
7.84 56.2866890397168
7.85 40.3852207739126
7.86 41.096405057947
7.87 44.0012018510845
7.88 45.5341807946758
7.89 71.5515729193895
7.9 38.3417055797632
7.91 44.6932218149349
7.92 29.1219267393799
7.93 47.5388139900369
7.94 21.3117846263909
7.95 41.98397722675
7.96 42.9647080524499
7.97 62.314107356995
7.98 41.1790086095962
7.99 54.5388954597084
8 51.5638165675799
8.01 45.2265433597085
8.02 26.8169044184396
8.03 38.2170892542457
8.04 43.7154912526156
8.05 44.7152962362977
8.06 34.4149386472218
8.07 20.0924605305637
8.08 51.5748136083921
8.09 36.5975282268893
8.1 57.2814734537819
8.11 44.7852357310634
8.12 50.0483059968106
8.13 26.0484732779416
8.14 43.0636315882083
8.15 28.154733554552
8.16 36.1698044777906
8.17 37.9114059117209
8.18 47.017276642098
8.19 43.4341567838176
8.2 58.7743875556838
8.21 53.7198184644712
8.22 46.875772298649
8.23 57.2417305042356
8.24 31.601299932677
8.25 43.5973363324295
8.26 34.2664138379006
8.27 43.5611653844893
8.28 40.9962675389078
8.29 25.8016614672619
8.3 58.9981243316769
8.31 47.220217707847
8.32 46.2604349324936
8.33 33.7229385548552
8.34 76.8919443586776
8.35 65.176482341483
8.36 42.2924009597044
8.37 46.1474252559805
8.38 51.0951798951437
8.39 30.456010045666
8.4 41.8843033033566
8.41 57.7173536656455
8.42 42.7823413034406
8.43 38.8926829001851
8.44 55.024494788879
8.45 46.051991528823
8.46 52.8553352129857
8.47 41.2012143041366
8.48 41.2507462196714
8.49 36.6146007548546
8.5 51.0656600853854
8.51 58.3385331620394
8.52 36.9224269382831
8.53 58.8787285870654
8.54 73.1529517085941
8.55 59.9616407388965
8.56 57.7605413616616
8.57 42.6377162464634
8.58 66.4150702899733
8.59 14.2596613586368
8.6 48.1080928067619
8.61 49.0973601748323
8.62 52.9088102586431
8.63 50.7680334277119
8.64 61.9384424321278
8.65 54.2986878772732
8.66 33.4778065923509
8.67 67.9003368241643
8.68 50.1937284109298
8.69 45.0694611480886
8.7 54.1862465826777
8.71 44.7605006820768
8.72 47.7218939485425
8.73 61.801113172087
8.74 42.5338042667961
8.75 53.1025882182233
8.76 50.4383685632817
8.77 37.698378880711
8.78 28.2995356749568
8.79 50.0848127105307
8.8 52.7026029648195
8.81 45.4401152224097
8.82 53.994935493062
8.83 48.8062382854804
8.84 47.4195411537003
8.85 41.9964840045517
8.86 37.7920191969512
8.87 50.8203157650746
8.88 54.0241057190449
8.89 42.6177871354358
8.9 44.805366436515
8.91 43.5537421994653
8.92 56.0160347848147
8.93 31.8669481417644
8.94 35.4744043944894
8.95 43.6467007340484
8.96 50.7810627249169
8.97 73.6265582697812
8.98 41.1753475288184
8.99 54.4229353556608
9 43.6895552855415
9.01 43.2253259759704
9.02 49.2866915970095
9.03 49.0811553973184
9.04 53.7162015336549
9.05 44.8987568415893
9.06 29.4092262595611
9.07 54.5179800972567
9.08 43.6181312541403
9.09 63.7597234789878
9.1 63.9995549997147
9.11 41.7720874573351
9.12 38.2363014649492
9.13 43.4795018454443
9.14 44.1587145082056
9.15 41.4429534692435
9.16 58.938454555735
9.17 26.8354703268327
9.18 54.1412962112982
9.19 48.2140392946821
9.2 52.2745221097149
9.21 38.1211733847113
9.22 65.5321952928961
9.23 59.938456751734
9.24 55.6832015957982
9.25 48.2407769055767
9.26 36.3779258910561
9.27 55.7008689965338
9.28 58.8838536160916
9.29 44.2860659503423
9.3 57.4939488739752
9.31 61.0035593471666
9.32 58.0865055708305
9.33 58.4168424257644
9.34 39.6394906516429
9.35 50.663599026662
9.36 43.0625822115862
9.37 46.2776018405203
9.38 48.2398861600544
9.39 50.8610146198128
9.4 44.6921594839286
9.41 45.7998307077742
9.42 50.9988257864032
9.43 55.9358225864816
9.44 56.0997092816291
9.45 45.1482168076939
9.46 57.1980949795424
9.47 53.9748396575133
9.48 60.9319893335922
9.49 63.7726438848549
9.5 58.8915649976257
9.51 45.7499153867607
9.52 54.1700072942809
9.53 63.3414038974015
9.54 42.7979678322454
9.55 50.4837716843347
9.56 54.7340243627821
9.57 63.1205815198916
9.58 29.164929696539
9.59 62.0843652119276
9.6 49.4459905927592
9.61 72.2370293842011
9.62 60.5199717248074
9.63 39.3543627848796
9.64 59.8115117632329
9.65 58.7758558148319
9.66 62.0826120502424
9.67 61.6299245228942
9.68 45.4693139365227
9.69 40.7809314620291
9.7 61.8688880891359
9.71 49.4920316413992
9.72 50.0080920084452
9.73 57.3418928759929
9.74 47.6537535033675
9.75 47.1502967971598
9.76 65.5267192342258
9.77 54.1578918860951
9.78 56.5037927707467
9.79 60.4995713856736
9.8 70.2685648983677
9.81 48.9155484521218
9.82 55.1734832709823
9.83 48.2337233532703
9.84 75.0241661663143
9.85 64.7746994815395
9.86 79.6213677303807
9.87 83.4098478377066
9.88 48.7637965562121
9.89 66.8443064090234
9.9 72.4960848781907
9.91 63.8988018834241
9.92 46.591328144335
9.93 52.770985003126
9.94 59.5841060964337
9.95 70.9299800351421
9.96 58.9953894569546
9.97 85.5117390616935
9.98 55.2371245981666
9.99 39.224777543439
10 58.5232280323124
