0.01 -13.5841522535463
0.02 7.24865611536996
0.03 7.46227944608184
0.04 8.83739632778664
0.05 3.88338203473182
0.06 3.51975480528626
0.07 -5.11690122254094
0.08 16.6830935443258
0.09 -12.0472926263763
0.1 13.894611880693
0.11 40.0848017250726
0.12 11.4022765414983
0.13 2.48773692115134
0.14 9.58747186649109
0.15 -11.7261738971122
0.16 1.00488511597139
0.17 14.1196645589849
0.18 8.4817910761481
0.19 4.81191504206356
0.2 11.2395009308568
0.21 6.55012716890333
0.22 -2.56667730603776
0.23 5.30986520130382
0.24 30.7316148758623
0.25 4.25389005843275
0.26 -1.87800798599514
0.27 -0.638230590034578
0.28 5.53825631880905
0.29 30.5181316493968
0.3 2.95985172697557
0.31 7.95995122591544
0.32 -2.16102108753281
0.33 14.6454800836518
0.34 -0.921343523857074
0.35 14.5341012938229
0.36 8.69537081222822
0.37 -3.7189967676247
0.38 21.9690209392325
0.39 10.9588673633376
0.4 -5.27789461602544
0.41 6.88060948553622
0.42 2.43542362288026
0.43 8.05797377981325
0.44 10.8845172811687
0.45 17.2340661694863
0.46 0.398658640324577
0.47 12.9157946700316
0.48 -4.01506227199189
0.49 -4.17305063689478
0.5 10.0621541841296
0.51 0.659597981284691
0.52 15.6149657588255
0.53 19.3078459977764
0.54 18.1681275626237
0.55 -5.02276457474068
0.56 17.0504600909922
0.57 -4.28053458877024
0.58 19.3513931545228
0.59 12.4590572481196
0.6 14.7063191034406
0.61 24.7169556070244
0.62 -13.2756450588772
0.63 26.8015302594569
0.64 -19.9823876644222
0.65 22.7215729851393
0.66 1.3562914408486
0.67 28.7675542433351
0.68 15.0931043323387
0.69 12.4568552641033
0.7 5.29665036096163
0.71 12.7909697333129
0.72 7.40745591133336
0.73 5.29250558068624
0.74 21.7155096085793
0.75 27.1968893792987
0.76 -1.5397434811976
0.77 8.08668697700624
0.78 5.03787686528169
0.79 -5.53268710050597
0.8 7.37432079482366
0.81 28.2297679767698
0.82 23.8810374560979
0.83 21.3837461424614
0.84 13.6569740965079
0.85 -0.345465682743402
0.86 4.27310808033781
0.87 -4.32899613530193
0.88 -9.84188849209536
0.89 16.8996748613025
0.9 14.5709772173107
0.91 0.251286954227645
0.92 9.91906988597776
0.93 10.1324089477735
0.94 8.71808324618711
0.95 6.85345606034763
0.96 7.45846326257399
0.97 17.0023331848834
0.98 4.60734797169229
0.99 12.8029182459922
1 27.6667199149646
1.01 9.15129082998166
1.02 -0.619698149858531
1.03 16.5746720599138
1.04 8.19512930984175
1.05 -4.02234890228008
1.06 20.3673966915243
1.07 18.2598324103932
1.08 9.35735889738685
1.09 4.76986216730627
1.1 26.9007175615042
1.11 10.512761657281
1.12 8.51857969773621
1.13 7.90739822579378
1.14 -0.406492442568867
1.15 8.0028641460724
1.16 25.6218980491691
1.17 16.4658393400226
1.18 -1.14179758300684
1.19 9.18357025335116
1.2 20.0882993836873
1.21 2.69280820022704
1.22 -5.36446904138859
1.23 5.37308924985605
1.24 15.0606325341392
1.25 7.35119099695853
1.26 2.70438878965363
1.27 2.50185759775248
1.28 14.8342790722555
1.29 27.7811541085512
1.3 16.7206229904966
1.31 24.9337322499479
1.32 -12.2353589857565
1.33 10.0791553758191
1.34 25.1603618082659
1.35 38.2921136071298
1.36 16.9449065687612
1.37 4.58124838979813
1.38 28.984619566479
1.39 2.81133559505185
1.4 21.0223196848896
1.41 14.172968097167
1.42 16.3470970553453
1.43 10.7595355508852
1.44 6.58336319119431
1.45 11.0580983878736
1.46 -3.58615989027623
1.47 5.07568424568785
1.48 9.87907549939056
1.49 1.22780014565167
1.5 19.2937508232768
1.51 2.87178856533423
1.52 15.1681003995611
1.53 21.8008148014386
1.54 6.29205924781039
1.55 18.3736466884518
1.56 12.6576552332532
1.57 0.218089766580672
1.58 31.2733484649338
1.59 1.75687188828157
1.6 17.2761567463282
1.61 11.7529266196903
1.62 6.73779299269749
1.63 18.8510117757277
1.64 3.82529536389687
1.65 18.5602053179731
1.66 12.9018807569554
1.67 -11.0043515904289
1.68 26.2989005340175
1.69 11.1302606015049
1.7 29.6663895548921
1.71 8.31450061192571
1.72 -3.57136618555538
1.73 5.95171287674985
1.74 18.3003481758677
1.75 25.5596163101791
1.76 19.3094066588971
1.77 1.32389219066868
1.78 28.5679066241862
1.79 31.8974205833069
1.8 22.827561868478
1.81 22.1227695868237
1.82 15.686400776785
1.83 -3.36916783617982
1.84 14.7264409527054
1.85 17.3211036174618
1.86 25.4872480917687
1.87 15.0096458162412
1.88 17.5894747899875
1.89 10.6358635047102
1.9 6.71475268683504
1.91 9.12296800270675
1.92 29.8391322092341
1.93 29.0622084778734
1.94 9.39156065009936
1.95 5.59453985890194
1.96 14.3438967320856
1.97 15.4601636888965
1.98 39.4700445880527
1.99 28.0547229031223
2 14.2586791200389
2.01 14.1617090131333
2.02 -0.535027125454473
2.03 10.6377062664264
2.04 32.7165067647803
2.05 25.7426011139663
2.06 6.74241654065423
2.07 12.1725899516855
2.08 11.1135858793749
2.09 27.0819941683511
2.1 23.3618272091932
2.11 6.28578192845561
2.12 29.4353847134231
2.13 28.1841620862058
2.14 7.97986136552317
2.15 14.2712099248721
2.16 18.8753203748945
2.17 1.77953933130764
2.18 31.390199462578
2.19 20.5886043324903
2.2 11.3920380811243
2.21 21.4942926107405
2.22 19.1727421475593
2.23 0.990039680980601
2.24 11.290398724392
2.25 28.9305274908569
2.26 8.79793780330592
2.27 14.3295009168065
2.28 7.4015492685662
2.29 30.8697498866168
2.3 24.4957794237683
2.31 2.73958374094351
2.32 18.0572857769214
2.33 20.1296315896529
2.34 8.84463646230832
2.35 7.85426057113956
2.36 35.4599718928593
2.37 5.76934921366224
2.38 24.4129697213667
2.39 26.8190469358673
2.4 8.7887865829294
2.41 27.9024237293296
2.42 17.5245634609726
2.43 6.76306106966378
2.44 10.3798280103185
2.45 -0.234023196155473
2.46 15.9477448502607
2.47 17.7148097954134
2.48 8.78483825897614
2.49 19.1889979419478
2.5 29.7444163038482
2.51 22.833966911985
2.52 27.6733103601637
2.53 9.17337127743344
2.54 19.8028277444697
2.55 10.8546624901047
2.56 22.0368481991643
2.57 15.0816413244462
2.58 25.3690514997267
2.59 29.3334167681366
2.6 13.4720055760939
2.61 13.094519218356
2.62 31.4273551206304
2.63 21.9709109923886
2.64 28.2063422216764
2.65 29.1656412846643
2.66 1.89239167013464
2.67 21.1009320787561
2.68 43.0973999849742
2.69 25.3633856331861
2.7 22.0968410712996
2.71 12.5459855396435
2.72 3.33269788282872
2.73 0.724953858214125
2.74 45.8947928966993
2.75 4.38303903377649
2.76 27.1105052607955
2.77 6.99055714734691
2.78 26.9598779788125
2.79 6.64775292490173
2.8 29.1262402498361
2.81 13.6724438211029
2.82 1.13908154513001
2.83 30.4442004074566
2.84 29.3101130093008
2.85 18.0713115764659
2.86 21.3652970929953
2.87 21.1963037893586
2.88 30.9819087314661
2.89 19.3668230646323
2.9 29.8517178571735
2.91 27.3477654428709
2.92 25.4414235624919
2.93 14.3930631470103
2.94 31.9855419969551
2.95 28.2971261537766
2.96 43.5124433435539
2.97 10.0974234556793
2.98 10.2180355131356
2.99 14.6525710553759
3 10.5344427906314
3.01 3.95272622236697
3.02 23.333654056732
3.03 26.0727400598895
3.04 23.6080128967117
3.05 47.361400087516
3.06 9.35120865251178
3.07 25.651227017611
3.08 27.1337540689406
3.09 32.5917979727609
3.1 30.4112163747008
3.11 16.2179044919685
3.12 21.5872967709537
3.13 30.3798559547215
3.14 36.7396302235242
3.15 14.7603630677662
3.16 17.7690978917802
3.17 5.06871250264047
3.18 36.1371533788859
3.19 36.935196873072
3.2 15.623773828008
3.21 4.98280273229037
3.22 19.1189143604167
3.23 13.4609370934859
3.24 20.4833394700321
3.25 20.2467679013226
3.26 23.5323209195784
3.27 30.0845236295752
3.28 24.3735136609525
3.29 16.9148424876407
3.3 16.8279070339966
3.31 29.4405124071334
3.32 9.23931187353829
3.33 31.8205995921129
3.34 33.8198115511073
3.35 25.8189191061887
3.36 33.9876158538453
3.37 22.4518849014519
3.38 21.9321331851567
3.39 18.8583479767941
3.4 13.5181277525179
3.41 24.1949967839218
3.42 9.46051982249696
3.43 24.3580545083856
3.44 22.9383741806097
3.45 17.6897231519005
3.46 16.5471300079076
3.47 25.3677940015558
3.48 32.4031487998522
3.49 35.9256152007164
3.5 28.0046360448417
3.51 16.8130974873712
3.52 17.3448755230658
3.53 26.5460103544347
3.54 22.6406728565222
3.55 30.3521435107861
3.56 18.7767011181387
3.57 14.7729030167098
3.58 19.8422006670132
3.59 36.0816052807974
3.6 13.6962334067598
3.61 23.0086315746253
3.62 8.45950814385446
3.63 30.7102010266245
3.64 7.10887849381905
3.65 21.2215183907496
3.66 31.4865020919306
3.67 13.1649993438236
3.68 29.6793875583469
3.69 8.55128697212232
3.7 14.9515355398023
3.71 20.8195266523618
3.72 25.4304634887903
3.73 37.1112825747877
3.74 26.4942684170491
3.75 17.3656059672823
3.76 30.1421253573395
3.77 21.7488968289691
3.78 16.4484161606676
3.79 19.0505114615139
3.8 22.3113837273197
3.81 23.4037090716793
3.82 5.17552536860682
3.83 37.1140808865012
3.84 22.2102602825794
3.85 14.3939522226707
3.86 42.985988418853
3.87 21.6649083605907
3.88 23.4617851888179
3.89 28.3420146934884
3.9 28.4820566562258
3.91 23.5217008779678
3.92 35.2791868901422
3.93 22.4468248895337
3.94 13.0848775447609
3.95 19.8906105320763
3.96 31.9305616129835
3.97 17.2006749932089
3.98 27.5016684777785
3.99 20.7522534697516
4 32.8849177390675
4.01 29.6110042549641
4.02 18.9364910685761
4.03 20.96298093936
4.04 41.9575651910374
4.05 24.0094876137955
4.06 28.3559946208783
4.07 16.3630474761316
4.08 12.6184840921607
4.09 35.3567101952447
4.1 33.3419010484816
4.11 -0.932718377890552
4.12 21.0597118759034
4.13 14.3966581128428
4.14 26.2845610058393
4.15 34.5177381190119
4.16 13.7696858832882
4.17 31.7598507480531
4.18 16.3689898665906
4.19 34.506365499324
4.2 14.7646319979696
4.21 34.9761367611317
4.22 9.74814892960413
4.23 10.7869957312601
4.24 35.3815199215932
4.25 28.0411153485846
4.26 -2.28676965596894
4.27 38.0343578913992
4.28 36.3350875919924
4.29 19.9416923879678
4.3 38.7744023893526
4.31 16.696263376626
4.32 32.8211793918174
4.33 33.8038374049566
4.34 17.0861824570111
4.35 41.2701307544776
4.36 24.3244080644357
4.37 21.7644946595415
4.38 22.4242573101275
4.39 31.6291150949535
4.4 21.1443685795957
4.41 30.0959673853548
4.42 20.5249358183544
4.43 13.5459581631361
4.44 19.6454156317677
4.45 32.8059353379872
4.46 32.9679101091744
4.47 24.9084537185729
4.48 20.2044160292617
4.49 38.4610357669151
4.5 19.9096784928323
4.51 29.2782992815826
4.52 34.2980374341218
4.53 16.5125092186344
4.54 22.3844610552281
4.55 34.3136710879974
4.56 13.8223228983138
4.57 36.4443320901025
4.58 20.096319905183
4.59 31.3045733171017
4.6 33.8695445864608
4.61 40.0694748952084
4.62 22.7776489939228
4.63 19.131616257557
4.64 26.9130930158057
4.65 31.6991848409102
4.66 21.8139307513759
4.67 18.5573629001214
4.68 41.6027156998725
4.69 27.8869560396899
4.7 45.3409868534124
4.71 33.8564100130312
4.72 13.2544734211111
4.73 11.8199333666517
4.74 23.6845215830366
4.75 41.0258332335876
4.76 20.3301043479521
4.77 22.2382804094553
4.78 19.8317457854941
4.79 15.9309960634169
4.8 27.9356685293725
4.81 22.0761675660486
4.82 22.0030438381995
4.83 20.5201467755205
4.84 22.4475031831662
4.85 25.0544864250024
4.86 23.002932630751
4.87 26.251775878242
4.88 24.8784943854722
4.89 36.4630620829307
4.9 2.76929759674471
4.91 26.9160782822424
4.92 16.5548953295983
4.93 41.8356501084667
4.94 13.5366337403254
4.95 46.3484493780752
4.96 48.7831945461718
4.97 12.8233265293468
4.98 23.2491332083782
4.99 37.8479569623092
5 29.7497481370507
5.01 49.3635915215797
5.02 36.8184416491192
5.03 19.3352400421641
5.04 12.7290880458029
5.05 33.2640495035607
5.06 12.6125296610225
5.07 25.2416817104749
5.08 30.4139257584674
5.09 13.4367590055286
5.1 33.3510821993681
5.11 39.6597563231772
5.12 25.8993436933674
5.13 28.3794944321326
5.14 53.4671663807662
5.15 14.2559359395452
5.16 26.7442377838187
5.17 33.8681398837834
5.18 7.23236117839765
5.19 38.2021294745259
5.2 36.7929974657664
5.21 11.4608562802608
5.22 14.679641469721
5.23 19.3765447067263
5.24 18.8893958076722
5.25 33.9647241168718
5.26 42.5299886341008
5.27 35.4127493164771
5.28 7.57189456764395
5.29 17.265932070502
5.3 35.4867893447036
5.31 18.0144402040758
5.32 21.939543779224
5.33 32.7792623639527
5.34 39.392478911738
5.35 37.4842186137223
5.36 24.4224297625238
5.37 31.5780065396846
5.38 24.3903656337312
5.39 50.4846812426875
5.4 22.5162409047767
5.41 37.1105662407593
5.42 19.6092860706662
5.43 32.7847413177409
5.44 36.0705366804753
5.45 14.1809523371299
5.46 14.0673047892207
5.47 45.6991571560541
5.48 32.9150987485721
5.49 32.2074767709042
5.5 12.4768008333354
5.51 18.1417123418422
5.52 43.3109778868069
5.53 26.6754923434372
5.54 29.7878586564453
5.55 48.8168401619901
5.56 49.018839988531
5.57 42.9143830611476
5.58 21.0267937159084
5.59 33.3847563802021
5.6 32.742582343887
5.61 42.5814783409909
5.62 28.3973850800261
5.63 27.6345083075427
5.64 37.6885757843544
5.65 26.0055758345196
5.66 42.7849634068203
5.67 36.7762112066392
5.68 19.4471927483736
5.69 22.7200919147117
5.7 12.4314967861346
5.71 44.066117020926
5.72 34.5017115339434
5.73 26.3441096537989
5.74 30.1407444184969
5.75 27.8974875701201
5.76 52.5028278745759
5.77 37.2858721488273
5.78 46.9539896919796
5.79 47.7769527388785
5.8 11.2991211604439
5.81 33.3063022147008
5.82 20.7011292037694
5.83 37.753808598872
5.84 43.5241779771859
5.85 25.2285900160074
5.86 27.7659144896277
5.87 35.9233244168582
5.88 37.4844052578989
5.89 38.1320423631066
5.9 13.5033409574454
5.91 50.8110214820396
5.92 31.9114071517655
5.93 20.7465036666236
5.94 43.8953819623699
5.95 22.9830901625359
5.96 54.2234537818581
5.97 32.9689448245128
5.98 53.0159857272029
5.99 37.0500813721683
6 1.57609000917546
6.01 31.9426506029333
6.02 43.6865998440189
6.03 29.8973728491255
6.04 35.751011419769
6.05 45.7572070780236
6.06 29.097515204991
6.07 30.5071482552863
6.08 48.5232028799705
6.09 23.3278630298136
6.1 49.0777030896615
6.11 19.8130793903934
6.12 44.3156846523768
6.13 38.8500182132702
6.14 35.6346277346835
6.15 30.9583785989534
6.16 31.8959260223495
6.17 24.870859751779
6.18 37.9848875995724
6.19 35.4715433633799
6.2 28.4254277591701
6.21 47.9227567960139
6.22 28.6838981688002
6.23 25.6445075765253
6.24 35.0743701961712
6.25 31.837128187011
6.26 26.497492701716
6.27 43.2967136756546
6.28 45.8499986125056
6.29 48.1940201574309
6.3 39.4084565571269
6.31 35.2340674713406
6.32 34.5884119136283
6.33 40.6880493442025
6.34 30.6417004946157
6.35 33.6570724722724
6.36 57.7097321610087
6.37 20.3057550496268
6.38 30.6631964166278
6.39 38.2920512629257
6.4 32.6155815262427
6.41 26.5524785725389
6.42 37.2160463631453
6.43 40.6723313044685
6.44 38.3059339536117
6.45 32.0753747047578
6.46 41.7044980037579
6.47 49.7937338610388
6.48 22.5764203635695
6.49 26.848831785434
6.5 44.7958790272265
6.51 37.1822523553752
6.52 38.7570086053076
6.53 36.8539349896008
6.54 38.1321483271755
6.55 32.7838699268418
6.56 37.3242493285811
6.57 52.4445428407069
6.58 22.2098599559752
6.59 47.8023371000804
6.6 22.2295681764074
6.61 27.5498999716517
6.62 33.9219658645419
6.63 18.1472569004316
6.64 30.601697180769
6.65 27.5144277363728
6.66 29.6474017241883
6.67 48.2150158185019
6.68 40.4444762012341
6.69 42.9196454941735
6.7 44.7932416057488
6.71 23.1833251173604
6.72 31.0867164951391
6.73 33.8471655522328
6.74 33.793366886014
6.75 13.8992648540757
6.76 28.6567671193703
6.77 38.6536161586593
6.78 46.5454154408684
6.79 47.1978527194446
6.8 75.143148350481
6.81 18.5421821731117
6.82 31.8193723322804
6.83 20.4503442010756
6.84 41.8396224381386
6.85 33.6148955228689
6.86 37.5511234765814
6.87 49.5191108486587
6.88 53.5692955407301
6.89 33.2432803906643
6.9 48.8010163227266
6.91 54.7588359000456
6.92 47.5731506957684
6.93 38.1323438161801
6.94 51.5892846114598
6.95 30.3102864093833
6.96 40.3698687557872
6.97 48.0704715950267
6.98 45.5080673044971
6.99 39.3165387599575
7 47.9071852072056
7.01 41.209678332882
7.02 38.0128287139394
7.03 50.8012743064676
7.04 63.128008949605
7.05 37.2539379827914
7.06 46.1557496105449
7.07 40.6861545392036
7.08 28.5564496662023
7.09 40.5851958881633
7.1 48.1181025529279
7.11 37.854604023449
7.12 39.9437736929208
7.13 42.5770711425459
7.14 27.5623738623824
7.15 35.4706612500536
7.16 49.832336120671
7.17 42.2205051881163
7.18 46.7229225265162
7.19 32.1065982387848
7.2 31.0503814716811
7.21 39.4217061487973
7.22 57.1819954720927
7.23 53.5591623604044
7.24 37.1185449244772
7.25 41.0493872311435
7.26 20.9534824061446
7.27 27.1548543318727
7.28 50.9646522661872
7.29 36.7921719868297
7.3 40.8573420091878
7.31 32.1612058405282
7.32 53.2558457716993
7.33 22.6566502510393
7.34 58.9922855283899
7.35 36.397956354983
7.36 55.5424436160627
7.37 38.1429763339979
7.38 32.6758396379454
7.39 47.2287748654087
7.4 35.3934764379148
7.41 35.3082101820916
7.42 39.7500954058781
7.43 55.2309339701071
7.44 37.8190880759578
7.45 50.5970592996614
7.46 31.248605064689
7.47 55.458550265579
7.48 31.4914193090013
7.49 39.4153701776228
7.5 54.2520339634692
7.51 49.7971089153833
7.52 41.1440175149879
7.53 36.8623924897217
7.54 45.1185287029903
7.55 52.5820729640053
7.56 43.1242627872121
7.57 45.7956172343178
7.58 50.1061439108656
7.59 38.6695913252695
7.6 39.9712068343902
7.61 48.0588661567092
7.62 53.0819627018286
7.63 63.7579299604671
7.64 44.8962244883898
7.65 46.3053256667541
7.66 37.9710727119486
7.67 33.2707834791553
7.68 64.2977996554368
7.69 33.7055413889183
7.7 51.9599195994135
7.71 35.537648402583
7.72 42.866024347577
7.73 53.6546129866742
7.74 36.838151856391
7.75 37.9651816744447
7.76 51.5145119332584
7.77 57.4000976227908
7.78 45.8653469569151
7.79 39.2983261101372
7.8 30.6117957143405
7.81 52.507625631926
7.82 51.8157038977757
7.83 46.5751179904414
7.84 39.530654578103
7.85 35.9425165546258
7.86 65.5447385969968
7.87 36.8820148384926
7.88 53.0759006765163
7.89 24.9379348291756
7.9 46.2030833297289
7.91 38.6993235729664
7.92 37.458175149525
7.93 34.2487552389518
7.94 56.854022511123
7.95 41.6899087908462
7.96 37.884127803646
7.97 37.7718557590851
7.98 43.5846258739865
7.99 57.348781054854
8 46.1384199130004
8.01 40.0961706213155
8.02 47.338920900093
8.03 46.0205409761789
8.04 41.2748444385971
8.05 46.9328328053793
8.06 42.7262771265477
8.07 52.9265507818182
8.08 47.4730846334578
8.09 54.5639377104832
8.1 59.2462507129563
8.11 28.5220526976617
8.12 50.8331553524363
8.13 41.7657830633855
8.14 52.6209954184234
8.15 49.6775875049662
8.16 31.58090021239
8.17 41.6441902933678
8.18 48.6500019548848
8.19 36.0266091807186
8.2 33.4561866220851
8.21 52.7384135540518
8.22 46.0638040892422
8.23 38.3486246876012
8.24 39.8047653171168
8.25 40.9493290284911
8.26 43.9525223436518
8.27 35.2771873943709
8.28 31.5111124460886
8.29 57.9305813954612
8.3 62.1488600884309
8.31 58.4209556665319
8.32 61.2563531517832
8.33 44.9851787770072
8.34 55.3574504479134
8.35 51.0623403166892
8.36 33.5672237315119
8.37 41.6719634616676
8.38 44.4740553577308
8.39 46.4253172898319
8.4 43.0088168242217
8.41 43.9665019663352
8.42 55.3610970492634
8.43 45.5540538990374
8.44 46.1183047583414
8.45 44.9695361067422
8.46 60.4356294766187
8.47 34.7499647181168
8.48 51.1137219236703
8.49 51.5572107343151
8.5 37.3246523497767
8.51 50.1468761540301
8.52 72.9357271106977
8.53 48.7788040662
8.54 49.6563893676964
8.55 46.346809947513
8.56 54.280140326252
8.57 65.8774155498543
8.58 29.9428961655527
8.59 36.0164172439104
8.6 67.3205895372623
8.61 65.4848945368169
8.62 41.7093363419351
8.63 58.8292815620656
8.64 53.3828748994387
8.65 61.5053213963987
8.66 53.3589362624341
8.67 37.3832727474858
8.68 52.6515500680141
8.69 53.5152796293746
8.7 56.7525431994477
8.71 45.4080014569129
8.72 37.7464344179577
8.73 40.0824650995353
8.74 44.403894574292
8.75 47.618201173252
8.76 45.7588660847603
8.77 52.9125494566823
8.78 40.1765948332007
8.79 57.9463427867924
8.8 47.7384463844495
8.81 49.5344504843453
8.82 51.7843458989865
8.83 24.1233028185423
8.84 32.7360632485281
8.85 57.3435758064109
8.86 49.0001902099467
8.87 47.6820410016451
8.88 45.4750448309823
8.89 49.9247578501024
8.9 47.2616756102885
8.91 58.0289244093948
8.92 36.7068979181137
8.93 29.266212089356
8.94 62.9772020992045
8.95 54.9086532085749
8.96 42.1922184323826
8.97 42.9734750405157
8.98 42.4939394307525
8.99 36.5968368332759
9 55.896819453893
9.01 57.2065344360507
9.02 35.3807431280862
9.03 29.6613651867207
9.04 49.9497476039953
9.05 44.0288298427677
9.06 45.410474613401
9.07 32.7210509797342
9.08 56.294989715023
9.09 45.4482849154426
9.1 58.7461885645033
9.11 51.5133848257002
9.12 41.5931433089242
9.13 47.6310537696056
9.14 63.1521741491519
9.15 64.9266544987961
9.16 45.989014066214
9.17 42.0076896843627
9.18 37.0531961463528
9.19 43.3979494561654
9.2 58.969466197582
9.21 53.2986710169259
9.22 79.053308955463
9.23 42.5459328967896
9.24 29.1032834179741
9.25 68.7299860224878
9.26 58.9014841610443
9.27 55.6376412970219
9.28 57.3250640446254
9.29 55.1616477301923
9.3 61.1837120031715
9.31 39.9393657970349
9.32 55.1947510690934
9.33 54.1439967360532
9.34 49.7266415144294
9.35 39.488630743497
9.36 41.6469406880502
9.37 42.0907122912435
9.38 49.5485741323458
9.39 49.2836633248505
9.4 57.1819664418834
9.41 40.4442923827345
9.42 50.4733511182382
9.43 66.5714723614414
9.44 45.7215371581327
9.45 46.676745909004
9.46 39.370466129504
9.47 59.1288663110053
9.48 26.3196782350208
9.49 20.5229018454069
9.5 50.3262350150753
9.51 53.1311348609338
9.52 55.7404946858488
9.53 63.7827932331461
9.54 42.8748287443075
9.55 64.0624712428299
9.56 48.1236362486093
9.57 60.8245175788676
9.58 39.3152102828853
9.59 62.51304589595
9.6 49.2082398472281
9.61 54.5424264913028
9.62 56.4131678287489
9.63 41.7518780896935
9.64 66.0458549734815
9.65 56.6753375968156
9.66 73.0928587654266
9.67 54.0382419982391
9.68 60.3895096116699
9.69 42.0308205357212
9.7 41.8938429594877
9.71 48.6065647358362
9.72 37.9135722719496
9.73 45.1974605786211
9.74 55.0740386934919
9.75 52.5877864771644
9.76 48.8665626122112
9.77 67.9764365416213
9.78 32.9101806459039
9.79 52.9676481589909
9.8 68.1850787908086
9.81 52.8671494371704
9.82 54.9815645858479
9.83 57.0794700528229
9.84 54.7891558506479
9.85 58.0063681836327
9.86 65.1216416269298
9.87 53.0016981060335
9.88 70.3812808036308
9.89 39.499724240527
9.9 64.8635032489697
9.91 47.1117522321509
9.92 34.8835524311033
9.93 83.8461169950979
9.94 56.3031470501419
9.95 49.9126894407567
9.96 48.796311295545
9.97 50.7502220744532
9.98 52.8444458936299
9.99 77.5263337163581
10 46.613938676739
