0.01 7.27537085458745
0.02 14.5650913496328
0.03 1.32188552849209
0.04 -19.0917232186102
0.05 6.48379756757898
0.06 -2.66495116835104
0.07 7.20607502322511
0.08 7.63951796635025
0.09 -2.07014180921679
0.1 3.85212343402953
0.11 4.95267076918587
0.12 3.9337938100154
0.13 20.5086236407156
0.14 16.7346480399724
0.15 6.99376564452501
0.16 19.7791521972424
0.17 6.35181818405158
0.18 -17.526636795662
0.19 5.20155911997047
0.2 -0.422791964075004
0.21 -1.30502607199494
0.22 -11.7392043616874
0.23 -2.73518595999855
0.24 7.73940298544593
0.25 7.80624863353903
0.26 -0.380145045732898
0.27 -0.556442941137377
0.28 12.1812490603099
0.29 22.5763734174484
0.3 -6.97926215262055
0.31 8.18921275424655
0.32 21.9658892109944
0.33 -2.99110963868765
0.34 9.10099673738033
0.35 -4.67407031125798
0.36 16.2462087778397
0.37 -18.072439513082
0.38 10.203418490292
0.39 12.9833510218701
0.4 26.8250804405025
0.41 11.4100732660871
0.42 26.5130685218476
0.43 3.90446591355438
0.44 -0.468882350665585
0.45 16.738526150994
0.46 8.29889161766306
0.47 16.6389393851947
0.48 18.7358164975782
0.49 1.65602949165698
0.5 14.8925996575875
0.51 9.85704580629348
0.52 7.8044676802162
0.53 13.5109397338687
0.54 -3.88790285889511
0.55 7.6486297500496
0.56 -7.00767941132782
0.57 -3.22082817673216
0.58 -5.50557641749862
0.59 22.0969993066728
0.6 11.9883689950336
0.61 -5.42507225723074
0.62 23.7547942521056
0.63 0.94729528742184
0.64 11.0837015815936
0.65 5.96717811922769
0.66 6.61614127788013
0.67 22.0917436047918
0.68 8.39449046417181
0.69 1.30773529745769
0.7 2.28360989169404
0.71 -0.871016035387554
0.72 14.1326753448518
0.73 8.40538410886819
0.74 22.2921599293028
0.75 -12.6727716998138
0.76 11.0947791050339
0.77 5.81764407974049
0.78 17.19537562128
0.79 -6.32706269875098
0.8 21.718215937114
0.81 9.7454994808394
0.82 -5.04392001828185
0.83 20.1801374807557
0.84 4.38253389902791
0.85 0.966920553397431
0.86 16.7760670410552
0.87 9.94712345769222
0.88 8.33567896963136
0.89 -1.09942547707588
0.9 -2.73810768701191
0.91 16.1588982345737
0.92 29.6862862248955
0.93 18.2522573316488
0.94 7.2120238656847
0.95 26.7317598749885
0.96 14.1439028326052
0.97 1.23195809065484
0.98 -14.4464168376792
0.99 4.9263230811219
1 12.1386547221085
1.01 10.4794455541862
1.02 7.80861307351086
1.03 19.292604526685
1.04 -2.6136254684209
1.05 15.4611524860067
1.06 -3.92387023238084
1.07 31.1138847616
1.08 11.2716849397752
1.09 2.84464493244849
1.1 28.457103669311
1.11 7.22092631280353
1.12 -0.449639794660445
1.13 27.14136847156
1.14 2.32340289190883
1.15 6.55490658178306
1.16 -6.88697429806991
1.17 3.2566580138101
1.18 16.4020990333448
1.19 7.02410541787313
1.2 -7.13003730550773
1.21 13.9213186708588
1.22 16.7974698134567
1.23 17.5385734550209
1.24 7.84961220686253
1.25 9.8189038964555
1.26 2.43600891793806
1.27 19.0651342944729
1.28 12.0593909231368
1.29 13.0688820499571
1.3 5.43155353355045
1.31 12.2588324505757
1.32 12.2135712174426
1.33 -3.75696760825763
1.34 24.6355542156263
1.35 14.6599443409915
1.36 1.86449974591586
1.37 18.204880500978
1.38 10.8137560587727
1.39 6.09956380610724
1.4 -2.6299432781511
1.41 7.09972959296171
1.42 12.1411534129815
1.43 16.2041958215512
1.44 29.6619878095573
1.45 16.2386347401294
1.46 19.0486158140035
1.47 20.750941501121
1.48 9.83721547215707
1.49 7.90784507116191
1.5 1.85316951762313
1.51 8.35799171526115
1.52 13.3603765682376
1.53 25.588178846111
1.54 28.4832394979474
1.55 25.9430176185252
1.56 13.3500752402761
1.57 30.8036952107279
1.58 10.0139919673723
1.59 15.2942384089492
1.6 11.563218440218
1.61 6.66772967418508
1.62 20.8082970464532
1.63 27.6872226144967
1.64 47.2109665169151
1.65 30.4212996954851
1.66 23.9490683524228
1.67 9.57829192447552
1.68 10.6650893697674
1.69 23.2525026440169
1.7 26.7238990241526
1.71 31.7615737593476
1.72 1.24623121211703
1.73 -4.36010053847008
1.74 8.87042657785844
1.75 7.32151811189207
1.76 13.5977962355435
1.77 13.6353912125419
1.78 18.2225486874526
1.79 4.28474857404067
1.8 3.26590916741199
1.81 -6.18243463474943
1.82 17.6716172576438
1.83 15.2346258131854
1.84 8.95688478173604
1.85 22.2112882376682
1.86 14.7375789900914
1.87 17.7804994045296
1.88 23.070152636926
1.89 15.7142533852367
1.9 23.4017557431044
1.91 3.71408308573979
1.92 19.5707108359018
1.93 14.9102651124011
1.94 24.3036192487624
1.95 -6.90425819731774
1.96 -3.63768560251184
1.97 13.0477736615428
1.98 1.7807031032719
1.99 12.0743464160322
2 21.3692722408246
2.01 10.657232501538
2.02 1.59741708866495
2.03 3.04555943286444
2.04 21.3234119260037
2.05 5.99085271940382
2.06 13.5364987227268
2.07 4.50500078851599
2.08 17.536945500838
2.09 16.6844993116296
2.1 15.1795534313584
2.11 7.6088989380679
2.12 21.1588966284126
2.13 17.6657483727287
2.14 14.0200991961509
2.15 13.6953089982179
2.16 11.7589991781326
2.17 18.4533372602329
2.18 18.5426133293046
2.19 -3.79605157147754
2.2 26.5196501444957
2.21 14.738269261629
2.22 14.3558385465401
2.23 9.64515978549463
2.24 11.1809344039708
2.25 19.1140326934412
2.26 19.3725788729748
2.27 -1.01506549324823
2.28 23.876976369313
2.29 0.962597716318898
2.3 21.0995074400313
2.31 7.7270663150686
2.32 -0.71410133753043
2.33 10.7673376639226
2.34 18.5224226066703
2.35 14.7522226310079
2.36 -2.6516043370011
2.37 18.6811207922707
2.38 26.450959068358
2.39 11.421517738928
2.4 -1.75419519628103
2.41 19.3693585563191
2.42 1.09227756876967
2.43 12.139275580079
2.44 11.781982518139
2.45 15.5629276689547
2.46 33.6790229034918
2.47 2.61201592116912
2.48 26.1812962166294
2.49 27.8317314582848
2.5 17.5360643013425
2.51 17.5333525283068
2.52 17.4134943404317
2.53 22.6319552608413
2.54 16.1760633718214
2.55 24.4332474697215
2.56 14.3044438613756
2.57 28.274535759126
2.58 15.4227114988619
2.59 20.5599470753943
2.6 8.50148487464847
2.61 26.638572724934
2.62 6.66822365501595
2.63 39.8158750757326
2.64 8.02317182078911
2.65 11.2351913005074
2.66 21.054375245089
2.67 7.60086279834448
2.68 21.6879370445632
2.69 13.9933164073737
2.7 21.929209621837
2.71 22.2459741882043
2.72 31.6760571633783
2.73 -7.81144526839898
2.74 18.6887991115749
2.75 8.92617467338678
2.76 17.7430130230238
2.77 18.4867106077498
2.78 -4.27754486798635
2.79 33.2842162239292
2.8 30.2293406382957
2.81 25.5880493420966
2.82 2.01900258293407
2.83 14.2769795766396
2.84 11.8364292237277
2.85 19.3062800436662
2.86 36.9783223143512
2.87 14.8282628569858
2.88 10.9883966670404
2.89 24.3694185217193
2.9 10.6209580853419
2.91 13.2482881788089
2.92 18.3393024975775
2.93 26.4281462936831
2.94 25.6846068801555
2.95 18.4813230016832
2.96 23.4049151947812
2.97 27.3794125284918
2.98 2.49119175373287
2.99 20.6120823828422
3 29.7399344755216
3.01 7.76987571761834
3.02 17.1332385997488
3.03 18.9795723033227
3.04 43.8653390704712
3.05 24.1051572179305
3.06 28.7222859267975
3.07 35.230658913308
3.08 35.6485975031082
3.09 14.6301858807291
3.1 22.7856837618098
3.11 36.2206762881305
3.12 26.4479920084955
3.13 10.0626574421709
3.14 24.2290834911204
3.15 38.103239387665
3.16 10.8930832397884
3.17 17.7023188006609
3.18 8.15092715678366
3.19 28.945728050435
3.2 11.8952024879555
3.21 26.3706833241031
3.22 21.0164452169569
3.23 -8.8615092795572
3.24 11.8400717474371
3.25 27.7404393857097
3.26 8.93797835830703
3.27 16.2467689015257
3.28 27.5146621524546
3.29 14.4793989586846
3.3 18.6403439246622
3.31 32.9834030082943
3.32 32.3214911407208
3.33 19.3714621064455
3.34 30.1362313086476
3.35 16.819831548708
3.36 17.6076743035746
3.37 21.0334168351571
3.38 31.0418721520376
3.39 6.82592656054507
3.4 19.6944163236362
3.41 20.7544188544989
3.42 19.1616953905584
3.43 31.4283692237941
3.44 17.8226356296515
3.45 16.2985221569301
3.46 36.8645454490125
3.47 17.4788593868755
3.48 22.3304049348004
3.49 32.3944886393495
3.5 9.84656562493835
3.51 22.9358297960756
3.52 11.6792622931085
3.53 14.0041258077652
3.54 19.6596477397328
3.55 9.46039118839139
3.56 18.1839563869409
3.57 22.5749630347078
3.58 33.1845288706782
3.59 6.81919335273201
3.6 29.0506268685703
3.61 23.2974771870657
3.62 10.9642759962196
3.63 16.8845711880848
3.64 31.7252647528272
3.65 47.6946846652495
3.66 32.5906724396197
3.67 21.9507439738196
3.68 25.0493594075494
3.69 26.4650781245305
3.7 15.4642556645164
3.71 30.4229583425793
3.72 34.7791979367028
3.73 17.7630634184288
3.74 9.65875714585911
3.75 24.3597750840093
3.76 27.8904762717275
3.77 20.0897861434102
3.78 13.002505144126
3.79 20.1483971809861
3.8 10.2740466415582
3.81 23.5330191414396
3.82 21.3063547909334
3.83 28.9899610372259
3.84 23.9320631743602
3.85 5.29692546064226
3.86 23.4877500449372
3.87 30.6936510967254
3.88 25.8993812389193
3.89 32.3313169857308
3.9 16.1889839589979
3.91 10.9292254426295
3.92 29.2948943153285
3.93 30.6301406237487
3.94 25.650351204851
3.95 15.0910870531996
3.96 35.9941119643566
3.97 46.3151274220021
3.98 15.8338768082462
3.99 24.1213619024232
4 16.9466501351949
4.01 32.1226084817855
4.02 19.0478391529607
4.03 26.6635930854349
4.04 18.3346920132894
4.05 22.2312736579475
4.06 12.2613075956505
4.07 21.6587727538133
4.08 20.4685316157615
4.09 44.7121796938659
4.1 30.3273182136544
4.11 18.9740321888178
4.12 35.6358172804596
4.13 21.9022974246856
4.14 6.56922702731872
4.15 30.9187489899813
4.16 31.7547805890581
4.17 31.8778540410446
4.18 28.779668793352
4.19 19.3720986245832
4.2 20.6602650537601
4.21 34.6361440888052
4.22 25.7571941670217
4.23 12.6721857611256
4.24 35.8740565666493
4.25 24.929310695095
4.26 36.1387749557204
4.27 39.1019293211625
4.28 35.7601237108866
4.29 24.981816805048
4.3 18.8246420254841
4.31 0.368510351834097
4.32 23.5370473580003
4.33 -0.851133314264288
4.34 22.678476781664
4.35 16.998485439063
4.36 31.3417245769845
4.37 35.5364392463096
4.38 33.0151681873254
4.39 16.4371476014712
4.4 43.8008672907317
4.41 26.4021944855079
4.42 20.8090720824931
4.43 21.9619735926988
4.44 12.4358248818964
4.45 44.405848456381
4.46 23.6874661428037
4.47 12.2874214509429
4.48 32.1494422377417
4.49 42.4390349916902
4.5 40.4158813519173
4.51 31.936566515004
4.52 35.6670252244387
4.53 21.6539503901391
4.54 24.0756640657826
4.55 35.2366991731998
4.56 41.8850514914253
4.57 18.9747050248991
4.58 16.6346075609737
4.59 10.8882783262057
4.6 39.9172696393945
4.61 16.8240919366346
4.62 29.6204341643288
4.63 38.817674857928
4.64 26.1188405356227
4.65 19.4483049430078
4.66 41.7751585355995
4.67 16.5711549805173
4.68 17.1014668389433
4.69 37.1578481340729
4.7 29.0714230616209
4.71 33.7527313067437
4.72 20.9328381612811
4.73 18.8728997329382
4.74 43.8296926251045
4.75 29.3735543306648
4.76 23.672583901041
4.77 45.5231610165387
4.78 7.8910935372167
4.79 27.2120099476734
4.8 37.8311435034112
4.81 26.9007312756601
4.82 33.7903065501651
4.83 23.9972803980284
4.84 47.736117841278
4.85 43.8183659598146
4.86 10.1510416577478
4.87 31.2103147998539
4.88 53.6572069136755
4.89 19.7354884205955
4.9 36.3505678631021
4.91 30.133087516869
4.92 16.366717945877
4.93 39.3379639385132
4.94 3.0097149500189
4.95 40.8233574202208
4.96 30.8484805007071
4.97 38.8676240819806
4.98 15.1694717875555
4.99 43.0072276872174
5 17.8468651384294
5.01 16.7771938579693
5.02 12.9866532701953
5.03 40.2407085136361
5.04 33.5735392388776
5.05 41.2247556639118
5.06 14.7905221610457
5.07 19.2232116090539
5.08 35.2481658630561
5.09 36.5359897734542
5.1 39.7435504590071
5.11 15.5933545814999
5.12 31.9742570831531
5.13 42.2757975316488
5.14 37.811531051016
5.15 38.0701592029134
5.16 39.8786881898631
5.17 26.7417034082761
5.18 27.9913865713815
5.19 38.2102307443136
5.2 21.5517444965887
5.21 30.9355646626385
5.22 40.2737773509066
5.23 37.4977492047756
5.24 13.2620156349488
5.25 30.7414647421687
5.26 27.0469658381766
5.27 36.2874533525327
5.28 38.3636433040531
5.29 27.1271018333828
5.3 13.5175048625539
5.31 42.996560320239
5.32 33.7903898435343
5.33 33.9802845131626
5.34 15.7504298540446
5.35 12.6229627526814
5.36 25.5355913675621
5.37 17.4366763889294
5.38 30.4983818955645
5.39 50.7749966686442
5.4 32.5826686385557
5.41 38.1998326778444
5.42 21.625780159064
5.43 42.9560442267609
5.44 20.4760782190373
5.45 23.7041535883797
5.46 38.6641334035655
5.47 52.163999615108
5.48 23.3029502138872
5.49 29.5081848973146
5.5 44.4240987591798
5.51 27.5010649390134
5.52 29.9020768910279
5.53 40.9330174403984
5.54 36.418642482314
5.55 33.932526670251
5.56 13.2353026724524
5.57 19.2384742489325
5.58 47.6734016960789
5.59 40.2813629898522
5.6 34.3858671666452
5.61 20.7899231103811
5.62 48.6288291900109
5.63 51.0771683244315
5.64 25.5543216331324
5.65 34.082404586677
5.66 36.1825073947617
5.67 17.0705714822967
5.68 38.0704013624551
5.69 39.6854657623595
5.7 30.942874478239
5.71 57.6743179765302
5.72 25.7023683540273
5.73 38.8510237569743
5.74 25.3378907691475
5.75 32.6450641923106
5.76 36.0226173454261
5.77 33.5143489767007
5.78 31.0553242591863
5.79 42.2376153472578
5.8 45.6258584455318
5.81 24.4537858497727
5.82 37.8065463204334
5.83 49.5950941924258
5.84 38.2503129365638
5.85 39.6351248796625
5.86 39.131453791806
5.87 44.9555456031204
5.88 34.6726233242305
5.89 29.3606759458049
5.9 25.0825867258662
5.91 47.0570055656374
5.92 34.7315992512623
5.93 38.1326387063271
5.94 40.5138095684496
5.95 25.8082549639034
5.96 42.1566429626265
5.97 38.3926496659519
5.98 26.8016459084122
5.99 22.8810001132226
6 25.8602695916355
6.01 28.4568767062906
6.02 33.6007745398105
6.03 45.7541628803138
6.04 49.2139233154127
6.05 43.2393000647358
6.06 58.2904926143342
6.07 23.7181068164753
6.08 46.8222457949854
6.09 31.8302665946714
6.1 34.4120708389814
6.11 51.3476750314629
6.12 21.3220665641482
6.13 27.0773358165243
6.14 51.9122935245863
6.15 54.2280517357092
6.16 48.052964505048
6.17 26.6158290454621
6.18 39.4012584931155
6.19 35.7577747193797
6.2 29.55990680814
6.21 20.9687366161885
6.22 36.6113004269462
6.23 46.3211300397053
6.24 22.1158103873451
6.25 25.2873952471512
6.26 24.0891525594679
6.27 31.2838431411608
6.28 38.3610897034148
6.29 44.9398140798423
6.3 57.0985235465469
6.31 35.5144833963613
6.32 35.8744916767532
6.33 30.1978021085521
6.34 38.9275694093364
6.35 30.7819875378219
6.36 47.614459972553
6.37 28.5934636778592
6.38 54.0323877351334
6.39 40.8905015431837
6.4 34.5588500745156
6.41 34.7521108350529
6.42 34.710033124375
6.43 51.3644425195658
6.44 40.6455404069187
6.45 43.2903668077336
6.46 47.5985336435756
6.47 27.7869009450363
6.48 40.9578146831316
6.49 50.3275695380409
6.5 27.7654199532205
6.51 24.1689506939501
6.52 34.6448496730932
6.53 40.7728287753028
6.54 41.5414973375738
6.55 24.0650877395295
6.56 40.7307799953355
6.57 44.0511373496601
6.58 16.5496420630419
6.59 50.5191093803526
6.6 41.8794249345341
6.61 42.4769378618172
6.62 42.7332715908146
6.63 41.8474631742015
6.64 34.6657766001561
6.65 48.6036890863447
6.66 43.3428675055121
6.67 26.4934919816246
6.68 47.227891136577
6.69 35.56128882057
6.7 48.3423263424099
6.71 28.3870485492918
6.72 51.5092664995309
6.73 24.4061845885576
6.74 27.1027016164977
6.75 38.0549439577754
6.76 45.7163894956546
6.77 47.3954477685347
6.78 21.6025017505579
6.79 19.3870270039258
6.8 36.7623120449178
6.81 22.9985823035817
6.82 48.8080715749751
6.83 29.7061194187105
6.84 20.4408771941669
6.85 46.5175383390643
6.86 32.6492084192706
6.87 45.2317142795439
6.88 33.3006497360928
6.89 38.0989436583435
6.9 34.701020022918
6.91 34.1430373692654
6.92 60.277595746892
6.93 42.0870344795684
6.94 46.2072722589882
6.95 32.7935954658194
6.96 46.1847205839093
6.97 54.9560271756874
6.98 48.1114826834763
6.99 38.0340222372346
7 39.5139128825103
7.01 45.8166777084216
7.02 41.1019254842486
7.03 45.4955349266972
7.04 45.2027189105312
7.05 33.0271767152071
7.06 53.441076939207
7.07 32.3755834079343
7.08 18.3935586225938
7.09 42.6584471191714
7.1 62.7523564570389
7.11 35.3653933396407
7.12 29.0726036553417
7.13 50.4346228823374
7.14 51.7287728423434
7.15 30.7243449500926
7.16 58.5260677051082
7.17 54.3814991304729
7.18 49.3014119214065
7.19 48.4233638698778
7.2 44.5210295859014
7.21 38.8459584564531
7.22 51.1207745069992
7.23 47.5390974045493
7.24 47.0197651902052
7.25 50.1569073125307
7.26 39.1197631453143
7.27 41.6782186492332
7.28 45.9946277916755
7.29 47.3207966717849
7.3 35.0634604172726
7.31 40.3237487644
7.32 37.434751258663
7.33 44.7347718485228
7.34 38.9452109193099
7.35 38.0461397355976
7.36 25.3894160858338
7.37 34.4278403505348
7.38 31.6046382351817
7.39 39.08300394763
7.4 69.0571475122536
7.41 65.3816546502495
7.42 49.8536382855026
7.43 37.6507539807018
7.44 26.9252013907772
7.45 51.8487042713873
7.46 42.1831517009958
7.47 54.7968730570972
7.48 58.5802722538472
7.49 41.423553826351
7.5 37.3109726029738
7.51 61.3858283231578
7.52 37.4919904477651
7.53 45.4307052817065
7.54 56.8209519886597
7.55 40.0789407174421
7.56 35.5783220315896
7.57 50.7097294141475
7.58 23.6158774626347
7.59 32.702889120441
7.6 53.2995719534604
7.61 47.4693665069692
7.62 41.143159998483
7.63 33.6469593992985
7.64 30.7878310911537
7.65 27.4010248767918
7.66 44.8410595114013
7.67 37.1485639727115
7.68 32.431310816433
7.69 36.6146025090874
7.7 43.2485734318703
7.71 54.4829815281862
7.72 50.7838400645547
7.73 37.3162241213086
7.74 48.6977852261339
7.75 51.23320080132
7.76 24.9651331579098
7.77 58.3713558195414
7.78 43.0669243757029
7.79 37.6268185812901
7.8 41.0590411242217
7.81 28.2309216676742
7.82 46.3565904182867
7.83 52.0879824591134
7.84 37.7404123295953
7.85 43.1704285711462
7.86 37.5069190736696
7.87 51.1621833122906
7.88 44.3448709361685
7.89 30.4696311579722
7.9 51.6359839346786
7.91 38.7382045627214
7.92 62.7860677115944
7.93 36.7402881683015
7.94 30.6462763637915
7.95 39.900058936946
7.96 40.3764443155394
7.97 55.6739437870073
7.98 32.6345733786685
7.99 66.7622389237633
8 58.9745997014958
8.01 31.890940080373
8.02 60.3082003912947
8.03 30.1246743873462
8.04 38.5930891442156
8.05 64.9865657333546
8.06 49.3170658787031
8.07 75.1969322264952
8.08 41.0943756529584
8.09 52.564109347606
8.1 43.530459022798
8.11 38.3257347613783
8.12 48.8461362548972
8.13 57.941432834089
8.14 42.5311248222937
8.15 39.7977503085336
8.16 43.5401132016826
8.17 62.3580661532586
8.18 44.3031216286393
8.19 24.0046003157776
8.2 40.8157152591216
8.21 59.3945992232946
8.22 40.2023016823752
8.23 29.4991650656561
8.24 40.1267147252778
8.25 30.9979787091318
8.26 38.9751488878253
8.27 43.1178253681892
8.28 44.1231764501453
8.29 37.2303344530578
8.3 25.0098100687721
8.31 47.1282919404592
8.32 54.118449892326
8.33 55.8546006579709
8.34 49.6848105693559
8.35 39.5697220756628
8.36 40.6991948344955
8.37 42.4921624484892
8.38 53.7732661168199
8.39 51.4326063088938
8.4 43.3281508854853
8.41 33.8628684657909
8.42 69.3293553253768
8.43 50.3786873321447
8.44 23.9811843850321
8.45 49.1210666159684
8.46 51.6249856224093
8.47 39.3697432573031
8.48 73.5548630890723
8.49 74.7325095410749
8.5 54.8946171065018
8.51 68.1671838925996
8.52 47.1764337210983
8.53 53.6418123784494
8.54 40.8228503077586
8.55 30.2088352893679
8.56 41.1833592757105
8.57 58.382465256312
8.58 64.5069819920048
8.59 45.6636816042917
8.6 59.6909071194658
8.61 49.8851804979644
8.62 52.5503846354704
8.63 56.1165283670296
8.64 41.6705301675438
8.65 56.9991429461218
8.66 57.1668772769703
8.67 63.9818167259628
8.68 33.3971773759017
8.69 50.7354608942138
8.7 41.488146510459
8.71 42.9686415474567
8.72 52.2439356076646
8.73 52.4497426730234
8.74 47.1835249490824
8.75 55.5226330012312
8.76 61.7243058186247
8.77 66.5775763578181
8.78 53.6848265560747
8.79 54.0289422379909
8.8 67.203070557641
8.81 46.5365006929813
8.82 43.3638304254405
8.83 40.7628920441956
8.84 64.7218447643833
8.85 65.382796009108
8.86 38.2664591028634
8.87 48.1546715720578
8.88 52.0833218623409
8.89 49.2212358601966
8.9 54.1868909023018
8.91 70.619117327163
8.92 57.0012121713267
8.93 32.5248827164066
8.94 58.288739024597
8.95 34.9280531667109
8.96 63.5927476871936
8.97 52.5043778328882
8.98 36.3056081779235
8.99 70.0595622438616
9 50.4941836936461
9.01 45.9644355272463
9.02 41.8428975171222
9.03 53.3508213078353
9.04 45.2675494249664
9.05 38.3566692047135
9.06 43.5006034326065
9.07 39.8130051121476
9.08 62.7852816721246
9.09 37.7900522750012
9.1 56.9155298980494
9.11 59.973644179532
9.12 55.2792202655729
9.13 66.2991351503531
9.14 48.3965082689541
9.15 58.022689441461
9.16 57.9053965615946
9.17 34.3550007640647
9.18 55.3362289956773
9.19 77.7317036167663
9.2 44.4058700697434
9.21 49.5515214739007
9.22 60.8304658474299
9.23 49.3186678015074
9.24 31.3428586931162
9.25 66.6812419908713
9.26 53.7687274331425
9.27 47.6455488439214
9.28 46.8947897873949
9.29 57.5930837365485
9.3 68.937643234242
9.31 56.3588784479929
9.32 51.4114234121527
9.33 66.5458833827137
9.34 47.1247988931008
9.35 33.8424138747657
9.36 59.0368540675676
9.37 50.8589221482229
9.38 57.8077689781592
9.39 31.4873669393691
9.4 50.7987451709382
9.41 34.0031621378943
9.42 68.7578516039607
9.43 67.7984340730138
9.44 44.8090935209111
9.45 29.1779120254113
9.46 65.5579332775896
9.47 50.1934213331179
9.48 36.1141414733046
9.49 55.6480121448052
9.5 55.5389556175149
9.51 52.8118304349474
9.52 59.6163677151173
9.53 47.6137882107068
9.54 45.3214955458057
9.55 50.5057614804051
9.56 54.0406027438804
9.57 53.5141927983526
9.58 61.0801206721994
9.59 73.3746076612176
9.6 53.8995237352844
9.61 44.3671721937443
9.62 61.8597030604765
9.63 64.0684379533602
9.64 51.3497415138276
9.65 61.6977153433885
9.66 61.2108886547058
9.67 59.6853871878734
9.68 50.6468169284786
9.69 61.6252824685284
9.7 53.0498050178213
9.71 49.7113359467642
9.72 67.138435246132
9.73 66.0172844316049
9.74 53.297645534728
9.75 44.5237325987984
9.76 46.1091944228097
9.77 57.543805141316
9.78 66.8120733859523
9.79 44.3542090060079
9.8 45.0824800587936
9.81 66.7714019018259
9.82 54.6741144454395
9.83 37.6925245236384
9.84 63.4342669146644
9.85 59.5089918246425
9.86 54.5074522033145
9.87 46.9302266723041
9.88 67.3144533486917
9.89 47.6068275958194
9.9 59.2455399053759
9.91 51.548300408452
9.92 50.431083683079
9.93 36.0023024017773
9.94 52.5799153201257
9.95 37.8700302268578
9.96 59.2176542218975
9.97 59.5640827318688
9.98 63.2948396898138
9.99 52.2949473423149
10 51.3633504598428
