0.01 7.06166521775297
0.02 5.53602854945078
0.03 -1.23208546349625
0.04 8.48605917539803
0.05 7.57845074722561
0.06 -10.3769035392473
0.07 -5.56729187645197
0.08 1.42032448427467
0.09 15.0804443285632
0.1 15.3048233256102
0.11 3.61137257910431
0.12 22.173558557727
0.13 1.73094587487099
0.14 -6.93436619585028
0.15 -0.0137643726896766
0.16 -19.6948141656385
0.17 -0.417527746155754
0.18 -11.4546574603651
0.19 -5.14280224568741
0.2 13.9823331731077
0.21 5.23596556668408
0.22 4.30946238972194
0.23 14.482295858345
0.24 -2.06025470604953
0.25 12.1938440967532
0.26 -4.57807180453949
0.27 12.3492251484238
0.28 13.6694584604291
0.29 4.10285613462074
0.3 -2.58837330839909
0.31 8.83583154264909
0.32 2.70636379439637
0.33 -2.78655101479834
0.34 4.45132350692118
0.35 11.378371936577
0.36 16.2021084389224
0.37 6.42527196708577
0.38 22.0063673400545
0.39 -1.042452008124
0.4 -1.90629662254536
0.41 7.61704492136806
0.42 4.39758734321764
0.43 13.8436568148649
0.44 -12.5729805937494
0.45 14.8600007724631
0.46 3.80426930685335
0.47 8.2256100459311
0.48 5.93510518645006
0.49 0.662578164633125
0.5 5.56834899179857
0.51 -1.17613330928599
0.52 8.33916781168221
0.53 13.7231077083815
0.54 11.0342357024012
0.55 -10.6947386730245
0.56 14.1863963563789
0.57 7.6718910637521
0.58 19.0075248226013
0.59 -13.0482732344723
0.6 6.63099479917063
0.61 2.27171566152475
0.62 -6.25703864233847
0.63 29.4915818667812
0.64 13.3517383335189
0.65 13.9290654619554
0.66 14.4205269414455
0.67 -20.9552912922845
0.68 12.9485741323398
0.69 21.7703673767053
0.7 1.48220135554452
0.71 1.28937846558987
0.72 2.83348184236389
0.73 3.80352415013004
0.74 1.08637058379057
0.75 -2.51871260414928
0.76 -4.78925594050644
0.77 13.2507152758573
0.78 16.1441123759193
0.79 23.0371097904357
0.8 14.4772626570492
0.81 18.4968134850212
0.82 13.3128648689643
0.83 28.705148901826
0.84 14.5529706108301
0.85 1.60731818987009
0.86 4.74730577405748
0.87 5.45067220599169
0.88 2.4350426105252
0.89 -4.37774402856057
0.9 5.38134327479722
0.91 15.0597535219716
0.92 5.84064957709319
0.93 11.8753936323492
0.94 32.5973397750922
0.95 18.2009752728902
0.96 9.31566120772358
0.97 11.5460440807191
0.98 2.25502235960055
0.99 17.0681956537618
1 18.5525685268598
1.01 18.6504708004587
1.02 10.9947515826533
1.03 12.0272573774349
1.04 11.3005865053314
1.05 -5.78561741808981
1.06 14.6262176907425
1.07 -1.93640245013965
1.08 15.8806179894537
1.09 9.85242506572152
1.1 7.34903322110974
1.11 9.52296452645953
1.12 11.811789061077
1.13 15.3654762257928
1.14 -0.622891096961164
1.15 34.3445348865215
1.16 7.3143922657153
1.17 14.0579217230849
1.18 2.03739076407926
1.19 18.2226911479254
1.2 -0.99164322281618
1.21 11.0561337622455
1.22 18.1904634579464
1.23 7.02159344267644
1.24 31.6290953321161
1.25 28.8383389609881
1.26 25.3787005123107
1.27 0.0771754044449882
1.28 19.8653053587995
1.29 -5.08802369266714
1.3 13.908090485973
1.31 12.9136045865628
1.32 6.25998724791192
1.33 -0.677848400107962
1.34 24.2771702309773
1.35 12.4017308235646
1.36 2.15037928570068
1.37 6.65552968532583
1.38 -2.91611107641462
1.39 12.3101716204278
1.4 1.72165462173868
1.41 4.20449275639488
1.42 9.98949834641546
1.43 18.492620301249
1.44 -7.43245035127911
1.45 -8.8797915218782
1.46 16.6094804208588
1.47 13.5638999744989
1.48 1.41149331652849
1.49 -3.35156621239083
1.5 27.0650564598256
1.51 7.05685771263502
1.52 18.4562918362374
1.53 34.4450932797774
1.54 16.6589727565267
1.55 16.2859890099263
1.56 12.4421347031231
1.57 10.1456298202178
1.58 3.28837574333929
1.59 19.6920391779521
1.6 11.9575346571329
1.61 21.765817253491
1.62 22.1655914243024
1.63 5.83269520085462
1.64 0.373076500050525
1.65 0.839506196389047
1.66 17.3871925951887
1.67 0.773215263198521
1.68 14.7380051492032
1.69 46.3326213795342
1.7 15.9774689891469
1.71 2.8786251316211
1.72 29.1315645321747
1.73 14.2682789505464
1.74 11.2298088314592
1.75 21.0917738102126
1.76 14.6240858153028
1.77 10.9599538460267
1.78 14.827625955486
1.79 15.9723569474379
1.8 17.4974641086156
1.81 6.9506090750749
1.82 14.4300637992937
1.83 26.6374730694386
1.84 -11.5570700945065
1.85 19.4875632370894
1.86 18.8265842959599
1.87 18.3937324639047
1.88 -8.30820831164569
1.89 33.5018520438353
1.9 11.0373924541087
1.91 21.0387524834459
1.92 2.10370474602153
1.93 11.3481702692912
1.94 19.2757048750921
1.95 25.0483740225037
1.96 9.69510403530731
1.97 33.2475187233516
1.98 31.0253419447
1.99 8.40065109223501
2 6.4804398249854
2.01 28.5716978146877
2.02 25.4428927764384
2.03 6.80000371519298
2.04 16.3291770320543
2.05 16.425758085121
2.06 33.2147887160663
2.07 26.7810164783765
2.08 17.0586263035183
2.09 15.084368175079
2.1 -2.32253501424814
2.11 23.0512807727574
2.12 19.4491939879942
2.13 7.12831408904946
2.14 18.1217379519452
2.15 26.6305964709155
2.16 14.613094470948
2.17 14.2280346774588
2.18 8.72024866753164
2.19 18.4453153140699
2.2 5.54541960713603
2.21 18.3052932734803
2.22 2.36700163414559
2.23 27.1428973104106
2.24 29.8012769206623
2.25 27.0706756825706
2.26 29.3738810030962
2.27 18.2866194876263
2.28 19.4902225582615
2.29 2.5787748845317
2.3 41.3420905198411
2.31 28.053592459157
2.32 1.62820645068265
2.33 13.6741804096272
2.34 13.2356269482514
2.35 29.2935056858941
2.36 -1.17263282847435
2.37 9.73837749268015
2.38 12.0650025055949
2.39 32.3794412628837
2.4 10.1012124505224
2.41 6.66926995574951
2.42 8.66223677440584
2.43 13.4103172449578
2.44 8.65976931002059
2.45 13.1659708955854
2.46 9.92919421377142
2.47 19.4602353148824
2.48 8.68786258126912
2.49 16.2907054086194
2.5 3.81216006942174
2.51 22.4815601475218
2.52 40.958324855074
2.53 13.6040494490454
2.54 22.1505696956535
2.55 15.7841045589592
2.56 15.919116761684
2.57 15.6508837432751
2.58 20.9917135076456
2.59 20.6010052597252
2.6 22.8615372238321
2.61 21.7195448594359
2.62 14.7509372925052
2.63 20.2037376093005
2.64 29.5071442597567
2.65 3.9811688815587
2.66 22.6448456525712
2.67 27.6178974770218
2.68 38.866417592159
2.69 29.8275316753786
2.7 24.4383388713926
2.71 25.0653139038483
2.72 17.5312995138699
2.73 10.1783130000436
2.74 17.869482792749
2.75 8.04574170471043
2.76 33.7789340615771
2.77 0.861056842232497
2.78 34.9094101183835
2.79 21.4708354610249
2.8 -1.34999795559257
2.81 13.5833807167371
2.82 3.2426898400782
2.83 10.6113296391958
2.84 7.19799066614805
2.85 22.3160870311096
2.86 15.5879274285488
2.87 20.3142583484802
2.88 -9.38886701516798
2.89 5.47054738423459
2.9 47.9675486505584
2.91 23.1665623919123
2.92 18.0533217034384
2.93 7.89344239398526
2.94 12.7946489015013
2.95 16.1094136342568
2.96 36.0446425963884
2.97 24.5825681246161
2.98 14.639101124701
2.99 23.8467322807571
3 27.9165165665271
3.01 22.6553166325069
3.02 21.6965821315729
3.03 3.76967079545575
3.04 36.9922893140424
3.05 16.5592304012114
3.06 -5.72558422601526
3.07 28.0461018057723
3.08 33.0047070745379
3.09 -3.30911188526859
3.1 24.1213463431108
3.11 12.2124407558074
3.12 18.8144016440989
3.13 30.7944772652187
3.14 31.8187115813232
3.15 17.0813764646263
3.16 6.98843509636288
3.17 16.9524310186749
3.18 14.9778877904396
3.19 22.5293667510844
3.2 19.4318176510536
3.21 13.3447962673618
3.22 26.3395952062402
3.23 20.8025211416751
3.24 29.1188491234486
3.25 36.4403706081714
3.26 23.9084725233921
3.27 6.66104001141012
3.28 18.8994715673147
3.29 43.9594116099467
3.3 41.3999568560112
3.31 3.60291782283489
3.32 30.1567163001619
3.33 18.58507724681
3.34 30.4250975852958
3.35 37.1263187216939
3.36 26.1692996376374
3.37 29.7702708824856
3.38 36.3511988382354
3.39 36.0531886871062
3.4 31.314868470903
3.41 28.5264402560988
3.42 31.4976322504245
3.43 25.5284559129781
3.44 30.7762209656706
3.45 28.1753938963024
3.46 13.2640975702247
3.47 40.9267235673583
3.48 -2.0226480878566
3.49 4.79249131033245
3.5 21.0177778949751
3.51 20.051588053387
3.52 6.62391542444253
3.53 18.6661433816173
3.54 15.8374537657743
3.55 44.0771377070313
3.56 1.1858488451654
3.57 19.6869880574513
3.58 31.8954262009129
3.59 47.7662697050378
3.6 32.0165726247846
3.61 18.1389465635826
3.62 28.9927543338172
3.63 19.1936904119128
3.64 19.2676910142166
3.65 2.20790593866937
3.66 39.9504615257132
3.67 27.5167190576381
3.68 18.31735714679
3.69 15.5617958492786
3.7 18.6334928925152
3.71 43.4212844187862
3.72 21.2042997201649
3.73 21.3315724858052
3.74 10.971970608446
3.75 21.670814065797
3.76 21.40186432454
3.77 22.4487688319967
3.78 30.8215278574994
3.79 20.8544666600372
3.8 19.7206170859382
3.81 43.4100616487187
3.82 34.2565665458364
3.83 25.5313757347686
3.84 19.804060615065
3.85 35.4401712178749
3.86 20.0229837819641
3.87 9.63706163567168
3.88 32.6673664392858
3.89 14.4704566320401
3.9 28.4667982947048
3.91 27.3135111107859
3.92 2.49974084737271
3.93 27.5614453534069
3.94 9.90417191296652
3.95 14.2153207111541
3.96 21.6278385994352
3.97 37.3144707285167
3.98 36.9895536148043
3.99 10.3118388283386
4 37.3342711456982
4.01 38.3498660859052
4.02 30.7527121166663
4.03 28.8456724087489
4.04 41.7130061509125
4.05 27.083124298244
4.06 25.6430376082668
4.07 32.2936267249579
4.08 32.4565457760254
4.09 17.6885493257691
4.1 22.9166881166545
4.11 14.5835662231545
4.12 -13.8601959253788
4.13 33.1462459376027
4.14 34.79948283787
4.15 20.0761223518706
4.16 20.8462989962705
4.17 28.6336152909755
4.18 21.6147956757806
4.19 26.9405744760967
4.2 27.7281738915972
4.21 31.3323355238658
4.22 33.117440896646
4.23 30.517628268456
4.24 23.3092598951891
4.25 25.2395865774561
4.26 39.1125978030149
4.27 27.1975534430851
4.28 42.2160089328329
4.29 19.3587159913559
4.3 23.816196354703
4.31 12.8843235473018
4.32 44.5315445329812
4.33 25.4113888559115
4.34 8.50502789881158
4.35 15.2524516232534
4.36 40.6599803770091
4.37 28.1390196465491
4.38 23.2616386753572
4.39 10.798488147188
4.4 26.8234567618771
4.41 27.1788137229922
4.42 13.0507778900079
4.43 12.8413252577346
4.44 25.3084260147393
4.45 31.2093904592201
4.46 21.9836212437579
4.47 43.6423108266934
4.48 29.9651348773592
4.49 38.5708381602314
4.5 17.9942669207039
4.51 25.8636381399993
4.52 35.6764724450019
4.53 20.3754268118984
4.54 16.7639071466576
4.55 39.544391856666
4.56 38.0627317538968
4.57 28.9910547589059
4.58 34.1483268357816
4.59 20.8746618218274
4.6 20.4239225560792
4.61 17.9876843382236
4.62 48.6022629309218
4.63 17.2573974093556
4.64 28.9608526941413
4.65 42.8385241278116
4.66 31.2370468026088
4.67 30.7191639045902
4.68 32.355389586607
4.69 55.4886825079025
4.7 19.7565793637862
4.71 34.1103419204016
4.72 8.3270852139832
4.73 15.147554504193
4.74 30.9035396780366
4.75 26.5498610355635
4.76 47.1816537215776
4.77 15.9083629895541
4.78 49.7182291943685
4.79 27.1366273685186
4.8 31.9163673346208
4.81 16.2650214951049
4.82 37.5509263969226
4.83 11.8061513215355
4.84 19.2728196168231
4.85 31.8345890457241
4.86 29.8530261975575
4.87 18.4950130325764
4.88 43.8381046185744
4.89 26.32264341606
4.9 23.3917409644719
4.91 16.9401652839686
4.92 22.144327721398
4.93 24.212112129592
4.94 14.0395294071625
4.95 32.4169639022486
4.96 22.9006451867268
4.97 20.870890106602
4.98 39.5335876298201
4.99 28.5668252193588
5 13.7997827647093
5.01 30.8838012874757
5.02 10.9451029914068
5.03 53.638629177466
5.04 33.3816089638625
5.05 37.1338181241522
5.06 19.5615911908464
5.07 30.6904744778649
5.08 46.3015018977816
5.09 24.0515787540627
5.1 29.6445170220883
5.11 28.5717108978768
5.12 23.4869107119326
5.13 29.0928614006385
5.14 29.2766411135294
5.15 41.1830317449457
5.16 25.6649985306482
5.17 17.4385411720043
5.18 28.4209891221773
5.19 37.2645638619178
5.2 40.4088154525683
5.21 29.6688479552776
5.22 47.2962680917685
5.23 39.3095358676238
5.24 36.7565178901011
5.25 26.7013470989984
5.26 23.8290937949482
5.27 37.8283250304251
5.28 27.0742726301043
5.29 31.3227635725056
5.3 41.1028082162927
5.31 42.8355335712848
5.32 30.7738125138963
5.33 38.3937244679585
5.34 21.6401151343199
5.35 46.0770242883448
5.36 28.0218716568791
5.37 35.1300774318974
5.38 16.7547256193026
5.39 41.2666081605199
5.4 43.7653490067018
5.41 37.9857505152159
5.42 23.8377898399932
5.43 28.1929073352493
5.44 30.2057188953053
5.45 45.5720015173447
5.46 20.7686441528934
5.47 32.810234114981
5.48 38.1722909308721
5.49 18.8398638336098
5.5 23.2283473771738
5.51 18.170874758235
5.52 33.2966791358784
5.53 45.4007656792799
5.54 21.7383909553971
5.55 50.4181088099742
5.56 26.2351914982124
5.57 44.1314906176861
5.58 26.5114824623724
5.59 30.9738966804834
5.6 24.957046005324
5.61 26.1837780351483
5.62 17.0127121401316
5.63 41.4269812676926
5.64 29.5899524385611
5.65 26.0695802509575
5.66 21.5524313944813
5.67 32.6446623320723
5.68 39.3080483098346
5.69 21.5314464827999
5.7 39.1081339622182
5.71 49.0231720701625
5.72 34.052357022658
5.73 43.9069435471479
5.74 35.5611027165862
5.75 36.5354463531899
5.76 48.7395373446439
5.77 48.5004683839118
5.78 39.6587238966126
5.79 32.450114859469
5.8 14.8604330703821
5.81 52.3706712344648
5.82 57.786416670147
5.83 51.7092973859344
5.84 32.8413143229349
5.85 22.2356511389115
5.86 33.7154517680675
5.87 38.1770245836126
5.88 23.890857590866
5.89 27.2186040879207
5.9 16.6452010138483
5.91 37.6206670506012
5.92 47.8399025999463
5.93 43.5157757022861
5.94 49.4576859775726
5.95 23.8852832659313
5.96 14.5010754666781
5.97 29.8442243716681
5.98 61.1506197141657
5.99 45.8199505004148
6 22.044473328442
6.01 47.120529113373
6.02 21.098653316365
6.03 17.0977769365975
6.04 37.0305161489097
6.05 42.7902354016985
6.06 28.7836722807823
6.07 35.7901552552888
6.08 51.0445142332864
6.09 50.9989529948801
6.1 33.2911520249356
6.11 40.3883044663492
6.12 45.3256591446892
6.13 29.0620927800992
6.14 43.6080254565564
6.15 39.7726391333964
6.16 48.2687539968102
6.17 29.5149460138504
6.18 45.7058518417791
6.19 54.3775292850686
6.2 37.8602142043857
6.21 22.9905537656655
6.22 26.9925676934717
6.23 17.5293336146623
6.24 37.5507775675952
6.25 46.6823637880567
6.26 53.8008964370113
6.27 36.4749290919795
6.28 38.0236268287518
6.29 41.7506976361762
6.3 46.0722297921564
6.31 11.0151098679437
6.32 32.7338249061111
6.33 21.0736380890034
6.34 38.2676743306367
6.35 36.8181733937975
6.36 36.4646366239397
6.37 30.8130173701465
6.38 46.3266606439278
6.39 38.906508430495
6.4 24.2265111509241
6.41 33.6444111180977
6.42 52.5488325574989
6.43 55.8803072048103
6.44 34.0987447614406
6.45 36.5368182655371
6.46 29.8179397871526
6.47 37.5818878676327
6.48 28.800351790678
6.49 29.318608793373
6.5 35.2003096328242
6.51 28.6242250927989
6.52 22.6876959389129
6.53 47.2722145425435
6.54 34.309313025246
6.55 23.2169935675332
6.56 44.2922487611563
6.57 30.9909713984207
6.58 25.5395830967821
6.59 41.5852907913239
6.6 23.5502116917308
6.61 46.1476196532579
6.62 52.1217156967429
6.63 28.5002403497299
6.64 27.6765182822922
6.65 39.0935747181662
6.66 50.691253357862
6.67 28.8845971458994
6.68 26.7151414999815
6.69 33.7798476355442
6.7 39.7588266377899
6.71 35.5548929909864
6.72 47.4686241078089
6.73 22.8382174181312
6.74 33.3472569529306
6.75 37.0925102895869
6.76 38.0881361106552
6.77 38.1965493430301
6.78 38.338726495037
6.79 24.6425675498289
6.8 57.9752709991958
6.81 25.6061463857272
6.82 37.9012836431123
6.83 51.024933075241
6.84 39.239993272214
6.85 42.2399080083086
6.86 43.6519436661614
6.87 27.2093126167387
6.88 29.8252505973924
6.89 34.1530496034427
6.9 30.8392247834613
6.91 33.2046521666285
6.92 28.2511703011138
6.93 54.5909341358167
6.94 36.954811813214
6.95 47.3857572511696
6.96 28.4712223291125
6.97 64.0378155734323
6.98 50.570088760252
6.99 51.9757549567364
7 51.6226722733534
7.01 52.7849000045479
7.02 32.8039158414321
7.03 19.9032811099341
7.04 34.4250726374956
7.05 54.8235799133419
7.06 56.0696247402242
7.07 46.325683018244
7.08 28.3360432672027
7.09 49.0712768938543
7.1 61.0345790075302
7.11 41.3219406508215
7.12 39.8649105789912
7.13 41.3539471350218
7.14 26.2989681203461
7.15 54.7470707537059
7.16 47.6394396722274
7.17 30.8209855539874
7.18 58.6574553929715
7.19 48.4167188533906
7.2 40.6615191903398
7.21 31.946723548247
7.22 33.9762590911533
7.23 32.089454350124
7.24 42.5593989507984
7.25 51.6684179116763
7.26 26.4934915569861
7.27 33.5300373067615
7.28 52.6450317679303
7.29 46.5872837090688
7.3 51.9303372017063
7.31 24.8326823054719
7.32 21.565201247694
7.33 60.0895246907717
7.34 52.8588207184749
7.35 42.5962295408991
7.36 50.5695028000963
7.37 61.1814009976148
7.38 44.9481869018606
7.39 52.3524501949393
7.4 17.4920500967591
7.41 27.9776698426598
7.42 50.2221527410394
7.43 41.6751265895787
7.44 55.533804721426
7.45 43.1506538283418
7.46 38.9508674024907
7.47 45.5766605127948
7.48 49.2533722982796
7.49 46.8061318770582
7.5 49.8238908733599
7.51 34.0072913599366
7.52 44.3599805171137
7.53 33.8003452355021
7.54 50.2591251795521
7.55 44.555514694098
7.56 32.2702271566253
7.57 50.5357616877033
7.58 36.8831767527333
7.59 33.4809884755734
7.6 56.9059573066827
7.61 47.9807892918828
7.62 56.9828813296194
7.63 46.9846634438804
7.64 41.1387777703267
7.65 38.2496544758318
7.66 30.6686234654744
7.67 41.6407245480416
7.68 42.9921683062797
7.69 37.6909336961377
7.7 46.2046857234634
7.71 50.0735607039377
7.72 49.6042057331382
7.73 48.8330510702363
7.74 33.3471495587313
7.75 53.514495096177
7.76 39.5709913364862
7.77 37.3985179131709
7.78 45.0280099323459
7.79 35.4279228584359
7.8 44.6041893476584
7.81 47.406900836194
7.82 48.10807808268
7.83 43.9147369427474
7.84 58.7134900498977
7.85 57.4051217481868
7.86 37.7225336397277
7.87 55.0195407506971
7.88 24.6518685959908
7.89 63.453571119063
7.9 32.3962294375396
7.91 58.377973494727
7.92 39.3305917660519
7.93 45.3770025374949
7.94 35.3862523486533
7.95 36.5522349562543
7.96 56.9715510663631
7.97 69.7145426459722
7.98 55.6072598261139
7.99 51.7682592975856
8 40.0925457734197
8.01 49.374774026445
8.02 40.0401061254283
8.03 50.1194330446594
8.04 30.4460459519703
8.05 52.2119502809898
8.06 42.818781675863
8.07 34.8103432337959
8.08 43.3995590347547
8.09 71.3738245773603
8.1 38.3915352591659
8.11 43.570523827038
8.12 47.2894584655103
8.13 44.0619131702214
8.14 42.9010945941443
8.15 57.4296822090075
8.16 56.8418033688948
8.17 43.5844997585772
8.18 41.9101763695036
8.19 55.8088973470473
8.2 79.9152441988235
8.21 45.7774474669223
8.22 35.7968973276256
8.23 55.2457423432491
8.24 45.7458344688873
8.25 42.9818646781311
8.26 46.7613806623583
8.27 62.1873995225038
8.28 62.0013101714466
8.29 55.4828378225499
8.3 31.3706655795973
8.31 40.400337857122
8.32 32.7062709401652
8.33 65.1130576912115
8.34 59.392335902123
8.35 50.7315282404513
8.36 58.3477291506231
8.37 40.2635975455096
8.38 49.8943522992246
8.39 28.3302611987241
8.4 49.0111506934745
8.41 41.1401110379888
8.42 53.9592272312849
8.43 26.7955909170732
8.44 36.5139033727289
8.45 32.6323652033357
8.46 39.8279382526414
8.47 48.5413290574322
8.48 55.0461610217868
8.49 41.9925361886751
8.5 39.2084968256796
8.51 47.6429905984037
8.52 56.8635415098834
8.53 51.8171524841384
8.54 48.5946823141564
8.55 61.5389357261094
8.56 64.0515047473681
8.57 43.5364581337161
8.58 35.0583978377757
8.59 66.8341250893174
8.6 59.8293120909343
8.61 37.3960240117535
8.62 49.10435711409
8.63 64.8655037740844
8.64 42.4514457543036
8.65 40.9678891077196
8.66 44.1839805566096
8.67 56.8502958286496
8.68 38.2284004891971
8.69 45.487114275313
8.7 47.6497021706817
8.71 43.4709548778289
8.72 39.1247334336309
8.73 47.8840774125931
8.74 42.3961856271394
8.75 59.2401842333826
8.76 58.5475217171305
8.77 42.612437152025
8.78 53.0700651815201
8.79 49.7432616848511
8.8 56.3993970816327
8.81 31.2414851315147
8.82 44.7239488442492
8.83 61.30475720557
8.84 41.1442258207441
8.85 54.0818450321641
8.86 34.7412886157364
8.87 63.5245016784378
8.88 43.0186907077791
8.89 49.3143859762771
8.9 54.1320394636397
8.91 30.9162437530083
8.92 54.249075311895
8.93 55.8240923487016
8.94 64.875942137077
8.95 53.532197954064
8.96 80.3300354085079
8.97 39.3985178909591
8.98 51.0427958277707
8.99 46.9797578991209
9 56.1504121558724
9.01 42.6096422611927
9.02 53.4406971553321
9.03 73.2060498420391
9.04 47.433213619567
9.05 50.478550093033
9.06 40.1800887079926
9.07 30.8705334332498
9.08 53.3633875521522
9.09 39.7654695613772
9.1 43.2670648512472
9.11 48.4659998645146
9.12 50.2506579549308
9.13 75.4242444973047
9.14 40.2378175726006
9.15 36.8247882918644
9.16 44.7358250584928
9.17 58.8830045802499
9.18 50.3734045055985
9.19 31.9042829674983
9.2 54.6700023636291
9.21 46.5030178227553
9.22 60.4369847236391
9.23 44.5553505999335
9.24 49.168707370002
9.25 69.08821302461
9.26 46.4173808693652
9.27 51.6859362832936
9.28 45.7046777536727
9.29 41.0402315619209
9.3 58.9492379201709
9.31 39.8570283375653
9.32 39.8923996416598
9.33 46.7998996461615
9.34 57.7445920089519
9.35 39.6744682399216
9.36 52.1604603765887
9.37 36.4650347687142
9.38 47.9732296622106
9.39 53.8288181157059
9.4 54.7190644185741
9.41 51.5009792605491
9.42 56.1438122243299
9.43 49.1497234930633
9.44 43.3333566421172
9.45 45.8580487272492
9.46 57.2590695706986
9.47 57.4195962437562
9.48 34.0258845412946
9.49 76.3083942139275
9.5 44.7215484932258
9.51 59.7065592116244
9.52 50.5655151527298
9.53 62.7238185608963
9.54 34.3542310896634
9.55 58.6020327187364
9.56 49.2095550884119
9.57 51.3126570151723
9.58 57.1662087683074
9.59 27.9766522157824
9.6 51.8670342053942
9.61 36.1294738225115
9.62 75.393878150647
9.63 73.0300021170565
9.64 54.2585061586935
9.65 67.8947172564259
9.66 66.9707364916553
9.67 51.7575781300778
9.68 48.0672807669854
9.69 49.0702996123277
9.7 77.1351047872091
9.71 58.2837338837645
9.72 53.9271300980801
9.73 33.3515471814597
9.74 78.1591400388849
9.75 54.3487684362398
9.76 42.7582428086066
9.77 52.2467461002624
9.78 59.7264430110774
9.79 33.1661347437123
9.8 48.7012275347864
9.81 54.5385469681068
9.82 56.3680833692119
9.83 68.3068003713961
9.84 46.5303067065608
9.85 32.938112942196
9.86 52.1572568831944
9.87 47.4467678740281
9.88 38.2457660088666
9.89 56.1490633010186
9.9 48.3828637835448
9.91 65.0058929267645
9.92 54.4772215885487
9.93 51.9707012648146
9.94 78.7399251040123
9.95 32.1491598876626
9.96 45.4559793633575
9.97 49.4479069014729
9.98 37.418134195543
9.99 73.4943660545444
10 57.7730757204099
