0.01 2.14392310183746
0.02 -1.20605534824244
0.03 -3.50969861819333
0.04 1.16948385142355
0.05 8.88473551463539
0.06 -11.3400161660753
0.07 24.9100253100385
0.08 -4.82103421515932
0.09 8.86741915988521
0.1 -0.496987294326137
0.11 -10.0217985782412
0.12 4.10276029406825
0.13 4.94447217152165
0.14 8.71984194428929
0.15 2.03823761677136
0.16 -16.6449742820335
0.17 -2.70820379230099
0.18 17.3496631207157
0.19 -3.58836914657713
0.2 3.67733560807976
0.21 5.35437158982876
0.22 5.1973477214121
0.23 -2.07858195394962
0.24 5.13643445593089
0.25 -10.500803383057
0.26 -11.7810453868119
0.27 10.2808346881631
0.28 -1.8380453804104
0.29 4.58726188921106
0.3 0.99361772617449
0.31 19.1246347666685
0.32 24.4012801711588
0.33 -8.47790088218328
0.34 -11.1452204116304
0.35 8.31443983725067
0.36 -7.3064531441703
0.37 2.59113387566017
0.38 8.0231622162591
0.39 4.84497961731129
0.4 1.57995349168032
0.41 3.61875191253924
0.42 13.6437336943702
0.43 -0.130510741965047
0.44 -3.19898543869536
0.45 11.8121829566824
0.46 9.46220320231346
0.47 14.9230292081771
0.48 -0.70823320303471
0.49 1.24063313945159
0.5 -6.25427776993596
0.51 5.22831914003358
0.52 13.3370745185451
0.53 34.8820331282612
0.54 -3.07736995669828
0.55 23.5839882454951
0.56 -9.61931371079656
0.57 16.9737589522357
0.58 -10.0898480797331
0.59 9.29350913181133
0.6 10.4931486199976
0.61 7.69108653871264
0.62 6.38808898272384
0.63 9.68624136713426
0.64 -6.92188442588169
0.65 16.77066406311
0.66 16.8780155703496
0.67 7.04892482128921
0.68 16.2916512084869
0.69 9.49372454519875
0.7 15.5993650421373
0.71 11.933284833438
0.72 7.54800685022059
0.73 13.0898619371845
0.74 18.3335435945756
0.75 10.6617697945747
0.76 12.8995933834948
0.77 24.6315539531407
0.78 2.53178448805783
0.79 2.30302391421439
0.8 26.9401766005491
0.81 10.9517011393726
0.82 8.31055485670775
0.83 19.4604047847602
0.84 10.7287168825552
0.85 31.2959842055236
0.86 36.9337867409059
0.87 -0.50018491700564
0.88 6.56489624645433
0.89 8.14352699006058
0.9 19.1866968011531
0.91 13.7042710214231
0.92 11.6275169952163
0.93 12.7369703476845
0.94 2.39567082761701
0.95 10.2671741449692
0.96 7.74613755928187
0.97 16.3742746564544
0.98 18.2306474095497
0.99 -0.15247273544882
1 -1.47215710807825
1.01 19.4829479994577
1.02 20.6402590964918
1.03 -3.46935690081758
1.04 14.3512586752312
1.05 12.4769943886231
1.06 16.6536044410666
1.07 6.39209869830154
1.08 3.59321406733265
1.09 18.2334267126315
1.1 -0.423022532174377
1.11 7.80033430853883
1.12 19.5312033628897
1.13 16.613979653544
1.14 5.68762667319206
1.15 12.7587209268273
1.16 2.4015181152282
1.17 2.31068673678617
1.18 13.8387615941067
1.19 0.627439414907359
1.2 25.3830326733596
1.21 6.07935113822157
1.22 18.4517705046264
1.23 7.58221464733037
1.24 14.9401069112675
1.25 -1.99278846920322
1.26 8.72261157975032
1.27 8.01719593958899
1.28 7.29267883740994
1.29 -11.5723736339363
1.3 14.1422824821981
1.31 22.6469495302521
1.32 8.85574339934217
1.33 23.8375563498897
1.34 8.44532637706876
1.35 21.0943137512218
1.36 26.8487711146847
1.37 14.3381643270578
1.38 5.09419814943177
1.39 13.262773420638
1.4 4.21242282549148
1.41 -10.8026487421298
1.42 16.4248056470608
1.43 1.44947086145349
1.44 21.7989257374204
1.45 9.89900277639267
1.46 9.78425942792118
1.47 8.13056043058222
1.48 -11.2398270270685
1.49 16.2018941819413
1.5 2.37604970221551
1.51 14.9619431989652
1.52 15.054184504375
1.53 12.4519014503074
1.54 12.6766332519474
1.55 9.68499417491452
1.56 6.85567751208456
1.57 4.58817937303589
1.58 17.0523875392954
1.59 4.20186553333537
1.6 1.30795020632575
1.61 13.1373383962073
1.62 20.02781199072
1.63 22.3202810907615
1.64 -0.231296378712376
1.65 18.0293656957599
1.66 -2.77011275250548
1.67 20.3616351389725
1.68 35.3630794349178
1.69 19.6169083190991
1.7 23.812132206605
1.71 26.7765499457482
1.72 21.8064379470957
1.73 10.3109065998881
1.74 7.30404440605869
1.75 11.40682550192
1.76 16.2507252330191
1.77 28.0529128274595
1.78 12.1010889137717
1.79 -7.0746866665472
1.8 22.5801063918833
1.81 36.175472573431
1.82 5.27863248503632
1.83 21.8980364090303
1.84 9.70331008759846
1.85 35.4274922946045
1.86 15.3606853299786
1.87 4.61990154088058
1.88 16.0658631650672
1.89 0.907604799537886
1.9 -4.65699711788167
1.91 34.029517870967
1.92 20.9110828524541
1.93 6.43516722780478
1.94 15.8837825011107
1.95 15.7903694580818
1.96 15.1559165365665
1.97 22.0263842417971
1.98 27.873377840106
1.99 26.5567682778064
2 21.9836185516007
2.01 21.0315926571391
2.02 34.0558730049713
2.03 -5.30292163693828
2.04 10.6415844434678
2.05 8.0628667809361
2.06 12.5040731748385
2.07 7.41758545970408
2.08 24.4282451798478
2.09 -4.86633358658263
2.1 5.83879270426787
2.11 18.9069497761651
2.12 23.3140424756314
2.13 19.4351764623605
2.14 12.8981712151342
2.15 21.5928197108542
2.16 30.5749625343174
2.17 11.6760999671403
2.18 13.8345882337991
2.19 25.5027814127842
2.2 37.8151203161881
2.21 41.4346403629729
2.22 32.2080079982157
2.23 0.883480989522042
2.24 19.651996384057
2.25 25.8478576235367
2.26 20.5176998443926
2.27 5.37842952805761
2.28 11.5463683735997
2.29 13.003524103659
2.3 0.360666996549435
2.31 13.9297283205431
2.32 14.7187221713595
2.33 17.9831365014933
2.34 27.8234794654239
2.35 3.36075490665812
2.36 19.5014045141161
2.37 18.6312235641692
2.38 21.7444277093905
2.39 9.95577162050943
2.4 14.5034748309415
2.41 3.40428325301087
2.42 8.08184261072951
2.43 30.6268746675558
2.44 10.6316095891622
2.45 6.26994341485011
2.46 22.0006212920791
2.47 25.3139372150244
2.48 23.64164233095
2.49 6.4604346131236
2.5 12.0382334038295
2.51 36.1667896260858
2.52 24.9228616851324
2.53 18.5896452083027
2.54 9.25011595102183
2.55 9.68931791025396
2.56 10.9888821595826
2.57 31.9981196778597
2.58 28.5200424037298
2.59 12.7865094934256
2.6 14.0918647615873
2.61 21.5336188902909
2.62 31.9804110684747
2.63 8.40094807209419
2.64 25.103067864771
2.65 32.6195182522575
2.66 12.1953245815145
2.67 8.34639587333486
2.68 21.3552986366571
2.69 21.1639161320795
2.7 29.0186060630736
2.71 30.1025584621804
2.72 11.8589487648568
2.73 8.11318153861674
2.74 13.5051036891684
2.75 21.8971823016185
2.76 21.7793461767215
2.77 13.4359837709517
2.78 8.61275582357744
2.79 5.48204607470675
2.8 18.196337563063
2.81 31.3966226135547
2.82 34.7368654796324
2.83 11.6780041873402
2.84 -1.87314328942298
2.85 12.4804430457987
2.86 44.4322433259132
2.87 20.9453644171518
2.88 28.0269375407226
2.89 16.9593647180097
2.9 12.9439108965081
2.91 11.5054869172923
2.92 22.8484030322623
2.93 11.8097703059314
2.94 12.539613215209
2.95 21.7040538682376
2.96 13.0943582940495
2.97 18.9330294390962
2.98 37.9886310161176
2.99 11.3164473122423
3 33.1577012371625
3.01 4.02764489397436
3.02 16.9830751938054
3.03 18.5052225204703
3.04 27.0736299581829
3.05 12.1083625849152
3.06 36.4169049743252
3.07 13.5895721632959
3.08 10.601772691981
3.09 24.9669059163705
3.1 31.7964637579813
3.11 17.363464519012
3.12 12.1726676236787
3.13 23.2623367879407
3.14 20.5278918722271
3.15 15.1267286112292
3.16 31.3374073998937
3.17 39.8205381132622
3.18 11.3785047071975
3.19 21.8457584816362
3.2 35.1108743913146
3.21 23.1001888951772
3.22 19.5257725639565
3.23 16.2621798230217
3.24 35.2347148927151
3.25 11.5171303153204
3.26 18.710156655473
3.27 14.9097550002868
3.28 22.767418252545
3.29 22.0205730802544
3.3 32.3242167459092
3.31 16.767662437548
3.32 50.9096978077446
3.33 15.2325782770731
3.34 11.4041695915237
3.35 14.6940519774153
3.36 20.1436177496984
3.37 31.5112717190385
3.38 18.7325454706386
3.39 27.0289675840744
3.4 12.6222107451983
3.41 24.5246954245807
3.42 11.8999868005524
3.43 9.36056596367363
3.44 19.1952710243061
3.45 35.8629687279603
3.46 4.63886787251954
3.47 7.52161789925208
3.48 31.6358934958296
3.49 17.0523065788776
3.5 13.8617092859101
3.51 -6.50599745740638
3.52 16.5714431496982
3.53 17.4840275649859
3.54 22.8216861529602
3.55 35.6886595667425
3.56 25.1056760032449
3.57 43.3490457278405
3.58 34.7335070869996
3.59 34.9674462761602
3.6 42.9859328027333
3.61 -1.84407207833373
3.62 12.9717740954403
3.63 34.6157095832619
3.64 21.1642312891496
3.65 36.2704982388612
3.66 25.0924882591106
3.67 22.1687925957551
3.68 41.2929637967669
3.69 9.26922043511829
3.7 21.6583725620541
3.71 40.782794299521
3.72 10.61178686513
3.73 13.2718211474332
3.74 26.398052281552
3.75 27.6184615161268
3.76 29.7370038543768
3.77 19.4797398959936
3.78 26.7176302408381
3.79 21.9267282642453
3.8 23.9120285773644
3.81 16.0119262543066
3.82 35.139440645408
3.83 28.5582387707372
3.84 29.2392419259814
3.85 33.2801246457586
3.86 26.2784759704108
3.87 33.6737618569193
3.88 14.6284059825644
3.89 32.7864801623087
3.9 23.295925812268
3.91 30.158376632703
3.92 19.4468739548189
3.93 37.2148713984373
3.94 24.8339513972969
3.95 14.0349197832428
3.96 13.8481744355144
3.97 23.5471723698654
3.98 21.7647687871721
3.99 22.4482244007801
4 36.2092745439118
4.01 26.7648328368673
4.02 22.9102334184294
4.03 20.3685160175338
4.04 16.4270901823546
4.05 15.1142587906525
4.06 16.7390103903554
4.07 29.4465004839173
4.08 22.2992075614174
4.09 13.0051881151296
4.1 27.8272570289244
4.11 25.7433069557345
4.12 34.2282525172386
4.13 28.3144658419725
4.14 34.411956815724
4.15 2.49917144317512
4.16 32.4688574967185
4.17 36.9605381194366
4.18 35.3122239675648
4.19 21.6074760615367
4.2 35.9397932478601
4.21 32.9419278098356
4.22 35.0747125612377
4.23 13.2403527558396
4.24 50.7031590270987
4.25 27.9988143353791
4.26 47.8549125974287
4.27 22.10454052383
4.28 10.0923958453071
4.29 21.2788159700027
4.3 14.8293847999094
4.31 42.4597119389965
4.32 38.235310134463
4.33 15.7847170925416
4.34 35.1856815739036
4.35 30.6423538175659
4.36 38.0661453862045
4.37 21.9783798099071
4.38 30.0693362510776
4.39 33.8839362355381
4.4 29.5278185625433
4.41 24.6339195223934
4.42 20.2111626285269
4.43 11.7157103764852
4.44 29.3937911455012
4.45 30.7640426225964
4.46 42.8696768124421
4.47 28.6648481049166
4.48 22.0817613784335
4.49 38.5179947988049
4.5 20.2434919716472
4.51 27.3174218545305
4.52 35.2285711109962
4.53 49.8494180948829
4.54 39.5389371414087
4.55 16.7256592247178
4.56 38.2938204966729
4.57 37.6534935319954
4.58 13.5682510876007
4.59 29.2589495960987
4.6 22.0905208421054
4.61 29.7701064813569
4.62 45.2534058266638
4.63 12.2485969261585
4.64 28.4810448449418
4.65 26.8060250284571
4.66 32.0747652106381
4.67 28.1350373739177
4.68 53.207910949753
4.69 22.497438762533
4.7 36.5563223936565
4.71 34.3911772395876
4.72 22.1053004622684
4.73 28.6432143974096
4.74 33.1616759783432
4.75 41.5739624769942
4.76 36.4792608333752
4.77 38.460353032184
4.78 34.4972465527699
4.79 34.986430258778
4.8 27.442497276203
4.81 33.2289463733713
4.82 24.0292333088541
4.83 36.6719578256568
4.84 27.9341566207723
4.85 24.5153792496932
4.86 20.2090506040739
4.87 26.0482641175089
4.88 19.9620062904956
4.89 17.4885725753742
4.9 40.4851185810503
4.91 43.886442742707
4.92 25.1945390461078
4.93 38.6326229660198
4.94 43.4048452399485
4.95 34.281222565323
4.96 45.279871769481
4.97 32.047280561835
4.98 20.3770594091091
4.99 42.1755709654692
5 45.385536492115
5.01 44.2885531198079
5.02 39.6099171648982
5.03 17.6759576944733
5.04 42.7805322616075
5.05 22.1030374528106
5.06 29.7340013217685
5.07 39.1120087168255
5.08 32.0341112739076
5.09 41.0711120714268
5.1 4.7665518175898
5.11 49.2024385946958
5.12 33.1998404631604
5.13 39.6563001276155
5.14 36.2149300814713
5.15 48.7353007109453
5.16 35.1803594852073
5.17 46.1099876991963
5.18 26.6957365078569
5.19 37.2878028300872
5.2 20.5373913579792
5.21 5.51173642307862
5.22 44.6850222729356
5.23 29.0571093498834
5.24 31.7496809836524
5.25 35.023526974045
5.26 22.2761957859908
5.27 30.8177283681335
5.28 35.7084911744318
5.29 35.853624316772
5.3 42.9183551338216
5.31 18.256069038502
5.32 30.6049309133713
5.33 28.4595248121678
5.34 28.6827283455765
5.35 28.1656514549587
5.36 16.7956203633767
5.37 20.2002752328531
5.38 52.5570169639166
5.39 42.7134334223515
5.4 39.2739303955577
5.41 24.3582071803816
5.42 47.8705562502783
5.43 32.1313082798895
5.44 35.3023325872475
5.45 34.2691211922796
5.46 19.5558451832536
5.47 35.0713801226142
5.48 26.8540157304318
5.49 54.9717040330085
5.5 31.0920532473484
5.51 31.2602867282615
5.52 42.7231771663487
5.53 57.0359173178898
5.54 52.9394966725162
5.55 13.575681388904
5.56 34.1629714502465
5.57 39.8972942944055
5.58 36.7070120337534
5.59 36.125015642758
5.6 35.5876191479086
5.61 21.7580087456597
5.62 32.822946376772
5.63 31.0537591337721
5.64 42.7295889012214
5.65 20.051981889192
5.66 45.4046433242029
5.67 24.4294954059546
5.68 16.1311005315284
5.69 39.1728152424165
5.7 35.6200038348075
5.71 24.2499913136987
5.72 45.4554794124903
5.73 40.5379929731046
5.74 44.527430084244
5.75 50.5270171021197
5.76 29.6257802441355
5.77 32.3055477133628
5.78 37.0818164609641
5.79 38.8623337200559
5.8 22.7483408770143
5.81 31.0651993965106
5.82 20.0792559575492
5.83 29.9378071751689
5.84 10.3985996666534
5.85 27.3998800307774
5.86 33.2687457475391
5.87 22.9728109685497
5.88 33.4491713320842
5.89 27.070468218775
5.9 21.5916926643442
5.91 40.6712934952892
5.92 22.3360764994857
5.93 47.421763712691
5.94 3.83137519836804
5.95 31.0636846747208
5.96 27.0299633542503
5.97 18.3919407087281
5.98 30.4893102364891
5.99 38.5537378379482
6 51.0587451484033
6.01 33.3036714057591
6.02 22.7256566707688
6.03 35.9822311504719
6.04 38.053375399029
6.05 46.7533860960458
6.06 42.0728598922701
6.07 37.06603058624
6.08 34.8339447068444
6.09 45.7615207783766
6.1 28.2543587112388
6.11 36.7613317382209
6.12 35.6961303565092
6.13 26.9715255086874
6.14 35.2166882164968
6.15 25.179094799943
6.16 26.2953604735491
6.17 41.5075261810769
6.18 33.1499938817528
6.19 43.5086159320728
6.2 23.5509381753689
6.21 44.921620922936
6.22 38.8592270014692
6.23 38.108325292778
6.24 38.152663871687
6.25 48.0664861156978
6.26 41.9164449889465
6.27 35.5133541622218
6.28 14.0728800176503
6.29 43.4560618205691
6.3 24.5214749318237
6.31 46.0578691917953
6.32 51.4342131562936
6.33 53.9851070892842
6.34 35.9983042057543
6.35 45.892277730628
6.36 65.5416502144658
6.37 17.6881333010864
6.38 29.7204151778686
6.39 43.6578766567831
6.4 51.6920745208308
6.41 33.1638764145357
6.42 56.6570853202486
6.43 20.0857803581782
6.44 42.6655430725412
6.45 57.7600146796315
6.46 48.3857193536562
6.47 33.1788479930236
6.48 30.9928796578705
6.49 13.7221293292939
6.5 25.291992506564
6.51 39.0383609810494
6.52 24.6795507011133
6.53 26.2224007773029
6.54 26.0677844712892
6.55 46.8611958441967
6.56 55.6464265040116
6.57 37.2214706412371
6.58 24.9646564464656
6.59 31.1583347525562
6.6 27.1097209623941
6.61 47.8339181768268
6.62 30.5960543776462
6.63 44.9381196533132
6.64 29.3064252908075
6.65 34.2851482281962
6.66 50.6025656140163
6.67 26.633442927109
6.68 48.0880220357202
6.69 36.2242909605405
6.7 32.758086480771
6.71 39.3002986119803
6.72 39.4797170311255
6.73 35.8142742865433
6.74 34.9950487684436
6.75 58.251834437118
6.76 27.7817390737915
6.77 37.567625400513
6.78 26.8021557625109
6.79 31.1505420958787
6.8 38.0347193570485
6.81 26.4303040990795
6.82 47.8177846537821
6.83 49.6946861546137
6.84 43.2593835367451
6.85 39.9533691352
6.86 29.4957295345661
6.87 31.8368458592363
6.88 38.6212877616343
6.89 35.3409912659008
6.9 28.7096893084646
6.91 39.9994837939192
6.92 50.9136631071281
6.93 58.1170824745456
6.94 39.6507664098627
6.95 39.1608909814026
6.96 40.910899046195
6.97 44.3344387344313
6.98 62.4992851665014
6.99 45.7869381650851
7 47.7527519280818
7.01 40.5515856311199
7.02 39.9799944918575
7.03 47.2869323535927
7.04 43.5658154373751
7.05 50.0203692902364
7.06 50.3287002763792
7.07 32.3641956069611
7.08 33.0498103291603
7.09 49.1514138401983
7.1 35.6397841905181
7.11 37.7173395757331
7.12 43.7599126706128
7.13 50.4327307372304
7.14 38.0175414021888
7.15 56.214384564586
7.16 45.5332785506154
7.17 35.9311658030584
7.18 37.4204868432685
7.19 49.110397509473
7.2 48.0272941622371
7.21 49.3307221105016
7.22 33.4237276231791
7.23 31.6157664462076
7.24 41.8458227164776
7.25 35.4638065638525
7.26 26.0148743289727
7.27 28.4263228324458
7.28 47.9310132111556
7.29 63.4358229543136
7.3 37.6198953642301
7.31 41.9779023792244
7.32 30.9278301812884
7.33 16.1506798999668
7.34 51.762437292053
7.35 23.0207016634468
7.36 39.2705770500603
7.37 27.612789513609
7.38 38.7703665801931
7.39 36.8067083780909
7.4 39.3817481115748
7.41 46.6454233183711
7.42 43.6926845487277
7.43 49.7445874970541
7.44 36.3457689921671
7.45 46.814722758516
7.46 42.6812030646497
7.47 38.7112170098091
7.48 42.5372257936171
7.49 40.5464541226829
7.5 29.8277081761369
7.51 50.0538142976083
7.52 61.0254387222936
7.53 28.6602843582586
7.54 48.8863326234251
7.55 47.5502955743563
7.56 44.1344498343774
7.57 31.1228344888846
7.58 47.7973985434052
7.59 37.1166901842045
7.6 41.7233369929845
7.61 63.6418451694441
7.62 52.4264154163464
7.63 41.5496488756595
7.64 45.6552760948636
7.65 48.6616145482986
7.66 45.9541624260507
7.67 41.7548608341189
7.68 52.9800842793251
7.69 45.6301903765251
7.7 48.2143027558647
7.71 34.7995288009254
7.72 40.7169640074152
7.73 55.105540275523
7.74 38.3580593350404
7.75 19.7534142887426
7.76 35.5521280452287
7.77 36.3967970398249
7.78 26.7619300594518
7.79 53.6428334669382
7.8 25.2719169022641
7.81 52.1106499284163
7.82 30.4220441075723
7.83 24.6341852978282
7.84 48.3152912794887
7.85 49.2792215029376
7.86 46.2559956255176
7.87 37.5707082568422
7.88 48.3485886674693
7.89 20.4564919892002
7.9 63.5334355873584
7.91 37.8495459163246
7.92 40.5708675279757
7.93 31.9162479407931
7.94 37.5984717011365
7.95 42.4790947146342
7.96 51.7315786297055
7.97 30.9518498691742
7.98 59.1405812363885
7.99 35.6036831220555
8 43.1058531896507
8.01 29.7985636828505
8.02 30.3048772848111
8.03 57.5245503817881
8.04 62.9733504240163
8.05 33.9168755403674
8.06 41.0063211605738
8.07 25.7782210159982
8.08 50.3679052978903
8.09 40.5530160974488
8.1 32.8228113623698
8.11 39.1331041740454
8.12 29.9436006789616
8.13 43.8286789578911
8.14 41.1490775631949
8.15 48.7569189575763
8.16 35.1235097490591
8.17 53.4007956544651
8.18 39.4721817403063
8.19 53.1913342485451
8.2 38.5522566591903
8.21 50.9960897075045
8.22 66.5798973874262
8.23 42.9010032138133
8.24 58.2487664987057
8.25 37.5402291660812
8.26 48.4216322281948
8.27 45.9601030807387
8.28 30.5236531491488
8.29 52.348281586498
8.3 57.3029416982329
8.31 38.2480580345975
8.32 56.2801860597608
8.33 47.9909499186513
8.34 42.1750418924961
8.35 30.26397806365
8.36 61.307485897235
8.37 41.0856467334655
8.38 55.1308785820533
8.39 47.9683246041112
8.4 40.5363912996515
8.41 57.8713154088123
8.42 49.0372337166215
8.43 43.9900671225997
8.44 24.0994322779236
8.45 57.8813510354855
8.46 42.6835635483421
8.47 63.2441188246967
8.48 39.6967205031631
8.49 42.3394240585151
8.5 38.0403679483013
8.51 38.8273269609646
8.52 50.08246678887
8.53 51.6498546377299
8.54 50.3036437139651
8.55 57.1159403432073
8.56 54.9401322877419
8.57 38.337785930057
8.58 36.1758427719088
8.59 45.9064006461259
8.6 54.9686854338191
8.61 48.3936901334129
8.62 61.4152881524217
8.63 43.5976056287475
8.64 61.1428124498346
8.65 29.6151429245507
8.66 48.1349521105718
8.67 38.9499958892712
8.68 53.7727679595629
8.69 54.1942978786925
8.7 50.771698080724
8.71 43.4468120008474
8.72 51.6452804860634
8.73 43.0338290606548
8.74 38.2403872906471
8.75 46.1750834874731
8.76 54.5305663528018
8.77 32.4508980927779
8.78 44.1627581028854
8.79 49.0900156369479
8.8 44.4780006393427
8.81 45.0477895229991
8.82 51.898517619974
8.83 47.7522706911045
8.84 60.7009343419647
8.85 48.8189769670587
8.86 44.6409820551163
8.87 54.5191720725693
8.88 52.5219356187317
8.89 51.1249369185034
8.9 25.2011999319891
8.91 70.1134014376087
8.92 36.2780161902249
8.93 47.0783521422269
8.94 50.7068944094919
8.95 42.2763723260546
8.96 50.9283778817798
8.97 53.4533239340148
8.98 48.9781096872828
8.99 46.401916989894
9 49.8953746869776
9.01 38.9539944984233
9.02 44.1998412105871
9.03 47.1204316669219
9.04 42.8844213645937
9.05 36.6104582206848
9.06 63.1762176612859
9.07 45.4189484243631
9.08 51.2620763429571
9.09 67.6851762642467
9.1 52.6738258845014
9.11 53.131569591731
9.12 46.1809332811982
9.13 62.8759871115438
9.14 49.0480594157517
9.15 27.1421897006061
9.16 46.6506014374289
9.17 49.187574317911
9.18 67.8974351576052
9.19 49.5370463951193
9.2 51.442317750043
9.21 50.7740690359223
9.22 53.7792622364796
9.23 60.2965646707197
9.24 28.0081004982542
9.25 37.3753027358764
9.26 53.5427744018097
9.27 56.2909149633463
9.28 49.891061310156
9.29 26.9220253398756
9.3 55.9139226378405
9.31 80.401817625336
9.32 42.6134005168699
9.33 62.6332738195058
9.34 59.1473655412548
9.35 33.9594176820821
9.36 45.1628916873561
9.37 43.8121082422885
9.38 39.7910319340676
9.39 47.5526303077799
9.4 45.3217437705301
9.41 56.2629230184118
9.42 46.4855532213605
9.43 65.8710464964575
9.44 40.873717081137
9.45 60.7241022855793
9.46 43.3878985579866
9.47 51.2860895670595
9.48 47.9447223173482
9.49 24.5228503129488
9.5 74.0862855203208
9.51 46.8534907694077
9.52 47.3876972220594
9.53 38.6969246848432
9.54 71.1643809394151
9.55 33.2692501426293
9.56 56.1072009776049
9.57 44.736240513537
9.58 56.9177136171776
9.59 45.6044328671453
9.6 56.9315006202134
9.61 60.046352385248
9.62 67.1373250911582
9.63 42.2221864921312
9.64 43.9064448054095
9.65 47.2036100438415
9.66 68.5106728018712
9.67 48.9055514875958
9.68 30.8377793862053
9.69 46.9780527084562
9.7 54.0268399199491
9.71 48.7779724073938
9.72 50.3175223498363
9.73 47.7717270247731
9.74 60.3533671760199
9.75 62.268108311205
9.76 69.0773219322148
9.77 57.3900110597981
9.78 47.8715873954914
9.79 46.9280582557216
9.8 50.9933846755869
9.81 39.8739350616944
9.82 36.0671560789365
9.83 55.6994552549245
9.84 64.9440719979132
9.85 53.890992151813
9.86 63.6212776656665
9.87 47.3959607781225
9.88 49.4632947954576
9.89 58.8728893778747
9.9 56.8317525987458
9.91 53.1231858073078
9.92 57.3672127142727
9.93 55.3645887394448
9.94 54.2029524312826
9.95 62.6568817927438
9.96 48.4737348412919
9.97 54.9473198468841
9.98 37.7016108050844
9.99 71.1633472168458
10 61.4917269859515
