0.01 16.8705559565831
0.02 2.84961026615011
0.03 6.02019374232369
0.04 34.9487571625798
0.05 16.8948597443156
0.06 -0.048296782258872
0.07 4.74420768208109
0.08 8.94396118708607
0.09 -3.91752497335704
0.1 -3.39767392260176
0.11 1.77853937876134
0.12 10.1161612254999
0.13 9.89356513213718
0.14 -7.23835621174376
0.15 5.9278112486968
0.16 -0.612145898446744
0.17 -11.9431713125799
0.18 3.74685633653476
0.19 18.220574221839
0.2 14.4310451833675
0.21 14.3740135215701
0.22 20.7047261125337
0.23 10.2006099867082
0.24 18.0962750979526
0.25 9.39285998024739
0.26 -1.85013217146392
0.27 10.9299548340437
0.28 7.80588126676298
0.29 5.35811078295476
0.3 13.2516418505559
0.31 3.04234558338745
0.32 7.64240999215467
0.33 15.1971242817428
0.34 2.71830876418187
0.35 10.0494655569473
0.36 -2.76036843656554
0.37 -3.75424117891225
0.38 -15.8102890440794
0.39 5.89307915616984
0.4 26.3805902355588
0.41 -1.69896238883327
0.42 20.2753207684119
0.43 14.7124430977772
0.44 -8.57536677964893
0.45 10.2337956984768
0.46 9.74408688408585
0.47 13.8185426490275
0.48 12.7521255756366
0.49 13.8692535474988
0.5 5.61584140567062
0.51 5.21775373833136
0.52 3.65440302234534
0.53 14.8119167826664
0.54 9.82777994367133
0.55 11.394635518437
0.56 -3.23427659845279
0.57 6.37243439795389
0.58 3.05582373363969
0.59 -7.7814494467778
0.6 8.58041002906708
0.61 -3.38839028764297
0.62 1.90821389721232
0.63 -5.64613178999578
0.64 16.576336358057
0.65 0.464468967022626
0.66 28.1258473755593
0.67 14.697761596504
0.68 -12.7995740981961
0.69 20.8624054989061
0.7 26.4904104291023
0.71 2.26551542751001
0.72 -13.516254356532
0.73 16.1371125232651
0.74 10.9595470811798
0.75 5.73338925824948
0.76 1.35007671208066
0.77 18.5992524535707
0.78 7.9431795567996
0.79 6.1848856406253
0.8 2.47063181251779
0.81 7.24914911663383
0.82 12.2971473012268
0.83 22.8855343135196
0.84 2.96384200215337
0.85 22.6693930889139
0.86 -16.6008375175601
0.87 18.8547049601266
0.88 14.3210602163298
0.89 4.42770456729653
0.9 4.50341267601344
0.91 18.3344011991799
0.92 14.2851870541939
0.93 22.024703243898
0.94 2.75042645883751
0.95 -3.68606558880225
0.96 10.6282853831896
0.97 8.47589705113692
0.98 13.3811520660817
0.99 21.2527079821531
1 2.40179706465432
1.01 5.80545814321387
1.02 11.5738923326115
1.03 9.93552896175046
1.04 6.11459501541684
1.05 11.2962686867527
1.06 27.7562282125362
1.07 8.82019149457055
1.08 32.0860968673579
1.09 6.55443466437256
1.1 13.2387117258439
1.11 10.8259067673012
1.12 14.8072347855315
1.13 16.6991647846195
1.14 13.9018042654194
1.15 -0.210304865165417
1.16 -1.62111900446872
1.17 7.21083307863507
1.18 -12.2521598844351
1.19 9.41956560040244
1.2 8.12071059434429
1.21 19.3476000162115
1.22 12.579965569558
1.23 -11.5880377369922
1.24 22.8284204456284
1.25 3.39520603548433
1.26 17.109726809176
1.27 25.0136779061261
1.28 16.7296504610437
1.29 0.175080629076056
1.3 22.8123436491537
1.31 20.5389716327429
1.32 4.01811058111363
1.33 29.2744867525209
1.34 -4.48517720989919
1.35 21.4564665703684
1.36 11.8218050469516
1.37 19.8154948600668
1.38 -1.2553334880096
1.39 24.9877232520747
1.4 6.06526255257797
1.41 13.8509247356028
1.42 27.3753517814396
1.43 16.612757638622
1.44 5.97561413769454
1.45 -0.258535851603067
1.46 0.940692975756695
1.47 3.7467169534128
1.48 16.8875557658791
1.49 21.0692775476932
1.5 19.5080955480739
1.51 14.7375300908809
1.52 6.15962615651646
1.53 15.4726331666844
1.54 10.8429024420365
1.55 -6.42910019678515
1.56 8.72849786220958
1.57 25.3884981715592
1.58 22.6603899698527
1.59 4.41685653386885
1.6 20.3887419348612
1.61 7.68362035954667
1.62 21.842922681873
1.63 24.7475567888324
1.64 29.0543815882611
1.65 3.25185759224619
1.66 9.99348357385255
1.67 16.8675193442103
1.68 28.0980043478338
1.69 18.3915441696122
1.7 17.7086571942842
1.71 15.9342023986249
1.72 13.1017751763679
1.73 22.7822528528298
1.74 -1.47301059486838
1.75 8.24254863464465
1.76 2.2230363037731
1.77 16.8617570640925
1.78 11.7231405093272
1.79 11.8847870035204
1.8 8.15277626790406
1.81 -5.40558180620697
1.82 9.12750605707808
1.83 19.3911230737117
1.84 20.9152698713233
1.85 9.92309686858878
1.86 -3.83490576449691
1.87 8.8472393811211
1.88 15.360033996093
1.89 3.81409292959886
1.9 28.3711511846252
1.91 20.8472900305035
1.92 14.0330031901573
1.93 14.0194363539607
1.94 14.5662744440835
1.95 7.05145278181673
1.96 31.2866374829185
1.97 10.6104429754357
1.98 5.51032274772258
1.99 30.936905079125
2 27.1627906146528
2.01 48.4603873906189
2.02 26.5532338798298
2.03 17.5597291269341
2.04 10.5749033482228
2.05 13.1759157945083
2.06 3.46282061944241
2.07 6.30468763624319
2.08 28.1456498274756
2.09 26.9469173473255
2.1 21.0864999787546
2.11 8.82497386199703
2.12 23.1581420566358
2.13 17.0371930374292
2.14 -7.75002617262325
2.15 6.87224151505185
2.16 11.6641096442105
2.17 12.8098063751892
2.18 30.8541152157698
2.19 -6.19363841036029
2.2 26.4058132439732
2.21 17.4801604945225
2.22 23.5199591583642
2.23 14.1235498138266
2.24 7.14125562402901
2.25 20.20798263149
2.26 32.4829657188949
2.27 33.7604787201198
2.28 4.68450085580157
2.29 -1.68566456862338
2.3 7.45476622067119
2.31 24.6903800928942
2.32 15.4800315486317
2.33 30.7894309484409
2.34 24.4945904663054
2.35 32.9880077546544
2.36 26.364883922848
2.37 8.41804425950013
2.38 17.2653047887921
2.39 14.5300651437996
2.4 37.9002069213902
2.41 -1.25753918958423
2.42 12.1481698050639
2.43 8.08633413212453
2.44 19.5573167943168
2.45 32.2729193746949
2.46 22.7696286790605
2.47 22.4061986720321
2.48 9.28237646672691
2.49 12.6611381272222
2.5 23.013831983816
2.51 14.139071941913
2.52 17.8234003552752
2.53 2.82548341031166
2.54 3.22246205408352
2.55 4.8592640316019
2.56 31.8690062684775
2.57 1.05312557725325
2.58 20.014379075436
2.59 17.9084500146923
2.6 20.6550225041135
2.61 31.035015148879
2.62 27.3250417359882
2.63 36.1194226092316
2.64 17.4128097871396
2.65 23.75096238579
2.66 25.5740794597451
2.67 13.593384978129
2.68 24.077505280541
2.69 15.3465038964562
2.7 0.751583933494452
2.71 30.580022254005
2.72 28.5348753238224
2.73 9.75567543445925
2.74 8.46728254289705
2.75 23.3704030518463
2.76 9.47500776220939
2.77 6.53129513072445
2.78 20.7650413032209
2.79 16.0833247030075
2.8 31.2414580435804
2.81 25.1521712740441
2.82 10.1784434686678
2.83 15.31255982573
2.84 19.1284423631566
2.85 33.9229500882462
2.86 24.3292788919594
2.87 33.8608682410088
2.88 30.5170113913559
2.89 21.953536086053
2.9 14.3107016060352
2.91 27.0018159197249
2.92 21.7222800113188
2.93 29.8210245245897
2.94 21.9259940116506
2.95 25.2856448174275
2.96 12.6644951703564
2.97 19.2543334047897
2.98 32.2754820351666
2.99 22.3682891860171
3 22.4508292282885
3.01 -1.41566234483894
3.02 31.3656565561216
3.03 32.9546113346628
3.04 33.2933322117817
3.05 25.5519709825035
3.06 7.82747163638223
3.07 27.5945972531976
3.08 23.3104758979218
3.09 24.5630786051254
3.1 4.34844825462551
3.11 15.3602240773318
3.12 24.299348758277
3.13 14.7259519437226
3.14 13.6928808547812
3.15 34.304717417579
3.16 11.7050748746474
3.17 18.0465522180181
3.18 22.2379934888398
3.19 37.4386284494776
3.2 8.42577673871967
3.21 25.9776790528307
3.22 14.9168740865357
3.23 0.956925229605371
3.24 25.6121835322236
3.25 10.4973490179204
3.26 8.70932120073173
3.27 14.8362220312822
3.28 10.8599688669221
3.29 -3.64930011777642
3.3 24.9553992287137
3.31 25.9889124638453
3.32 26.2614984294369
3.33 7.2457739099893
3.34 28.2784910268976
3.35 18.3307857391572
3.36 35.7247724466706
3.37 14.8771139249983
3.38 32.5395401196561
3.39 18.2830509201513
3.4 26.9260489687579
3.41 21.2467312588925
3.42 -1.78181382275782
3.43 33.80634608988
3.44 26.948978812717
3.45 13.4029980575358
3.46 18.4190329892509
3.47 8.93439081272401
3.48 16.1153766215149
3.49 6.72739690371506
3.5 29.9936087242125
3.51 23.4513384079403
3.52 22.2792150075101
3.53 20.6674200644453
3.54 23.3357601892122
3.55 3.05114762095254
3.56 38.5044480126485
3.57 27.8998147765688
3.58 34.4532481201884
3.59 29.5697457198725
3.6 21.2655787435196
3.61 15.4812606980449
3.62 33.0700367507902
3.63 15.9341459327204
3.64 23.4513090860754
3.65 27.2351038207386
3.66 34.013400065285
3.67 20.6789297693149
3.68 25.8348566228805
3.69 27.3668210290853
3.7 15.0414594880179
3.71 4.54060736531185
3.72 36.7325332196865
3.73 3.89655319796404
3.74 24.5758884701566
3.75 39.6203375762944
3.76 27.5876894943542
3.77 25.9760101316349
3.78 10.6330334342593
3.79 53.5343063517651
3.8 41.5400676679238
3.81 26.6682784328389
3.82 32.0723414613195
3.83 40.6340314635085
3.84 21.6092165929165
3.85 42.7658516954337
3.86 32.7541207983684
3.87 16.8268161063273
3.88 23.1688759169236
3.89 9.31205639808015
3.9 36.8631030361751
3.91 16.3185545056366
3.92 20.9477839534866
3.93 45.2702335260667
3.94 19.8018234632611
3.95 15.6308572383753
3.96 32.0179084276529
3.97 41.11159095072
3.98 39.4992554885328
3.99 16.197219261234
4 12.7395675730796
4.01 16.4733551098579
4.02 30.1897592233627
4.03 24.832627587246
4.04 18.6932255722388
4.05 34.4759924331064
4.06 26.1340381016574
4.07 30.2632342195351
4.08 30.3304032260543
4.09 25.2136734214707
4.1 51.3157578994412
4.11 27.7830495939462
4.12 31.6078780497723
4.13 28.3461588953324
4.14 41.8826423100968
4.15 31.604542100216
4.16 7.79203711527483
4.17 32.7204786373308
4.18 34.8453149384255
4.19 35.2416719244762
4.2 23.4205698943759
4.21 41.203538962924
4.22 20.1281578793531
4.23 42.5639458863514
4.24 37.8454658125111
4.25 25.1080472686349
4.26 14.4225937731572
4.27 17.8569041966949
4.28 26.2406145009375
4.29 27.8962931686595
4.3 18.3774099596997
4.31 19.2955561474242
4.32 20.2495039843647
4.33 26.8061209186743
4.34 28.6519139953434
4.35 21.8605833197252
4.36 34.2424033953401
4.37 48.3170367897895
4.38 32.0241389501749
4.39 13.3506429148024
4.4 29.9914909110728
4.41 27.8128100455815
4.42 18.5810102309198
4.43 20.5869827343692
4.44 35.4418040610265
4.45 35.5573970691714
4.46 39.9244802239971
4.47 24.7601195131265
4.48 36.7761917351542
4.49 25.924918055023
4.5 8.69721744551871
4.51 45.9904216396468
4.52 15.9980952599433
4.53 21.1911082837317
4.54 38.7885051491671
4.55 22.760454079387
4.56 37.6819409893116
4.57 32.0990022985059
4.58 24.115830309143
4.59 34.7934838951317
4.6 21.6405089179054
4.61 12.3064225283829
4.62 33.8241652745997
4.63 23.1600203185795
4.64 30.7489184206429
4.65 33.2583165093594
4.66 45.1082453733941
4.67 42.0889096182788
4.68 12.4152101741461
4.69 15.1384106228014
4.7 33.8635239189612
4.71 42.7244208937775
4.72 23.7582310452202
4.73 23.0204640021178
4.74 27.7256201776609
4.75 43.4472370970996
4.76 43.5150332332826
4.77 38.2033665771297
4.78 42.717021624542
4.79 26.2093301598992
4.8 24.3838870951529
4.81 40.1406805046863
4.82 16.8753204603685
4.83 18.9604071535351
4.84 32.5995521575814
4.85 36.2617752750685
4.86 15.9276410426309
4.87 45.6444742282252
4.88 20.220407799937
4.89 37.5696386599205
4.9 26.9033384073773
4.91 18.48776633129
4.92 36.0170936380448
4.93 23.1040751830404
4.94 24.9872928055323
4.95 34.0740099437319
4.96 42.8014818230602
4.97 37.9147492211819
4.98 29.1447334554041
4.99 23.5729330523457
5 20.1817167194563
5.01 26.5416923251108
5.02 34.2077409779185
5.03 21.4714360292488
5.04 29.1526053824099
5.05 26.599817019365
5.06 30.7141858691766
5.07 37.8557478607459
5.08 9.80508624983206
5.09 15.0152912777949
5.1 13.5803128991173
5.11 21.6616695548711
5.12 37.4956418996482
5.13 28.631631181
5.14 54.9873180963942
5.15 26.0779262109163
5.16 26.0846171171447
5.17 31.495579138002
5.18 29.5116908798361
5.19 36.5434075873521
5.2 31.6111290732656
5.21 15.2771056817953
5.22 27.7044543929243
5.23 41.7660372349647
5.24 27.7362617376496
5.25 42.3397683286091
5.26 42.6748752891637
5.27 34.8500834255883
5.28 29.243781893437
5.29 30.3187908395857
5.3 14.9790280641214
5.31 31.8915352665788
5.32 21.6060933850064
5.33 24.0700968609446
5.34 33.0252697367408
5.35 37.4807143829934
5.36 47.3377594714345
5.37 40.140190707052
5.38 43.6387031625614
5.39 21.8214325655751
5.4 44.0960732491046
5.41 27.1775832563622
5.42 34.3090208204475
5.43 11.3903503470591
5.44 37.5713773145964
5.45 34.0487770179236
5.46 42.9743086919852
5.47 33.052948210223
5.48 48.8281589900033
5.49 24.9837697653586
5.5 34.3366208415819
5.51 27.6164849888771
5.52 43.6925587828206
5.53 33.2407811099352
5.54 60.3550913009608
5.55 33.852090151039
5.56 34.6428064222384
5.57 19.5370519924457
5.58 61.0306482455534
5.59 21.00689226515
5.6 29.7983944568532
5.61 32.9975939615923
5.62 56.3718624996051
5.63 25.2566310228869
5.64 25.21490081981
5.65 37.0505335199915
5.66 37.1166774782984
5.67 40.9438048641361
5.68 41.7695178238224
5.69 24.2977193607277
5.7 40.6413173190869
5.71 33.4819479556847
5.72 37.2036723256873
5.73 35.1528418881496
5.74 36.6269480410319
5.75 44.4971300847288
5.76 26.8741696561245
5.77 26.0447778010508
5.78 37.0022188632927
5.79 35.86890223272
5.8 30.1966879636053
5.81 33.6218448461465
5.82 28.3852963585477
5.83 21.3451098182625
5.84 22.1108692301049
5.85 29.0378197729404
5.86 33.6016132345442
5.87 14.4996108781929
5.88 23.7027522399259
5.89 34.4005196242573
5.9 42.3720653221898
5.91 48.5598373315455
5.92 29.873319445705
5.93 21.8722548330975
5.94 24.9083511298822
5.95 33.4798654432952
5.96 32.0764662712024
5.97 40.2952516308861
5.98 51.0549848534623
5.99 34.6781083144595
6 42.1275358497811
6.01 37.119064739571
6.02 43.9177668690958
6.03 22.1111422114516
6.04 29.2949277982739
6.05 56.9772379303616
6.06 24.3221125147023
6.07 32.8034191360537
6.08 27.6057409127671
6.09 40.3800376013812
6.1 39.3115378705065
6.11 31.0217087707323
6.12 24.6623691295694
6.13 35.7030849935791
6.14 41.4407853482771
6.15 35.9275847764792
6.16 40.5090525430249
6.17 45.936384884157
6.18 29.5023897624278
6.19 22.1951132971316
6.2 15.2834766329532
6.21 36.3957061009038
6.22 18.4371985038211
6.23 30.3225745553579
6.24 55.9392162596276
6.25 21.4009191887066
6.26 43.4630188608978
6.27 27.807688403173
6.28 24.5454847452034
6.29 42.161971418821
6.3 26.1855759892097
6.31 45.7332439008144
6.32 24.76149336455
6.33 37.4084104477374
6.34 27.4728605660118
6.35 40.7121573356606
6.36 33.090746000936
6.37 19.1890456554525
6.38 38.5701066345018
6.39 27.7183383566638
6.4 12.6953760810209
6.41 52.8173308085053
6.42 30.9535373046447
6.43 46.6073051532567
6.44 36.8577128403447
6.45 16.068198355848
6.46 43.4301768620625
6.47 43.5905995286803
6.48 61.4459250435922
6.49 24.7813062453348
6.5 39.9651147502903
6.51 39.1728651388291
6.52 43.3944396045041
6.53 27.5504957959663
6.54 26.556945173293
6.55 36.3809677150575
6.56 18.781094246028
6.57 39.1909072910111
6.58 32.5982084716041
6.59 39.4816817361696
6.6 45.7328653714725
6.61 34.817187132
6.62 32.2170061724329
6.63 57.7194069455047
6.64 22.8448450515027
6.65 39.2388390085345
6.66 42.6112339152401
6.67 40.5745962802114
6.68 51.1272445689407
6.69 15.5618390446499
6.7 44.1282698995711
6.71 40.3456562643698
6.72 58.8959827875258
6.73 33.1870165732293
6.74 47.925891267712
6.75 12.1649473026998
6.76 26.8301770919564
6.77 28.3340821827902
6.78 49.5729091886382
6.79 27.5128721064474
6.8 21.8222230473073
6.81 35.3838179832707
6.82 32.9643889792762
6.83 28.8812432262804
6.84 58.0992324863972
6.85 36.9677212615736
6.86 33.0593294506523
6.87 40.483034155871
6.88 41.669226183611
6.89 36.7376943718305
6.9 55.0641029778968
6.91 54.6927392187679
6.92 35.5587722064236
6.93 19.7583464685164
6.94 51.1960621186573
6.95 55.7422004620694
6.96 34.971505926767
6.97 47.3020262382726
6.98 43.1578593399618
6.99 38.8692249933209
7 45.2417058954011
7.01 46.7948005185794
7.02 45.3660458951512
7.03 38.4699776588029
7.04 27.2715419512671
7.05 41.5939064897401
7.06 26.7866980481565
7.07 38.9392262417667
7.08 48.1504257065145
7.09 32.5398875357397
7.1 46.2598155258961
7.11 45.3488689545805
7.12 49.692102698978
7.13 26.925488130164
7.14 32.5642959444296
7.15 28.9986485753658
7.16 37.4283263875024
7.17 38.3903331567279
7.18 40.2212372743808
7.19 46.8966142434501
7.2 61.4133037310713
7.21 41.8046552439858
7.22 51.8503509611895
7.23 35.939669873277
7.24 38.0740034851764
7.25 51.9347290439376
7.26 16.3201143061937
7.27 42.0250410121514
7.28 30.5832037153079
7.29 53.3357052264652
7.3 26.9611277510561
7.31 53.4426849610599
7.32 44.0356444918426
7.33 36.3761369865203
7.34 48.1462702187458
7.35 33.6019218019678
7.36 36.4878716767529
7.37 46.7805346345459
7.38 38.7701535598558
7.39 49.7117240334391
7.4 30.0004416519117
7.41 63.6316550023351
7.42 27.6882513581156
7.43 51.5358762459407
7.44 53.5916546735193
7.45 36.2199471421576
7.46 44.8624586883488
7.47 46.858200436887
7.48 25.1726683631469
7.49 47.5435817166175
7.5 33.8124458465434
7.51 47.4359010858114
7.52 43.0374457009276
7.53 15.8458497149148
7.54 34.7683260851404
7.55 26.8450707916711
7.56 37.6103621612393
7.57 42.6944339138697
7.58 25.9492484547815
7.59 40.5079618736303
7.6 50.3874303662933
7.61 48.9860166241327
7.62 41.8091267930451
7.63 54.5599896508366
7.64 51.4719070695507
7.65 44.4601681940346
7.66 37.6084672039895
7.67 40.0294713366495
7.68 57.7984349372454
7.69 47.444868022879
7.7 28.7057762837429
7.71 62.0629354559599
7.72 64.074183268228
7.73 48.936251821346
7.74 38.1423517213688
7.75 44.7959647060194
7.76 49.4771043732227
7.77 36.9395837577041
7.78 46.9137851627883
7.79 55.9243067279671
7.8 44.6680648623251
7.81 45.2689834358904
7.82 49.0784147136775
7.83 46.4738734417384
7.84 54.7514688271905
7.85 36.2822272960581
7.86 51.6035763360457
7.87 44.152385351774
7.88 54.8184206734766
7.89 39.8316911439014
7.9 44.8462350216376
7.91 46.9386836003649
7.92 64.739255089571
7.93 55.5767709518886
7.94 42.8935351608281
7.95 42.0956166654857
7.96 53.7337253247982
7.97 54.5010802005472
7.98 34.3421834443035
7.99 41.3343726824087
8 46.0565512330407
8.01 48.3429049233816
8.02 50.0728530512637
8.03 45.4431142011321
8.04 61.9929226352015
8.05 55.5350202311139
8.06 55.4848324210203
8.07 48.6876743658672
8.08 34.5439069480122
8.09 50.2440354772686
8.1 55.386615522472
8.11 42.8618065072224
8.12 44.5567288008039
8.13 44.8042652599769
8.14 35.9197200767312
8.15 53.9281478173834
8.16 59.3139339935954
8.17 29.9942211862631
8.18 42.5578482312418
8.19 51.4910733028688
8.2 33.8892946249543
8.21 36.3258868159955
8.22 45.9540486537371
8.23 44.9130249099686
8.24 63.3404663064447
8.25 53.7162047176223
8.26 49.395661706093
8.27 53.5328770252331
8.28 46.1890489380254
8.29 53.1412033903097
8.3 32.4094080425873
8.31 51.9844645041683
8.32 32.471141742668
8.33 26.9557827528079
8.34 73.1226828148495
8.35 46.0759290742076
8.36 50.990459077779
8.37 61.4300349912715
8.38 30.8354983602139
8.39 59.3501813614806
8.4 47.2802436393
8.41 53.0755009222642
8.42 50.2187552757038
8.43 35.9786849106711
8.44 49.6356626726697
8.45 46.6481532994849
8.46 36.0449702527013
8.47 49.8242696535552
8.48 36.720900211953
8.49 52.5254648722526
8.5 42.4651346362132
8.51 55.5751739048928
8.52 52.1062517899391
8.53 51.4522576822838
8.54 49.2577622114122
8.55 51.8098468457432
8.56 61.4033916565245
8.57 54.6519354310516
8.58 37.5278748409665
8.59 39.3796620184851
8.6 32.8490761886804
8.61 39.8198854061735
8.62 49.2610918674861
8.63 49.6970001966076
8.64 42.8246506573948
8.65 50.0102748985019
8.66 42.4166875107131
8.67 45.3364755229385
8.68 54.4331519846645
8.69 38.6913226076523
8.7 24.1009053907837
8.71 43.6085430365255
8.72 54.0488502446316
8.73 48.3607604916848
8.74 32.7674374520437
8.75 35.3358748775962
8.76 41.7568559299819
8.77 40.1193040721048
8.78 50.2897005382393
8.79 56.6789740917297
8.8 46.1992731827698
8.81 48.9491667374332
8.82 65.848851971764
8.83 56.4228189711586
8.84 49.946608708844
8.85 50.2241902139115
8.86 64.8824760034692
8.87 53.131418847348
8.88 43.2019183930007
8.89 45.0423593236763
8.9 64.8651045438103
8.91 54.8813935995837
8.92 35.0691880144353
8.93 56.1991255263771
8.94 52.5596022646104
8.95 62.4472072148833
8.96 46.703229761929
8.97 44.908279373066
8.98 43.9648212378795
8.99 58.1119234999741
9 52.976286457328
9.01 59.4787434148337
9.02 40.1747392720737
9.03 39.3561759876137
9.04 39.5883774099475
9.05 32.9016762650392
9.06 47.4277231847401
9.07 59.8043710231264
9.08 53.5547857523124
9.09 68.3820659690603
9.1 48.6386200323074
9.11 52.9586715948891
9.12 62.0535186335908
9.13 50.7874766198657
9.14 39.6661612613687
9.15 41.0507479619093
9.16 75.389606545726
9.17 40.8654941361679
9.18 73.4079590830622
9.19 40.011025906775
9.2 59.2736220644407
9.21 58.8642587398626
9.22 55.3844433705093
9.23 51.487715978105
9.24 43.1313328321923
9.25 67.6481408613016
9.26 52.4455527042363
9.27 35.67110473016
9.28 47.8770666237045
9.29 52.8024372878577
9.3 73.2938505972976
9.31 43.007066852906
9.32 42.6218032683667
9.33 53.5787390797482
9.34 66.3805029928788
9.35 56.5995756682537
9.36 53.6663316713922
9.37 69.208983485168
9.38 53.7283681724175
9.39 47.3474088609909
9.4 52.2090638808336
9.41 59.7678581664251
9.42 65.9082900578548
9.43 41.8910253645707
9.44 67.9996089897597
9.45 45.9507413561599
9.46 41.3320614083565
9.47 61.6119255386105
9.48 61.8686047796927
9.49 47.9322834268133
9.5 33.0581162322953
9.51 60.5353554651795
9.52 55.7423147901545
9.53 43.667382142618
9.54 42.4351768637522
9.55 50.4908350154878
9.56 42.1831668213489
9.57 37.066916972023
9.58 53.499033624394
9.59 63.7817462078927
9.6 28.7515559242863
9.61 47.1305362015306
9.62 48.1665651874813
9.63 55.1463116709947
9.64 50.7408297933207
9.65 47.0096502063746
9.66 40.1899214927932
9.67 54.4364805763853
9.68 68.5228177077944
9.69 68.8608221000214
9.7 61.0519605797443
9.71 70.1199770078575
9.72 41.9243288962211
9.73 57.2420901957674
9.74 57.4470704407791
9.75 55.1962943259509
9.76 43.0223537502579
9.77 54.342772163487
9.78 72.2463028777926
9.79 69.6500035280618
9.8 62.877824068568
9.81 48.1123272175405
9.82 58.9198010964237
9.83 71.2353270644106
9.84 51.5066681544773
9.85 63.3701272101746
9.86 45.8426029156768
9.87 32.106264860816
9.88 56.8109229782133
9.89 65.3751083973314
9.9 48.9534589508266
9.91 47.3847211711124
9.92 65.3439528978707
9.93 57.1882897882741
9.94 50.8778579637988
9.95 59.3255888058914
9.96 64.2335547098869
9.97 50.0869166311997
9.98 54.6508352356522
9.99 63.783730186693
10 71.8103383541182
