0.01 16.5749010522964
0.02 4.94228292164914
0.03 -4.23942788043586
0.04 8.60979542236604
0.05 6.76694419176525
0.06 10.7521977116856
0.07 13.2853606346701
0.08 -13.8939022328915
0.09 5.59085926282876
0.1 0.550269255617974
0.11 2.20129795558897
0.12 -2.97162110269581
0.13 29.3321472875847
0.14 10.1240524072874
0.15 12.0804064876098
0.16 -3.8726672487409
0.17 25.3284851678176
0.18 13.8638941992879
0.19 -13.9276237088514
0.2 17.0709666437666
0.21 11.497739095499
0.22 7.60457177399572
0.23 2.8936530014601
0.24 -4.59136085627326
0.25 16.7319996371917
0.26 10.4883114988981
0.27 11.9220462240193
0.28 -13.1205413742157
0.29 5.28581419811546
0.3 10.1553187284156
0.31 7.2130597058385
0.32 -6.73529227577767
0.33 -12.465225886005
0.34 30.2183123378844
0.35 17.9684429596915
0.36 -9.94685084365171
0.37 -7.86828450989409
0.38 0.284817369330918
0.39 13.2280436038791
0.4 4.67483949118304
0.41 15.2211647656865
0.42 8.386940273849
0.43 1.93723242351451
0.44 1.67065377299462
0.45 2.09295874052871
0.46 13.7549182975262
0.47 5.97595177328038
0.48 20.7229515068933
0.49 14.1263665904416
0.5 -0.0238055454474075
0.51 2.62558429603164
0.52 -4.60267262134022
0.53 35.2320369164499
0.54 4.62372956156194
0.55 -7.16422425449982
0.56 20.7336737469226
0.57 4.10396301574283
0.58 11.2117713462651
0.59 36.531485310856
0.6 29.7002615497322
0.61 26.0637204251353
0.62 7.91786612446329
0.63 -23.7576782227266
0.64 7.36717594604335
0.65 -16.8251521612551
0.66 11.5569278071441
0.67 12.0367822685095
0.68 15.0500701390233
0.69 26.1720542402828
0.7 0.0324787574432337
0.71 -8.93530508107142
0.72 18.2626434200348
0.73 0.144592098052483
0.74 2.80749812168642
0.75 15.8454322172105
0.76 -4.43538347218578
0.77 26.2989032032209
0.78 -7.38990826019667
0.79 0.451265415193111
0.8 23.4457449281548
0.81 9.48365297064884
0.82 -1.764446393797
0.83 20.2092473382055
0.84 -2.66898477158403
0.85 27.6215603157924
0.86 17.627311428232
0.87 19.3529546165652
0.88 10.9573979341051
0.89 5.40118888175347
0.9 -9.01781961575328
0.91 10.3275845113072
0.92 0.56235617764984
0.93 -1.01708487894442
0.94 -10.0359350487728
0.95 -1.45433930740649
0.96 16.8023593585004
0.97 -1.79080113524893
0.98 12.2805396254361
0.99 12.2914435779781
1 23.8878650060008
1.01 -3.93593213042903
1.02 10.3596752255603
1.03 -1.6519831261932
1.04 32.2784362593351
1.05 12.05234857632
1.06 6.07195536706332
1.07 2.2724546416207
1.08 29.0034428894271
1.09 0.314395233285855
1.1 -4.80236341886873
1.11 -15.9764233213285
1.12 14.4609251964644
1.13 16.0987123769491
1.14 12.0314505087179
1.15 16.8181650475948
1.16 6.9540474600742
1.17 16.4482550783894
1.18 2.7320215176828
1.19 -3.36416665613549
1.2 26.7382553500149
1.21 21.8822599334175
1.22 5.78608309675844
1.23 20.4841773498982
1.24 8.39604770323006
1.25 11.2451370165771
1.26 11.8660465382841
1.27 24.4819086015019
1.28 18.0561085023907
1.29 20.9170216786882
1.3 2.97622380795142
1.31 15.6664790407565
1.32 12.4230519857534
1.33 7.96197254699353
1.34 28.4661442816545
1.35 -5.83742912595957
1.36 26.649625380925
1.37 5.5192568032282
1.38 1.17432931297247
1.39 6.27832631203867
1.4 27.3957449645415
1.41 27.625784312601
1.42 4.76792105067721
1.43 5.30946539988572
1.44 18.9377554450848
1.45 16.9796738444554
1.46 4.38026067061392
1.47 30.7402106472195
1.48 12.0303782024012
1.49 24.2154936815405
1.5 13.3299521134131
1.51 -1.05481235122904
1.52 17.7605633115598
1.53 28.5403417244582
1.54 14.9176096657088
1.55 2.15266608652851
1.56 10.5921254572536
1.57 -4.40229532414608
1.58 -6.07777615792929
1.59 16.7083673836702
1.6 15.3169371486182
1.61 17.3056881394861
1.62 16.2715574538494
1.63 24.2289612431127
1.64 25.0001691165982
1.65 12.6984001931078
1.66 14.0220639707332
1.67 13.6481927658627
1.68 -3.98187345808061
1.69 21.7186263302834
1.7 2.73114881815316
1.71 26.2944971084573
1.72 19.0798607787675
1.73 16.6591391973404
1.74 20.4891621078358
1.75 -2.64833566454612
1.76 18.8390571750234
1.77 4.50157999695879
1.78 8.72551779684051
1.79 -1.00880262737459
1.8 -4.21767065001082
1.81 13.2731093201722
1.82 -2.51639183312303
1.83 18.4150474482285
1.84 23.4748545586829
1.85 19.0510479080516
1.86 11.5295314995156
1.87 16.1031749502447
1.88 10.2381854313872
1.89 28.5871858977675
1.9 9.30784414871431
1.91 26.0728689331141
1.92 7.41650164279955
1.93 10.0065080542097
1.94 12.2901072623214
1.95 38.6189748171959
1.96 19.292547804775
1.97 26.8474465499954
1.98 3.59601601878192
1.99 21.3972116340212
2 20.8724097149293
2.01 29.9009266934853
2.02 17.6026873162368
2.03 21.4655109563436
2.04 14.57794677047
2.05 2.51903373261175
2.06 35.9715064753852
2.07 14.8987078633687
2.08 14.4861903037246
2.09 14.4347801174806
2.1 -1.16210993556534
2.11 14.1884076982901
2.12 15.0665463231462
2.13 21.3940962036422
2.14 12.2047176625232
2.15 18.1182186014046
2.16 38.3870596947429
2.17 6.18602149822321
2.18 22.9880122277902
2.19 21.2800325505369
2.2 14.2217083469608
2.21 22.9419975973882
2.22 28.0362939545028
2.23 5.84180037274337
2.24 20.4845777614771
2.25 8.52931821472672
2.26 7.16530111561507
2.27 19.7909687385786
2.28 0.462080219322115
2.29 12.401576023374
2.3 9.31629718822127
2.31 4.40262421462367
2.32 8.22803072218299
2.33 14.4450373225963
2.34 17.1614610513444
2.35 18.9080869796462
2.36 19.4070477781951
2.37 12.8153420344928
2.38 18.5403020993407
2.39 23.4660836917007
2.4 5.13679173237251
2.41 23.5899811685325
2.42 0.863189100808533
2.43 29.0237937472689
2.44 9.73166906181916
2.45 12.4581638677296
2.46 17.8691639943738
2.47 32.1128292655638
2.48 18.649495541683
2.49 20.6694088475385
2.5 2.27835492106039
2.51 7.20306452972711
2.52 34.8300786477731
2.53 20.4012998046347
2.54 19.403461977409
2.55 15.8439182018178
2.56 11.1824276283329
2.57 27.7633697913812
2.58 8.40524028438719
2.59 12.9814985075512
2.6 2.39630304931978
2.61 25.8217395787344
2.62 8.0296048390497
2.63 8.1113092674407
2.64 14.650850824676
2.65 33.1347719196876
2.66 5.09662508556283
2.67 24.7610510746733
2.68 7.98489808475262
2.69 8.51344837435726
2.7 7.03793901760303
2.71 30.9319235485392
2.72 13.1098686682431
2.73 7.49731373991913
2.74 20.1204221938229
2.75 36.8166584399087
2.76 25.9666937258552
2.77 10.4044095838911
2.78 23.7141227128633
2.79 23.7863480604058
2.8 11.8468244881274
2.81 21.453589854936
2.82 24.281388659445
2.83 19.0908619134778
2.84 5.82352753933184
2.85 25.1422405620901
2.86 22.3391358696988
2.87 42.4735136502292
2.88 16.625147464723
2.89 27.7644349652705
2.9 18.4620330430805
2.91 7.67362212445161
2.92 28.2092388665596
2.93 40.6275743201518
2.94 5.02177557466073
2.95 9.84383849739108
2.96 25.4195164121859
2.97 30.4989856204427
2.98 13.6204546040526
2.99 18.9786121735319
3 17.3259467799138
3.01 29.3351284575569
3.02 22.3475881508871
3.03 20.6172142310659
3.04 52.2830450392428
3.05 21.5228804030944
3.06 15.0355002416831
3.07 11.4193500528671
3.08 23.2532733458909
3.09 20.0798461646529
3.1 24.1577997754131
3.11 -7.91122119396602
3.12 31.5881535373108
3.13 9.29617184311718
3.14 9.13172914604138
3.15 10.3869183495024
3.16 30.8498769105904
3.17 13.4473375925394
3.18 21.9523292250776
3.19 42.5700406919353
3.2 51.208884954298
3.21 34.2547764448464
3.22 12.4731956030403
3.23 31.1057856069338
3.24 23.8489385599346
3.25 36.1221496785449
3.26 25.0935595422644
3.27 9.25786204769505
3.28 19.1095600132151
3.29 27.6390164477379
3.3 11.4148433039199
3.31 11.8572319633465
3.32 -9.7542302945605
3.33 20.618074599334
3.34 23.1747110104523
3.35 22.2882729370039
3.36 22.9070251760831
3.37 31.0163573343826
3.38 19.7855275005163
3.39 44.7751944041297
3.4 17.6615164130798
3.41 28.7563207792663
3.42 19.7239351521323
3.43 18.947417781537
3.44 41.9797579374839
3.45 25.1306183928547
3.46 13.3673744512908
3.47 30.2041511735266
3.48 13.0360855057996
3.49 16.3624163772748
3.5 17.8917101271672
3.51 15.9527933941734
3.52 13.9306385936327
3.53 23.0131240906298
3.54 14.5955990628058
3.55 24.2470668104361
3.56 30.3978701869018
3.57 21.4366189075496
3.58 23.2332281680457
3.59 14.8864766108751
3.6 50.3093463129178
3.61 17.9178655518518
3.62 26.7575482026359
3.63 48.3781282328088
3.64 14.0557996021431
3.65 15.1505123647606
3.66 25.9985516832084
3.67 12.8458569705494
3.68 21.8932165657323
3.69 29.7710366992529
3.7 22.746303111128
3.71 15.1899860373652
3.72 12.2006871594965
3.73 26.7181682913794
3.74 27.226807865744
3.75 39.0546064652879
3.76 29.9094918155624
3.77 38.632172403053
3.78 36.79850519999
3.79 22.1890204894052
3.8 26.806721002358
3.81 2.58227771309445
3.82 22.5796585020936
3.83 12.2441029413409
3.84 26.3689837879853
3.85 17.2990356091986
3.86 36.6323554762252
3.87 26.686457044931
3.88 37.8345271407471
3.89 27.733615080314
3.9 36.3116372273266
3.91 30.0088970284525
3.92 13.5861720174327
3.93 22.9855309054853
3.94 29.9624117228157
3.95 10.2604901050722
3.96 34.8121948858108
3.97 27.2552281294726
3.98 24.8455412526085
3.99 12.141201791133
4 32.4977504150552
4.01 13.3039570591433
4.02 23.2765016679017
4.03 31.3640394647242
4.04 31.711157153607
4.05 18.4221474917856
4.06 17.1913166419878
4.07 20.6987533517529
4.08 16.9942092381539
4.09 30.3845790910818
4.1 28.3256079044641
4.11 20.3354204053775
4.12 22.4807470830964
4.13 40.0163005630182
4.14 12.8432623440937
4.15 23.0128978695343
4.16 17.3859930293565
4.17 33.5579786914803
4.18 40.6148208697319
4.19 28.8682538845957
4.2 18.9802944728188
4.21 40.7711183565185
4.22 25.3566073215262
4.23 37.520602000296
4.24 9.79483371592968
4.25 34.7646051925554
4.26 15.826682305742
4.27 23.5131176765874
4.28 14.3620117820725
4.29 25.0012367268767
4.3 29.1201867240568
4.31 43.2750147425458
4.32 19.8374641557745
4.33 3.6738274843725
4.34 36.7662117830191
4.35 30.7525515857644
4.36 23.8561991631197
4.37 46.6809566214727
4.38 28.1360161900282
4.39 20.0276882501521
4.4 20.9990935010517
4.41 27.9247223138236
4.42 40.0921127406548
4.43 39.102802570255
4.44 23.0433957865028
4.45 6.17830401583144
4.46 9.46279418779391
4.47 30.4881669323502
4.48 29.5005541070511
4.49 28.0522470445206
4.5 19.0899759202389
4.51 31.4909603747696
4.52 12.3879294222649
4.53 19.9657727289231
4.54 29.7695470838185
4.55 36.9116568310281
4.56 34.5376546033457
4.57 42.664057607066
4.58 38.5122853703648
4.59 40.3923515990418
4.6 30.8398529563325
4.61 33.540491022794
4.62 18.1598796608231
4.63 53.9670628791264
4.64 19.4702928384917
4.65 37.6035063033128
4.66 42.1040359947973
4.67 15.6981800703704
4.68 37.862892307108
4.69 28.6866820410618
4.7 31.3686381549896
4.71 32.0746508615298
4.72 31.7249621071207
4.73 34.524170245699
4.74 35.7389222530946
4.75 33.690690192606
4.76 49.2740883455873
4.77 37.3145330737148
4.78 30.3724140081975
4.79 31.0505101332552
4.8 29.0289236107557
4.81 34.7068271429209
4.82 21.0726913426568
4.83 28.414533255012
4.84 4.07087716234175
4.85 15.8160346555089
4.86 34.2063315046473
4.87 21.6324954324502
4.88 36.4354555558752
4.89 44.4693819579371
4.9 34.5860257901397
4.91 31.8170848190652
4.92 38.5645236029568
4.93 23.0906352876624
4.94 19.9112063303794
4.95 40.146566829093
4.96 36.7213187520805
4.97 25.8244233156276
4.98 24.8908149378153
4.99 21.297534626211
5 22.8695732543251
5.01 26.5665034545357
5.02 44.7741106314811
5.03 36.1129280947881
5.04 15.5680492298797
5.05 15.6196369056185
5.06 37.7029071400491
5.07 31.6421480424148
5.08 39.2047307509565
5.09 19.8725301651598
5.1 13.3150095689619
5.11 27.8040819196103
5.12 29.6651669155695
5.13 23.1631964941193
5.14 23.3143594250052
5.15 29.6063281108691
5.16 26.953421935313
5.17 43.782757351278
5.18 30.1152127349123
5.19 26.4336847676258
5.2 15.2707562097888
5.21 47.8860044384839
5.22 25.7124147418992
5.23 27.1690949118723
5.24 24.0905512591774
5.25 35.3583937400387
5.26 49.1949104057287
5.27 28.7240575343301
5.28 41.801109859826
5.29 41.6812378386706
5.3 43.8020222298374
5.31 36.1636045011719
5.32 18.3116836645337
5.33 14.3008223369246
5.34 15.8512928122747
5.35 34.7634975993385
5.36 39.0263540230054
5.37 28.3775874089447
5.38 37.2259420855538
5.39 22.8730493242313
5.4 19.5139277106637
5.41 8.21254276239647
5.42 33.3164136003506
5.43 27.8779636805395
5.44 36.359133585682
5.45 33.4004504922343
5.46 46.0277041343788
5.47 25.0767040972345
5.48 27.8448562464939
5.49 32.7471582389352
5.5 46.7580209419839
5.51 36.3908417347103
5.52 19.4248105036733
5.53 35.2839531318449
5.54 22.1495313053056
5.55 39.5984675408167
5.56 30.0301142246228
5.57 23.7643413359987
5.58 27.3452237239144
5.59 27.2925911209566
5.6 29.9840455917664
5.61 25.3215698015554
5.62 32.873699592522
5.63 30.580242447867
5.64 38.114861686157
5.65 40.7153059254704
5.66 27.76108730209
5.67 42.0058844128747
5.68 57.756439157646
5.69 14.6362709655941
5.7 43.5101317773641
5.71 37.019514076699
5.72 51.8149586063674
5.73 31.5682761921267
5.74 46.9826967859909
5.75 8.60985147951863
5.76 23.5623639930651
5.77 46.4291683441168
5.78 32.091192983958
5.79 33.9058819530028
5.8 28.7383523912579
5.81 45.8158018490637
5.82 33.2332966368938
5.83 31.4712571345471
5.84 31.6882718992648
5.85 43.1724261437588
5.86 39.1501751596373
5.87 15.8284023818069
5.88 16.9062337079253
5.89 19.0225373751627
5.9 32.6610882593116
5.91 40.7928647542066
5.92 31.8290609431112
5.93 31.6267426084309
5.94 21.879128086946
5.95 26.6846335880329
5.96 39.3255810119516
5.97 37.8414449726442
5.98 46.2948498764176
5.99 35.3346796884542
6 38.8275179628979
6.01 26.8644151394977
6.02 36.4519889758091
6.03 42.8766484615796
6.04 36.2748464276988
6.05 27.8869947862541
6.06 32.8640254129327
6.07 51.4594819618037
6.08 31.5241771358893
6.09 17.412890938157
6.1 43.8378870878622
6.11 44.2748022732325
6.12 61.8641130100306
6.13 32.9860262183787
6.14 24.8936473975255
6.15 28.4546388478587
6.16 31.8968590156568
6.17 39.7828619712171
6.18 47.6928431915283
6.19 35.66323442794
6.2 21.907640226431
6.21 38.41003455718
6.22 37.8414361980727
6.23 42.3562354911863
6.24 49.8646098977045
6.25 31.1793821161136
6.26 20.6609791398626
6.27 25.8486927506704
6.28 25.0045554190765
6.29 43.8007920437437
6.3 42.4836567908397
6.31 41.8263951081679
6.32 21.610791784452
6.33 40.1759820169883
6.34 21.8979354536851
6.35 49.4396996956395
6.36 40.9193609125275
6.37 29.4088259085486
6.38 49.1421793665128
6.39 49.5841754866331
6.4 28.2814064025902
6.41 30.1280227204
6.42 42.2638307291624
6.43 41.7026153769309
6.44 21.1726113472061
6.45 30.0863546877787
6.46 15.4166540364642
6.47 33.1046412074628
6.48 45.3263405145688
6.49 25.095368547603
6.5 38.3540193909739
6.51 58.2974937584981
6.52 27.1554074260896
6.53 50.4253078430193
6.54 24.3758298096092
6.55 33.7703355027963
6.56 33.433621141822
6.57 42.5019620141963
6.58 36.6369671410792
6.59 32.4633208132765
6.6 44.0696609864406
6.61 36.4572947797558
6.62 31.6384677711782
6.63 35.4071471059779
6.64 35.7374281366483
6.65 49.1911485284541
6.66 30.636231348957
6.67 28.7544212750512
6.68 56.2258054924418
6.69 20.8956737443826
6.7 41.5718612819889
6.71 47.5069929014266
6.72 50.4963272749171
6.73 44.4288323983921
6.74 34.3294173048558
6.75 31.3438578050581
6.76 33.8519490868009
6.77 46.0825765656838
6.78 43.2275243411845
6.79 42.8342900784165
6.8 49.9272762641773
6.81 47.5200579539153
6.82 30.977114613977
6.83 21.3864247199305
6.84 31.5839297132306
6.85 67.5650826148792
6.86 38.6084196187174
6.87 38.0998573297255
6.88 57.3460995678238
6.89 61.3818793058116
6.9 49.4463810528125
6.91 53.240884750794
6.92 29.9459615386556
6.93 37.6149376976126
6.94 13.0476240259199
6.95 29.8305382517073
6.96 36.1044895640603
6.97 44.5050715416065
6.98 45.071385632196
6.99 45.9284748145822
7 43.802797988082
7.01 36.6594463006115
7.02 57.5766364813483
7.03 56.767923959942
7.04 61.7678250109935
7.05 41.1686886563207
7.06 36.9085615986457
7.07 40.5419980694638
7.08 41.4192942197105
7.09 54.058679522852
7.1 47.3486447910994
7.11 23.0137350345849
7.12 37.1739533984516
7.13 27.8226816726681
7.14 42.0356826435538
7.15 31.8734734301124
7.16 47.1159410220686
7.17 34.4063181180901
7.18 31.6770467836293
7.19 33.2811937610227
7.2 36.4374332212341
7.21 29.0941082303885
7.22 48.0219458169885
7.23 45.1103144943662
7.24 44.2665793685097
7.25 22.5278923700515
7.26 55.7936557434425
7.27 31.5943522322085
7.28 29.7881046770421
7.29 38.0591788167008
7.3 39.8110168747809
7.31 45.9965465259792
7.32 58.287698324229
7.33 45.9979373844421
7.34 54.5858833088974
7.35 37.1048416516808
7.36 47.0576041680317
7.37 55.0318153079115
7.38 60.5003868983881
7.39 36.8218074529005
7.4 40.5934423937013
7.41 49.9742908185761
7.42 49.4164362222478
7.43 45.0901977481732
7.44 50.9182258302103
7.45 32.4815110364323
7.46 38.9354521703895
7.47 37.40727481315
7.48 39.6751171550479
7.49 25.5839377232924
7.5 61.5848878755439
7.51 30.7494985824455
7.52 39.5109236311872
7.53 35.4824517355891
7.54 54.1402098187383
7.55 60.1716983227418
7.56 43.5468708963531
7.57 50.1289557115158
7.58 38.0542521140031
7.59 37.3552849122131
7.6 36.2843273792034
7.61 48.5654145768306
7.62 39.1206930011522
7.63 55.6825756590831
7.64 41.2030102322469
7.65 23.695661291838
7.66 35.2375977564645
7.67 40.2871782894053
7.68 32.4857016045881
7.69 53.4965970103559
7.7 36.9263790681096
7.71 41.9706447237271
7.72 36.7524405307444
7.73 40.0526464654479
7.74 54.554735496051
7.75 45.2438510910584
7.76 55.5161605846184
7.77 44.1419932234598
7.78 45.9226093555161
7.79 34.3196810864127
7.8 55.5094321868829
7.81 36.0523132679795
7.82 29.5633734558735
7.83 55.8556439531798
7.84 40.1477448218225
7.85 27.3153874170419
7.86 40.2080585232253
7.87 31.4769539247675
7.88 50.3447533531486
7.89 39.8765443655447
7.9 42.1523405658426
7.91 53.747270865845
7.92 27.6580664534031
7.93 62.8961437248751
7.94 12.0733049812463
7.95 40.360701246821
7.96 48.7758527416313
7.97 32.9332726201564
7.98 30.0019634679748
7.99 39.1085170518181
8 35.5239413588385
8.01 51.8679297028897
8.02 43.1616216050304
8.03 34.8543925798417
8.04 22.1146523792019
8.05 46.4403252848286
8.06 50.7926702657098
8.07 41.1990434522009
8.08 50.4855758738922
8.09 44.7553487899125
8.1 33.9712814443168
8.11 50.2836149357472
8.12 55.6227977920406
8.13 44.8799364220431
8.14 42.7734619624412
8.15 43.7517709829534
8.16 53.9290630551644
8.17 54.1597655440143
8.18 49.780770822472
8.19 37.1094434439726
8.2 36.7532560523047
8.21 43.5519216695106
8.22 37.1401871964399
8.23 22.7929655260461
8.24 31.1098575351757
8.25 60.1798796499056
8.26 52.2618521823441
8.27 34.2003791197722
8.28 46.1935166774252
8.29 46.1973991693103
8.3 57.6429010938954
8.31 34.5848339444822
8.32 43.2886987341771
8.33 39.8123030030634
8.34 50.4447806328856
8.35 33.2858656445684
8.36 54.5465915705177
8.37 64.7258297039922
8.38 43.2885030109303
8.39 41.2342920188111
8.4 64.0729605213877
8.41 70.6872240101465
8.42 45.2144914610994
8.43 48.9054394239654
8.44 47.1130694480295
8.45 37.5065650357413
8.46 35.7383417333922
8.47 53.6034096079746
8.48 43.0036055294796
8.49 83.7267614475193
8.5 35.0438122525096
8.51 46.1451206463554
8.52 62.0673441095337
8.53 41.8371909902538
8.54 40.8255487550848
8.55 36.0779065148953
8.56 22.1567714427319
8.57 54.6589987286342
8.58 57.2800561991579
8.59 47.7220708179412
8.6 38.350884762099
8.61 37.1440306729716
8.62 52.9082651086997
8.63 51.1465386400285
8.64 42.7736071346482
8.65 49.4053467013547
8.66 48.1423477218338
8.67 50.5532210443624
8.68 67.7664746057483
8.69 39.092985732033
8.7 43.6017290091972
8.71 38.7546742804322
8.72 42.9318028327413
8.73 50.9850997283489
8.74 48.3293824105394
8.75 51.614069496563
8.76 55.6065383287545
8.77 44.7901386960691
8.78 47.6477843221481
8.79 61.4033163683667
8.8 45.8858561272302
8.81 34.9055805143745
8.82 52.428208721367
8.83 56.4531552097827
8.84 46.6982171586213
8.85 57.6555493878734
8.86 47.3503966128069
8.87 45.7644893198466
8.88 38.4340109224006
8.89 53.4616512678955
8.9 34.80661878782
8.91 70.4089639513977
8.92 71.9617969594403
8.93 64.0642214893517
8.94 35.6659971202067
8.95 45.1916221596052
8.96 44.9868612654348
8.97 71.5860633637345
8.98 55.0533354904406
8.99 43.3502917457972
9 58.9852626997682
9.01 31.8126992224307
9.02 56.8958526267485
9.03 48.5767173948142
9.04 33.0550026774971
9.05 73.5537991648391
9.06 42.3858704215166
9.07 76.8647387944022
9.08 40.1280836884943
9.09 46.5679880348378
9.1 65.6031916583483
9.11 47.010080817609
9.12 42.9287206430252
9.13 79.9180720322614
9.14 32.0974043509718
9.15 44.1260197421254
9.16 68.6388770122599
9.17 45.9424599861934
9.18 39.1232369535921
9.19 51.4692259558741
9.2 52.3409987679096
9.21 47.0783608606439
9.22 56.2778340877963
9.23 60.1712303358848
9.24 56.6089660963266
9.25 44.0136984944762
9.26 47.5179652262915
9.27 41.6923981936205
9.28 51.6470983142214
9.29 52.4407776348468
9.3 43.4743964700844
9.31 55.8943443253681
9.32 52.1807245063669
9.33 42.3410018273497
9.34 63.7192093525001
9.35 71.0296893282804
9.36 41.1778710116677
9.37 49.4974799142103
9.38 51.519256394395
9.39 33.0827430959556
9.4 49.9851898226896
9.41 37.1448709417263
9.42 65.0653686745353
9.43 72.0206187849175
9.44 67.099585570659
9.45 57.7989792019772
9.46 48.7152670224552
9.47 52.2652236665865
9.48 65.5796271786526
9.49 69.9813710163904
9.5 50.6068029398448
9.51 54.4336557617018
9.52 54.7779076119975
9.53 68.004755708879
9.54 50.9447535528263
9.55 62.9336648712244
9.56 42.7580639661424
9.57 52.8852124229161
9.58 54.3795952691707
9.59 41.5121071427785
9.6 85.9503306948532
9.61 65.1320109465225
9.62 50.5069380058995
9.63 53.5108658237853
9.64 74.6583422106794
9.65 61.2247935022833
9.66 46.243948221272
9.67 56.1836243704281
9.68 39.2939751315041
9.69 59.2864183876939
9.7 65.3774642625189
9.71 41.6639337810625
9.72 48.0813985277382
9.73 54.9825766636187
9.74 51.8634517486123
9.75 43.1971613511312
9.76 52.7546287543159
9.77 54.2528581453239
9.78 70.215906739064
9.79 63.4653926286595
9.8 68.5373596019656
9.81 45.3544348933189
9.82 65.2879839310979
9.83 47.1287851760454
9.84 58.6294238194729
9.85 53.7295431288122
9.86 58.3404407622525
9.87 48.0733922473034
9.88 42.3703034198851
9.89 48.5914675567143
9.9 69.2888999778858
9.91 44.5657810884281
9.92 56.6135165244534
9.93 62.1022783407093
9.94 52.7776284371867
9.95 65.4366178585717
9.96 50.4675243709715
9.97 50.3938813604991
9.98 47.5387566727717
9.99 44.6444978005185
10 33.1612186808327
