0.01 20.5874468614595
0.02 -1.00946624559815
0.03 1.89078836272866
0.04 9.92133817279043
0.05 -9.80610246859144
0.06 13.0887506291717
0.07 17.4888694102928
0.08 -7.57155720892496
0.09 16.2455322087796
0.1 4.96938267254065
0.11 -8.17752648630317
0.12 -18.2635635307522
0.13 -6.58090415281653
0.14 23.1831774415159
0.15 13.8336531736206
0.16 2.35045662823303
0.17 -5.00110380934668
0.18 -4.87434594712822
0.19 4.93290397908224
0.2 3.92430008227948
0.21 1.40335513499189
0.22 10.2954732429242
0.23 13.9977469672829
0.24 10.4382942848506
0.25 -17.8457573264895
0.26 12.3355316549406
0.27 -0.460780733077559
0.28 -7.22507247988726
0.29 0.224081254224341
0.3 0.571522640029487
0.31 -1.82458140296739
0.32 2.2428244013691
0.33 31.3964349506277
0.34 26.2574248360041
0.35 3.40807944190827
0.36 16.9071020703391
0.37 -14.0613576940685
0.38 0.533704059773399
0.39 3.92449362468001
0.4 5.05247775280076
0.41 -5.96245674625943
0.42 3.42859727321853
0.43 3.38873259368433
0.44 15.9543153565236
0.45 4.43168126478977
0.46 10.2097406164446
0.47 26.3685797069465
0.48 13.6292969187727
0.49 23.4381335633393
0.5 -0.82607046440851
0.51 -3.85405376313499
0.52 -11.528807456466
0.53 0.158947787735573
0.54 20.1567542415114
0.55 7.01514027198511
0.56 17.8610151293446
0.57 2.10872289341065
0.58 14.6473214002902
0.59 7.80789878869207
0.6 -13.99487854599
0.61 -4.11481369516264
0.62 14.9408680475349
0.63 14.5399468251688
0.64 9.52827488225439
0.65 16.0497050829365
0.66 10.7815422097793
0.67 6.82684702934638
0.68 -7.65195547748723
0.69 15.0947759340231
0.7 7.3661021662684
0.71 -3.84379544215948
0.72 9.97022893240998
0.73 1.94587182694781
0.74 15.3886162960625
0.75 2.09086037566727
0.76 18.6950646374479
0.77 -11.4866219191103
0.78 14.3516162692718
0.79 -9.52283358568326
0.8 0.864485536528223
0.81 -1.46526239634348
0.82 29.9400189867219
0.83 12.826151048456
0.84 -5.54510981042488
0.85 8.48492149133874
0.86 13.227783156215
0.87 7.98658916451229
0.88 10.7539170588657
0.89 7.49301069394459
0.9 -0.99179361110214
0.91 8.30881113776831
0.92 10.2852258154508
0.93 5.93069217123337
0.94 15.4902718206346
0.95 0.157251175128486
0.96 16.9950876687119
0.97 4.86815984276031
0.98 14.7336442111552
0.99 7.40895642673249
1 9.18174061402172
1.01 -2.34281406311472
1.02 0.949898777049178
1.03 27.1396717953983
1.04 -1.05401286083246
1.05 17.5748548770823
1.06 15.6931517680468
1.07 6.67285875436247
1.08 14.5865255149026
1.09 16.0174358044933
1.1 4.50265901487155
1.11 3.90346397676534
1.12 -7.52656990301242
1.13 5.56016742099108
1.14 23.813477522006
1.15 8.65880905892483
1.16 18.6621005822585
1.17 6.44728934622744
1.18 -7.42857363985684
1.19 14.8898768421641
1.2 15.5400234522642
1.21 23.23423793926
1.22 8.83590048349451
1.23 17.8667910999011
1.24 24.4348139631875
1.25 17.5440205437824
1.26 6.35092947442382
1.27 0.167363658970381
1.28 18.5824204163349
1.29 24.682441151391
1.3 24.0460787594771
1.31 10.1728154679644
1.32 24.4370943301656
1.33 3.59916681384906
1.34 13.1788012048197
1.35 29.048403303446
1.36 11.4797968837687
1.37 10.085213879504
1.38 27.0643523173399
1.39 5.01279442554614
1.4 -3.27957796052502
1.41 3.66502348867044
1.42 9.70822822101749
1.43 13.5844675913575
1.44 13.6970440416204
1.45 24.6164433852521
1.46 17.1111046804232
1.47 16.2056053455833
1.48 15.8800162603185
1.49 20.2715636504258
1.5 23.9087567479673
1.51 29.8122318432479
1.52 17.9576042631227
1.53 23.0169347719108
1.54 8.64433004926519
1.55 26.1359726390407
1.56 12.0684227855822
1.57 24.6893287505619
1.58 13.4860764826871
1.59 19.1198886461092
1.6 2.48612125109752
1.61 1.5375505281369
1.62 36.7423175006726
1.63 27.4999836666822
1.64 33.5357658083635
1.65 19.975881180716
1.66 10.1444306888262
1.67 2.17246548851428
1.68 13.094376411564
1.69 8.66849579117727
1.7 10.4430264664592
1.71 13.8474735383852
1.72 13.6971294269497
1.73 23.4950543500092
1.74 26.7980811699616
1.75 7.59676170363972
1.76 8.75552420086518
1.77 10.2879333814351
1.78 17.0872205050709
1.79 2.34806801152427
1.8 8.53996561215064
1.81 18.4045353382212
1.82 17.530593984313
1.83 -8.52072271137649
1.84 -4.96838629315162
1.85 19.2966476904024
1.86 3.65558888569553
1.87 21.1772710823204
1.88 18.0964333499268
1.89 -8.46793566589247
1.9 10.4090298642868
1.91 10.039075612869
1.92 9.26195228787637
1.93 2.85671562584144
1.94 22.0425473499623
1.95 6.34358330988868
1.96 29.2222545903649
1.97 27.038790894896
1.98 5.95297018088228
1.99 13.6382882432223
2 -1.65648629961422
2.01 25.4358479890393
2.02 16.0019633171994
2.03 33.3047371256485
2.04 6.84094762663398
2.05 2.69254321544239
2.06 11.600447554333
2.07 3.11560777581603
2.08 -0.858583143216075
2.09 35.6072550128611
2.1 4.72418183108732
2.11 12.9556510273853
2.12 32.7770015753257
2.13 16.4473489761556
2.14 16.9294735317861
2.15 28.3607939646577
2.16 -17.7011925375828
2.17 9.5858792916489
2.18 22.960818589269
2.19 5.18264425989292
2.2 17.1297644627714
2.21 3.36153566702176
2.22 21.9853913987224
2.23 26.6853297125141
2.24 -0.994102594162957
2.25 9.79350706863785
2.26 18.0879702198231
2.27 7.99734083498108
2.28 14.0528909340147
2.29 12.2235741687266
2.3 18.6520192867629
2.31 6.07150471050312
2.32 21.4594116223976
2.33 27.2562213802399
2.34 8.3808787509153
2.35 14.7465609473369
2.36 9.70929679916229
2.37 10.0166340443589
2.38 5.26468548936109
2.39 22.1330563936435
2.4 31.9917438982921
2.41 5.43366875574129
2.42 24.7555044579758
2.43 9.19261537607122
2.44 19.848985923466
2.45 1.51280871558704
2.46 7.25112234045109
2.47 8.37788358617174
2.48 7.42609029853867
2.49 14.9304108019233
2.5 25.5466897134202
2.51 19.8489184707663
2.52 11.3605507964879
2.53 20.2311034936133
2.54 5.53301799148306
2.55 4.181928083356
2.56 19.7233778249621
2.57 -7.61529663550363
2.58 26.3855735373227
2.59 14.5520275874497
2.6 23.8138954581512
2.61 19.3234148284349
2.62 16.9398646887314
2.63 43.0493756841772
2.64 20.4328218341545
2.65 12.2064142257998
2.66 11.9159014321872
2.67 22.9093411115636
2.68 18.5864693977374
2.69 25.202413100387
2.7 2.55120545134745
2.71 18.097200957113
2.72 6.97227781964782
2.73 41.6403885481802
2.74 14.7737584081604
2.75 11.4672749089804
2.76 3.34951540682391
2.77 21.6581735699711
2.78 16.4465613578324
2.79 20.8590842873374
2.8 15.9837746241815
2.81 8.97922058942
2.82 22.5441895112043
2.83 4.68287625341265
2.84 33.8176505305453
2.85 13.8330253490906
2.86 28.14709767279
2.87 27.7284821536406
2.88 26.3804076120016
2.89 32.060191776471
2.9 16.7197763188877
2.91 8.89258030241258
2.92 13.333301366981
2.93 17.1661108515271
2.94 18.7917106448459
2.95 17.6014372063561
2.96 22.2805993657038
2.97 20.6812532489962
2.98 14.7796403636656
2.99 22.672569592865
3 27.2601750323345
3.01 14.6218699692989
3.02 6.23923739940984
3.03 15.9761759299063
3.04 2.33716469953813
3.05 5.9968554414022
3.06 18.3386644690894
3.07 0.00978753820856682
3.08 28.2390244911866
3.09 5.6867010833208
3.1 9.08690752847514
3.11 23.9994819802889
3.12 27.3112908650152
3.13 18.5236990875278
3.14 21.7857944809234
3.15 1.78842395500583
3.16 24.4978660476449
3.17 18.3970428282354
3.18 26.559749294659
3.19 29.3852357678844
3.2 21.3619164938812
3.21 12.3995811769014
3.22 21.0586301527669
3.23 4.16270751277125
3.24 45.8645290286838
3.25 29.4801959809234
3.26 18.6477126687112
3.27 33.9261659844396
3.28 45.4164866652165
3.29 31.5722219655789
3.3 20.4921886661875
3.31 21.8642903145502
3.32 15.4687336829486
3.33 43.5272468629662
3.34 20.5527177797263
3.35 33.4373905884897
3.36 13.4538968230297
3.37 33.6611633318832
3.38 10.9534182251684
3.39 24.7757442354225
3.4 8.82237951065958
3.41 15.4271906930935
3.42 16.8461676023383
3.43 24.0221487761942
3.44 14.993128921918
3.45 26.2557237732289
3.46 25.5087985445811
3.47 26.8875928598878
3.48 34.9181236931976
3.49 32.1329224521034
3.5 27.2985840512462
3.51 33.4422081435805
3.52 35.4392859549488
3.53 12.545954512167
3.54 14.0337296504203
3.55 11.9046994643173
3.56 9.3180023713254
3.57 20.6216550788669
3.58 24.0535382459818
3.59 37.5156629007625
3.6 12.9691888705141
3.61 2.73475050107618
3.62 33.6922196326426
3.63 14.1327863140956
3.64 11.0592167213931
3.65 11.2128882283905
3.66 21.845992954172
3.67 31.7950644931758
3.68 19.1670670768489
3.69 28.3286963339157
3.7 12.3465301954328
3.71 -6.36022365825827
3.72 14.9990824987178
3.73 44.1024665284844
3.74 12.7461253981767
3.75 30.6767178320216
3.76 17.7748228288999
3.77 34.9810547655594
3.78 18.6481272516165
3.79 14.8843346968282
3.8 29.9401885183612
3.81 21.1909625087458
3.82 18.9862506697131
3.83 22.2326337440064
3.84 -3.3968603614524
3.85 20.8744527583625
3.86 11.2161889854147
3.87 27.403536440849
3.88 15.366636783188
3.89 30.4093737083522
3.9 15.7379562258302
3.91 14.6262530055919
3.92 35.0692920986701
3.93 35.4775001160749
3.94 46.0223201187389
3.95 26.1391233396836
3.96 24.1223629294926
3.97 6.52293771325287
3.98 21.5206153400034
3.99 18.2377071727133
4 41.442166563994
4.01 45.0272705688232
4.02 39.2030906465172
4.03 50.4835617656279
4.04 32.4657409455083
4.05 50.4063184459767
4.06 25.5454754659625
4.07 18.6466790683819
4.08 20.4854834124411
4.09 24.4191977766266
4.1 27.8374540958451
4.11 27.2244124898929
4.12 16.5627285762773
4.13 39.0641219241131
4.14 21.3133993126196
4.15 13.2977837746952
4.16 -9.32194778705493
4.17 23.5728987249281
4.18 18.2819119952305
4.19 11.4079734018961
4.2 33.6594749619647
4.21 35.6066007486989
4.22 7.36067670983508
4.23 5.61814811482085
4.24 36.1738618568374
4.25 46.5324388222497
4.26 10.4370303621642
4.27 18.6843243066512
4.28 21.5219784343935
4.29 10.3193019656807
4.3 17.7851698961276
4.31 36.9670864216322
4.32 16.5280855038779
4.33 30.6874569957623
4.34 19.245071715822
4.35 23.9990616226397
4.36 34.7889658124113
4.37 30.6754773758344
4.38 38.9099408228971
4.39 30.9940181121358
4.4 17.266331951857
4.41 27.8458941733704
4.42 17.1674420652386
4.43 15.7660463632192
4.44 11.1715813098818
4.45 20.4497785896987
4.46 35.8051869969014
4.47 27.6280566278162
4.48 28.671911148575
4.49 30.6244863663099
4.5 29.8862367705275
4.51 24.9804951916161
4.52 20.8768009854268
4.53 18.5916757296014
4.54 42.0790753232514
4.55 36.4863469700421
4.56 33.6173968131676
4.57 36.1428013754222
4.58 32.6032694291605
4.59 13.4977746764
4.6 43.396083111232
4.61 9.28432295886864
4.62 34.8247659680623
4.63 14.5867863167415
4.64 20.7914940025658
4.65 11.1537486272834
4.66 37.5446308783219
4.67 34.2188074772861
4.68 17.0284958990669
4.69 38.96264436163
4.7 36.8824813624082
4.71 25.0869137410734
4.72 38.76837424966
4.73 26.2275191357727
4.74 20.1166899980219
4.75 17.295880019585
4.76 26.6649536133529
4.77 2.43180102122464
4.78 23.5582020862459
4.79 36.4883290895645
4.8 28.6584913656374
4.81 28.0695456949902
4.82 38.9822911573486
4.83 24.0108971712691
4.84 35.1766818866777
4.85 45.2151560686396
4.86 30.5279215153131
4.87 23.9152758470147
4.88 32.7234625184496
4.89 34.7931464242983
4.9 27.3458876107073
4.91 22.8894229272071
4.92 42.4401969722604
4.93 45.3998361374511
4.94 24.1571788306887
4.95 23.6844015979548
4.96 55.7102923329769
4.97 45.2506904634988
4.98 3.05722063955021
4.99 31.3439290928101
5 35.2876098205445
5.01 22.1086000601045
5.02 24.4396381917437
5.03 23.8334861814649
5.04 51.9644267532371
5.05 29.0933444369275
5.06 22.9656105508108
5.07 37.8573013471852
5.08 39.5392046730148
5.09 36.6798492738793
5.1 31.2865981382781
5.11 31.6519877629401
5.12 40.253788512202
5.13 22.5170116349226
5.14 34.0033811584473
5.15 56.4677334556609
5.16 36.2410166825708
5.17 26.4137242062427
5.18 21.0343504743285
5.19 11.6337011128511
5.2 20.8797473145551
5.21 17.8107319339447
5.22 44.5220635547698
5.23 27.0477536978086
5.24 45.765421893549
5.25 23.0395829096312
5.26 38.5540797194034
5.27 37.3837473105465
5.28 20.9985632300327
5.29 38.5916630411205
5.3 35.0862750555669
5.31 34.4931943481594
5.32 27.0848407668991
5.33 24.6960623579428
5.34 17.4847770093967
5.35 31.3528314686785
5.36 27.103494370095
5.37 34.6861630897394
5.38 40.9761913456458
5.39 22.1433567824641
5.4 32.1514270411603
5.41 7.03599262031943
5.42 36.5733713542912
5.43 26.0257009664902
5.44 28.9039878492254
5.45 40.8645928005555
5.46 32.4434597661788
5.47 55.2111254866095
5.48 28.1841086217649
5.49 36.0891702701763
5.5 37.2608571898485
5.51 40.4320820721275
5.52 31.8052113495444
5.53 33.2508773900787
5.54 41.397378387767
5.55 52.1626044832019
5.56 51.0785228732991
5.57 37.7996405470985
5.58 40.5971183753606
5.59 33.4314622096514
5.6 22.8728819766411
5.61 32.0753462645582
5.62 21.6213987836698
5.63 19.1442222680487
5.64 25.6446209932366
5.65 31.7588415695804
5.66 32.8231414701145
5.67 54.3530274852658
5.68 16.727312018603
5.69 43.3561398305274
5.7 29.7528259756663
5.71 38.5876550615668
5.72 28.3350150664862
5.73 46.7792675324442
5.74 45.0532237080492
5.75 48.3244771611598
5.76 33.9502107969175
5.77 26.4491487600705
5.78 39.2782251110154
5.79 32.8405791710313
5.8 35.5355627736426
5.81 21.3967502624126
5.82 52.2499012494821
5.83 46.1114972789489
5.84 11.8248465207319
5.85 33.0200488957405
5.86 27.6464072224264
5.87 39.4447027769507
5.88 34.9528015091839
5.89 28.1290983624785
5.9 30.3102264651383
5.91 32.0326838826178
5.92 39.0254322669002
5.93 44.1035712053607
5.94 18.0680311514563
5.95 21.1316515017289
5.96 39.3854214053639
5.97 41.0442733155934
5.98 32.703816956922
5.99 25.9726854583355
6 37.1737190088643
6.01 33.7715513466648
6.02 36.8038439531148
6.03 39.5347542801762
6.04 28.0305997071967
6.05 20.279052526166
6.06 39.7535642114525
6.07 40.6588133540343
6.08 19.6962670212982
6.09 38.0656977810281
6.1 36.2408172870065
6.11 45.4389867981196
6.12 29.9267629395216
6.13 15.4812164862008
6.14 38.4077808663613
6.15 37.594614021024
6.16 29.1823855959977
6.17 56.7407455900205
6.18 43.0354148687341
6.19 22.2859720752292
6.2 34.6911866899227
6.21 32.3341352290535
6.22 32.4194748388728
6.23 39.234264995641
6.24 22.7036392035914
6.25 38.5992578632254
6.26 36.3572833754487
6.27 35.9355938571627
6.28 43.7843179247928
6.29 32.1239123443203
6.3 25.4271033454288
6.31 38.631804208508
6.32 42.1834926242431
6.33 31.0503090583361
6.34 35.1284986300372
6.35 46.2620837053915
6.36 27.5862825292131
6.37 32.5376789550065
6.38 45.8169139931671
6.39 15.2895575122289
6.4 40.0502378479233
6.41 38.9553959536235
6.42 43.1306612499613
6.43 49.621359711748
6.44 24.6136364588954
6.45 31.4973418309994
6.46 45.1960241991197
6.47 53.7633935588212
6.48 44.3856151519754
6.49 16.702517492195
6.5 31.4866943721812
6.51 43.2171357295358
6.52 60.1628364636243
6.53 27.0590545462139
6.54 29.2123476916756
6.55 34.8155492585146
6.56 28.8624168005757
6.57 43.9266676899985
6.58 52.6976054207093
6.59 28.9247692856528
6.6 36.7406813705729
6.61 39.8934967607221
6.62 37.1900553990682
6.63 57.8795546925615
6.64 38.58176112275
6.65 32.0663680894382
6.66 26.1018005577811
6.67 47.8355609862656
6.68 50.3056692976564
6.69 30.4455597464524
6.7 30.5453450231154
6.71 34.8089174588065
6.72 57.1901679686492
6.73 45.6690168226416
6.74 23.3242535804392
6.75 22.6851691815969
6.76 44.0290158669188
6.77 51.3948394195527
6.78 39.696432538612
6.79 47.9472053587251
6.8 40.1828463126436
6.81 57.76910324114
6.82 37.9050965740886
6.83 51.2608451837331
6.84 32.6296313349679
6.85 28.7989181772491
6.86 30.2025473185237
6.87 35.160023820193
6.88 29.8237376917635
6.89 21.7316988132836
6.9 23.1974562649392
6.91 41.3813959529226
6.92 42.6654791599953
6.93 36.2790501646781
6.94 38.5175354593795
6.95 23.5798530546236
6.96 42.7778173187355
6.97 35.6885678962775
6.98 39.8193418750984
6.99 47.6104780806507
7 37.688101488038
7.01 27.170912210631
7.02 32.6257386595359
7.03 37.9191407171534
7.04 33.3879892858205
7.05 44.0287796956136
7.06 45.3348126870365
7.07 38.3685485632338
7.08 35.873278090394
7.09 52.4442613460937
7.1 42.6140689371201
7.11 37.2583245318246
7.12 42.5992096866472
7.13 34.8918147569721
7.14 45.3957759651224
7.15 45.3364678336238
7.16 33.1680660199311
7.17 33.7379090190604
7.18 44.9248113993691
7.19 33.2362700411798
7.2 33.8712170534468
7.21 42.9468619719166
7.22 47.6077934232271
7.23 46.2927854276206
7.24 20.6984705800399
7.25 49.2825667849891
7.26 29.4187410419265
7.27 62.9873114256442
7.28 53.153019081588
7.29 30.7383134138435
7.3 29.8643664663042
7.31 38.3425403261459
7.32 32.5885222892795
7.33 42.4884697763064
7.34 47.3082418539752
7.35 52.318311661495
7.36 44.1162450338056
7.37 47.7412091850913
7.38 31.9906498485591
7.39 70.9595752132069
7.4 32.7756244777208
7.41 38.5708644664974
7.42 44.2409905256723
7.43 56.2168009386109
7.44 40.2176779923122
7.45 41.9258714215922
7.46 29.3720807227374
7.47 45.4569737000615
7.48 22.6968984102434
7.49 31.2717433676924
7.5 55.7139381298712
7.51 22.4317713132962
7.52 33.9949153362924
7.53 39.0544208620668
7.54 25.0772102909027
7.55 39.4280285775442
7.56 50.2229529966599
7.57 21.0299582936758
7.58 37.8090421762011
7.59 67.2719472100181
7.6 40.9264306648283
7.61 54.8199874109357
7.62 36.3816339927677
7.63 52.9758095565076
7.64 44.4751653487982
7.65 41.8737277347136
7.66 42.5537186572374
7.67 30.1782207351358
7.68 51.2422397392801
7.69 48.0138669383677
7.7 33.1648889783913
7.71 39.5790713740578
7.72 38.0288975893093
7.73 36.1257231461687
7.74 49.8833781547909
7.75 43.3037461965057
7.76 34.5335436241069
7.77 46.7871265864727
7.78 57.7084349642387
7.79 27.7970629437802
7.8 53.9774085843023
7.81 43.3835091353453
7.82 50.4743222247218
7.83 44.4503682299454
7.84 57.8604205651776
7.85 31.7306169947153
7.86 38.1719838446324
7.87 41.0279036078463
7.88 41.9713337338946
7.89 49.9801596671756
7.9 63.6485378583111
7.91 46.6719892753851
7.92 37.6606695071123
7.93 30.7605265482187
7.94 58.5759156212993
7.95 59.2343011956594
7.96 25.1962732550308
7.97 29.0276297470888
7.98 59.7145542538365
7.99 63.9199796733481
8 49.3237704512706
8.01 31.3233662933507
8.02 50.8514510336065
8.03 50.2435462718565
8.04 40.363788436816
8.05 28.6165070462693
8.06 40.2004007760817
8.07 30.887880885982
8.08 46.298653313193
8.09 41.1529999255218
8.1 30.8778835807788
8.11 52.4733419740307
8.12 48.1206384822059
8.13 50.0829452806942
8.14 29.3400442010767
8.15 40.7329553133923
8.16 31.5635771325941
8.17 37.6161727888007
8.18 47.4082337573312
8.19 33.0626282662937
8.2 58.9050487852564
8.21 56.5489347085845
8.22 47.5453102845435
8.23 50.8221287333667
8.24 64.7814797029182
8.25 53.9620107370398
8.26 50.7336727067752
8.27 51.8628468110695
8.28 63.7463436266165
8.29 35.0096455064796
8.3 45.2540262943674
8.31 30.3046579354677
8.32 58.6441653771267
8.33 30.8575345754654
8.34 59.3943552708412
8.35 36.3314743130509
8.36 33.94976328384
8.37 57.7277910710897
8.38 38.5647009936343
8.39 51.2844659609934
8.4 45.8011386962553
8.41 19.5654018817391
8.42 36.4958110976147
8.43 45.3718772775103
8.44 43.9165249753868
8.45 46.9434720931577
8.46 43.4294986480918
8.47 47.071178338366
8.48 57.2926911496363
8.49 65.9067433441315
8.5 47.3010357059915
8.51 37.2091070203346
8.52 49.4682321388018
8.53 54.71052957746
8.54 68.4442341633905
8.55 44.2321140429195
8.56 45.6746946309248
8.57 60.934136957708
8.58 45.9451945255073
8.59 69.1406690691018
8.6 45.5832699468844
8.61 56.3907181470218
8.62 50.3029774326357
8.63 39.6253926182205
8.64 48.5352545242873
8.65 46.85278777714
8.66 53.5860886551008
8.67 58.5218540903199
8.68 50.2909089626519
8.69 40.3229776943196
8.7 43.7336145402905
8.71 50.2654378078261
8.72 52.2053023030766
8.73 43.7953205948789
8.74 63.422210967679
8.75 40.3022718001195
8.76 49.6356721352748
8.77 59.771770678442
8.78 56.0707126311941
8.79 31.189268600759
8.8 43.0156767773435
8.81 44.3813677676281
8.82 47.5634411255167
8.83 57.3769705141763
8.84 35.8300889131428
8.85 69.533246927712
8.86 24.3680160723403
8.87 51.8152266476431
8.88 59.7868005211196
8.89 55.5478471559616
8.9 55.0874435433325
8.91 48.8349288532486
8.92 47.1282602712216
8.93 64.5478853379852
8.94 31.1093042461508
8.95 30.8290229201048
8.96 39.8724846581355
8.97 55.6582602742755
8.98 55.1667733112198
8.99 55.1098316188847
9 42.8792609061353
9.01 61.299248852889
9.02 54.981188048256
9.03 51.2469949370696
9.04 42.4331555699828
9.05 46.2973743517721
9.06 38.2943455835773
9.07 56.6979053352035
9.08 47.6764282338
9.09 53.6687651434287
9.1 44.1171931521985
9.11 44.0393473479258
9.12 48.6283652994508
9.13 43.5530598319881
9.14 49.8498115119489
9.15 55.9508250242656
9.16 46.1806237554701
9.17 35.1973119486634
9.18 41.6064325169458
9.19 44.7530281638562
9.2 60.68662411209
9.21 64.4190809095078
9.22 50.088033001502
9.23 58.6708521461186
9.24 52.7080335122968
9.25 29.7074986335277
9.26 70.7184247625236
9.27 48.2974311665171
9.28 66.8320381259224
9.29 41.0648940910397
9.3 68.2274240958604
9.31 60.7819812580649
9.32 54.296127042179
9.33 59.4977319876945
9.34 42.4681494802312
9.35 59.6218959712253
9.36 52.0566592779505
9.37 36.5588607577398
9.38 46.1042913710503
9.39 70.5905229267232
9.4 55.5771655942082
9.41 44.1360777287951
9.42 37.2107912054126
9.43 72.2769709295146
9.44 49.0878814877716
9.45 63.8960110241766
9.46 51.306621604827
9.47 39.054442334936
9.48 56.0030259568647
9.49 56.0628938198644
9.5 49.9835023548689
9.51 57.7887894428507
9.52 48.4178829494187
9.53 44.4075827520387
9.54 50.9167533539861
9.55 65.6885587430358
9.56 48.4998906533106
9.57 59.5648496108724
9.58 43.4093886523081
9.59 63.4071929923273
9.6 60.4115390949818
9.61 61.8990745881766
9.62 63.0235090472573
9.63 41.9811955524831
9.64 41.4038572096031
9.65 57.0722345993457
9.66 44.2905390503026
9.67 47.2402475978133
9.68 46.7380585809968
9.69 35.3343072004116
9.7 67.2023260435184
9.71 52.1840070675403
9.72 41.9005904876364
9.73 47.4553765258296
9.74 45.6944824975239
9.75 59.0224020851262
9.76 35.7044848834491
9.77 47.3107594735469
9.78 42.7824857455053
9.79 44.7178944817832
9.8 60.9191133335568
9.81 51.3946908778657
9.82 51.5488216792416
9.83 57.4718562693517
9.84 53.4428850725568
9.85 50.9268345630542
9.86 50.2545367950451
9.87 63.0183772136068
9.88 54.2775443547517
9.89 60.1353299005272
9.9 89.9427222286324
9.91 77.4057805470268
9.92 62.5227076770424
9.93 60.588926115104
9.94 65.4811510688864
9.95 57.667343720627
9.96 73.1095455152388
9.97 40.95927238688
9.98 43.4388366173925
9.99 36.2193252614072
10 51.5549675537126
