0.01 7.19969200754362
0.02 4.9632631703357
0.03 -17.5776459051503
0.04 -2.24213077465389
0.05 19.5662427236848
0.06 8.98231788865221
0.07 -7.08100998313276
0.08 -3.973168015938
0.09 6.55305762581852
0.1 13.4856342310758
0.11 16.1946489610524
0.12 2.41986133855762
0.13 3.04927586739174
0.14 6.77948440640929
0.15 5.49406448201633
0.16 8.07504808222462
0.17 14.9936574050907
0.18 19.0888858114352
0.19 -3.78349873998568
0.2 11.8937180152636
0.21 4.97782524829427
0.22 11.1455630473385
0.23 1.33262763173107
0.24 9.63504785987638
0.25 6.93466171792813
0.26 16.487303491743
0.27 6.03981722625949
0.28 21.417318903441
0.29 13.4556028945508
0.3 13.2766908151531
0.31 15.5196455598808
0.32 4.90158874148328
0.33 4.0873830594173
0.34 15.7873930280718
0.35 2.49477236406607
0.36 6.99633501348803
0.37 17.8330340693989
0.38 10.8725898710212
0.39 0.525120916932606
0.4 -2.09372574379032
0.41 11.0835884717517
0.42 16.128587595259
0.43 16.9110637127343
0.44 8.45174069929266
0.45 0.480120001718502
0.46 13.7429302796614
0.47 -3.21660870717068
0.48 19.5101256707466
0.49 19.3078564575104
0.5 0.19076986996784
0.51 6.79638330605593
0.52 -3.90434170768792
0.53 10.3440653267835
0.54 24.8876777643139
0.55 21.2145381815028
0.56 0.60191423277244
0.57 -8.66725216198376
0.58 -1.701634108042
0.59 1.54432184297739
0.6 -0.881509148216146
0.61 21.5740066238931
0.62 19.4290236950794
0.63 -1.1503797882078
0.64 13.5211243798579
0.65 21.5552375409793
0.66 11.3595069582646
0.67 9.16269498949383
0.68 12.3077070006831
0.69 13.1976489039463
0.7 8.67312283378426
0.71 35.1335303058848
0.72 -3.5603791102299
0.73 20.0967198136354
0.74 11.1960990262354
0.75 17.2226721643041
0.76 16.3581856109111
0.77 2.42701745589554
0.78 16.0557308985847
0.79 -3.06441559347133
0.8 30.768494071973
0.81 2.36955338892938
0.82 8.78735446635794
0.83 27.1214918726602
0.84 -7.10871394887559
0.85 -17.6997555019189
0.86 23.1128850531198
0.87 0.480100397312382
0.88 11.3267364448892
0.89 4.40311469319598
0.9 -5.64224712017096
0.91 -0.660249426813257
0.92 13.2178642987498
0.93 -6.51473019542822
0.94 31.0480693571115
0.95 0.307874516048914
0.96 9.78983955078135
0.97 38.412879460983
0.98 8.65788093049334
0.99 -0.654943712254179
1 -5.02667740133631
1.01 11.7482347176829
1.02 13.6671762323016
1.03 13.6872223479031
1.04 10.5236821232906
1.05 22.298419181818
1.06 17.6892880187093
1.07 -5.19447823567172
1.08 0.6326020493029
1.09 23.7326015046204
1.1 26.9054665440577
1.11 11.9686798743877
1.12 15.5995482885357
1.13 25.5339416666932
1.14 4.70436797551274
1.15 11.1291751292768
1.16 23.8935415749675
1.17 19.0691486713833
1.18 23.180120464881
1.19 -3.04748202184317
1.2 16.6284226701775
1.21 10.4443545255691
1.22 34.3209468870212
1.23 0.656090893386457
1.24 9.01682416836868
1.25 11.9554034764105
1.26 3.98197348973057
1.27 7.64718252304631
1.28 5.74347678558162
1.29 22.846406486978
1.3 -0.910565516496954
1.31 6.41596303741051
1.32 22.5159668829902
1.33 26.0432199715756
1.34 25.2787022392087
1.35 17.7212011765742
1.36 12.8270439341172
1.37 18.5656654092554
1.38 29.1959548203135
1.39 32.4719214950113
1.4 12.9558702752152
1.41 -5.52254568226639
1.42 -4.88926931553684
1.43 2.33966576956479
1.44 6.07564957762357
1.45 0.744952852739829
1.46 7.64077710601527
1.47 13.6763606605097
1.48 13.9308410016899
1.49 35.1960125205933
1.5 18.8360452498099
1.51 -11.5419172159682
1.52 15.2647551547177
1.53 21.371815410737
1.54 11.6559512504386
1.55 -0.242926656797016
1.56 2.26947122287758
1.57 17.97124341128
1.58 2.79443692019912
1.59 19.3932809116503
1.6 11.5519526563971
1.61 17.801028990129
1.62 7.19811967847573
1.63 20.1095656755656
1.64 13.7430543808779
1.65 21.9642110476575
1.66 4.43074884985889
1.67 8.82980767911995
1.68 18.8328669793494
1.69 -0.781436550646765
1.7 19.2272717178283
1.71 12.0162228211591
1.72 22.1491569323837
1.73 30.3667963814786
1.74 9.10572077957195
1.75 33.7207863984589
1.76 19.3124590475716
1.77 16.2218825952125
1.78 15.8822164479856
1.79 15.5404420147566
1.8 10.1232382505066
1.81 -0.589564130736349
1.82 8.65702252728046
1.83 -2.14299599370996
1.84 29.8244442494534
1.85 33.9872962047313
1.86 13.5314360217507
1.87 14.1283631203465
1.88 14.5274149916614
1.89 12.0250820100985
1.9 13.0778368102773
1.91 0.237342871283728
1.92 7.4979957714181
1.93 17.6558736333617
1.94 -3.79884962241194
1.95 13.1940661952299
1.96 -7.87918967387496
1.97 4.53520935037164
1.98 8.0941181896601
1.99 31.1817061300919
2 16.3541790402589
2.01 7.7650746331303
2.02 18.1895863941964
2.03 9.69460179875664
2.04 30.9025177173754
2.05 32.6610585793603
2.06 18.8660463237553
2.07 18.9004291445685
2.08 21.0388014572689
2.09 8.45387452385921
2.1 35.2553629229111
2.11 13.2031927260534
2.12 14.8214264328793
2.13 14.6653451682547
2.14 21.3947407028972
2.15 33.0146081799942
2.16 8.38456917672479
2.17 12.3235047251731
2.18 20.3844530032503
2.19 49.3729282193986
2.2 -6.27065120864425
2.21 16.4281354080147
2.22 17.1697871941202
2.23 30.1106127727947
2.24 10.5122372700109
2.25 16.8950288518844
2.26 22.8661911778254
2.27 28.1259163464036
2.28 11.6220705479472
2.29 16.831843132786
2.3 14.5487631177276
2.31 3.6290775469072
2.32 10.5707900215248
2.33 15.6910675088795
2.34 3.65709484543266
2.35 21.3711008685185
2.36 10.5785213506795
2.37 19.6524418361506
2.38 30.618352556842
2.39 11.0454226992376
2.4 5.80751841374208
2.41 -0.0545697950185389
2.42 11.9983684823033
2.43 30.6812792995792
2.44 11.0978439229856
2.45 17.8431917612168
2.46 23.6144758456689
2.47 22.2039651331115
2.48 36.5391699758992
2.49 9.36399204371386
2.5 9.95375680169984
2.51 18.4267928331247
2.52 26.0236360025105
2.53 26.2081515765307
2.54 27.3156145888289
2.55 16.5507859601638
2.56 13.8401123889054
2.57 20.7199456972862
2.58 17.4899731451779
2.59 6.87331859972113
2.6 47.1654376185496
2.61 11.8435376849592
2.62 19.1772958856335
2.63 23.84041914921
2.64 29.8936331173214
2.65 7.09297981999487
2.66 10.3521951473293
2.67 31.7000900884425
2.68 22.9706780063589
2.69 -3.3937003360198
2.7 10.6473466640692
2.71 12.5857719188685
2.72 23.1955543936549
2.73 15.7337389733405
2.74 18.1104347389113
2.75 11.4092104648108
2.76 28.8660597849069
2.77 17.3110433144628
2.78 24.6441759993992
2.79 12.7535359088974
2.8 26.9008704240639
2.81 14.9885066506524
2.82 15.9713837366507
2.83 19.1068711722067
2.84 14.0221093644481
2.85 29.6747223687956
2.86 1.79754203854447
2.87 0.849595534360823
2.88 15.3169119181033
2.89 28.2050147394435
2.9 20.9539214767713
2.91 20.0364254570474
2.92 19.9728395293533
2.93 11.6124642467
2.94 22.5473362811838
2.95 28.1776267610063
2.96 33.344422899464
2.97 36.0928685460283
2.98 13.1651570174375
2.99 21.8241825846065
3 0.415376281378414
3.01 25.7658768058107
3.02 0.11560981372522
3.03 23.1110693504422
3.04 18.5423743796066
3.05 0.895542521273068
3.06 3.68155283821761
3.07 21.1033446132111
3.08 15.1007960184512
3.09 39.4208628919383
3.1 19.630816281861
3.11 29.031340120583
3.12 28.3524152168971
3.13 5.90563226624267
3.14 15.6538288448991
3.15 19.1289351375402
3.16 32.8859720391407
3.17 12.9556815394352
3.18 25.6631002020666
3.19 17.1925936109006
3.2 28.9856656670863
3.21 9.49147442192547
3.22 2.60879272993742
3.23 18.1269258451443
3.24 26.8930115789301
3.25 22.8431984249524
3.26 36.5611145623591
3.27 39.0326577493112
3.28 13.188794687991
3.29 7.21227464433531
3.3 17.4635799508789
3.31 38.0298694058367
3.32 22.2848584423703
3.33 15.8969219240363
3.34 38.7539593697597
3.35 34.1045006792156
3.36 9.71869468472137
3.37 28.6566603122104
3.38 20.8952948695069
3.39 17.534758562701
3.4 17.2897580859482
3.41 19.5621155223594
3.42 6.19085434682814
3.43 20.4434998638891
3.44 16.2477878298921
3.45 21.6049778699618
3.46 17.4767087221953
3.47 24.3854936661871
3.48 28.000390804853
3.49 40.9604673618411
3.5 22.1481440648817
3.51 9.16271250187226
3.52 17.6739547145835
3.53 17.54353661108
3.54 32.6831575471173
3.55 28.3890302041526
3.56 33.0826581219352
3.57 34.7757099020843
3.58 8.32039436989533
3.59 23.0391349237142
3.6 18.3018758469694
3.61 10.398254323788
3.62 24.7158321833518
3.63 22.1522978722125
3.64 21.9602720824153
3.65 16.1286027640697
3.66 7.35156807199215
3.67 8.36352674157188
3.68 26.6517659840885
3.69 19.1979462970362
3.7 25.0759835292697
3.71 11.0449099791594
3.72 17.536630181811
3.73 15.6880238164794
3.74 37.9491957281871
3.75 21.1919930355766
3.76 30.0230006490866
3.77 9.77745321461905
3.78 17.8864313531168
3.79 7.83313295245429
3.8 29.7297946562353
3.81 16.1416646081708
3.82 14.0094246675917
3.83 19.4930356461723
3.84 30.4042823504577
3.85 25.4899276651248
3.86 17.0756450794783
3.87 27.7971958011053
3.88 30.5698779174038
3.89 53.09610600535
3.9 30.1663780515757
3.91 30.1634209549624
3.92 26.1123609556911
3.93 22.6155055488521
3.94 30.7780319090655
3.95 19.6138405571609
3.96 2.5643927266327
3.97 18.9918298302212
3.98 29.4526708144745
3.99 31.9766960618404
4 24.5896524755315
4.01 11.1907662126285
4.02 15.1333470085633
4.03 38.7725196920797
4.04 30.365595283567
4.05 15.7678199978064
4.06 27.4487760867438
4.07 34.1086552885414
4.08 8.24006858017379
4.09 21.7296098252856
4.1 28.4146366860568
4.11 19.1982612326175
4.12 25.6554275790081
4.13 39.1543592810536
4.14 42.9778796964494
4.15 22.7395266114989
4.16 17.3555370129711
4.17 20.5603508831183
4.18 37.2252604216665
4.19 23.4448866832743
4.2 11.619003072865
4.21 22.1776006586049
4.22 41.147194119845
4.23 -0.636750099118089
4.24 23.2464401772182
4.25 12.6320888719068
4.26 26.2684373651565
4.27 40.5038491085091
4.28 18.8270896130017
4.29 21.4903955938551
4.3 17.239250715571
4.31 3.11666974738817
4.32 19.2477778069695
4.33 16.5333714007749
4.34 9.24587806476442
4.35 51.8936025890453
4.36 22.8885575991985
4.37 25.9451314729881
4.38 24.8584883888012
4.39 3.02775820637025
4.4 49.3177095012645
4.41 27.191102029769
4.42 14.483240192878
4.43 13.491153749019
4.44 17.609345749389
4.45 20.9818082388171
4.46 32.4502709613433
4.47 14.5916454515892
4.48 47.8490712001683
4.49 19.8816769476435
4.5 41.8565165206697
4.51 39.5921290927429
4.52 24.1840280667849
4.53 5.106547142853
4.54 11.9915114474453
4.55 35.2337750891865
4.56 17.2549139212363
4.57 28.5034742210278
4.58 27.8558843227235
4.59 15.3129980623921
4.6 40.5434971115731
4.61 38.0337015834326
4.62 13.3157295958895
4.63 34.4971683763788
4.64 42.1249627380392
4.65 19.2993818534905
4.66 36.8392092784205
4.67 23.7402478358783
4.68 44.4831968497781
4.69 28.164486842367
4.7 27.9156699173492
4.71 33.3356774541051
4.72 -8.51683076485064
4.73 34.094555251097
4.74 26.2459925993317
4.75 19.2606250878328
4.76 18.9623265828489
4.77 36.9982974808708
4.78 26.4021382546404
4.79 20.5337161998165
4.8 4.90919978454624
4.81 22.6377773176429
4.82 36.0560263115046
4.83 19.5937916401771
4.84 42.6987994427807
4.85 11.9253032808617
4.86 24.8852739824429
4.87 25.8756502044161
4.88 33.7582824346202
4.89 15.2408935205282
4.9 14.6413886127388
4.91 24.904096375972
4.92 33.7652491894176
4.93 33.5716451804565
4.94 30.7449395816935
4.95 21.2495275385759
4.96 21.0728490537624
4.97 15.2211264610837
4.98 44.5248371066619
4.99 51.2166435657578
5 24.0340007230267
5.01 13.0016268047968
5.02 21.0004139465741
5.03 21.5390553304852
5.04 41.5593326547019
5.05 43.2615662774745
5.06 50.2771160723194
5.07 26.5276454556603
5.08 34.575490450262
5.09 34.0352534796234
5.1 28.0176617830463
5.11 31.2407302768176
5.12 46.4804109036405
5.13 27.6287042623587
5.14 26.1345792276901
5.15 24.0875633262792
5.16 29.2690178518228
5.17 32.0198521762561
5.18 19.2252702342587
5.19 39.1143884432046
5.2 24.0380088304698
5.21 38.5280906926022
5.22 32.3333021751287
5.23 34.0519373621492
5.24 38.3609211899306
5.25 14.6895241055238
5.26 30.4677869069116
5.27 13.295737774005
5.28 43.3852538745376
5.29 38.6608130083495
5.3 15.8935961537007
5.31 46.4662574935049
5.32 24.7980117599615
5.33 41.1935799121241
5.34 23.968952360583
5.35 24.6754127878237
5.36 40.8880825029323
5.37 25.8813964274529
5.38 33.2861881427593
5.39 40.6969310926929
5.4 29.5634829722461
5.41 49.6365258463041
5.42 34.0961521277178
5.43 57.8963127656534
5.44 21.1558168010774
5.45 9.16214302833025
5.46 31.8840938086522
5.47 19.9070811872174
5.48 29.2905977353625
5.49 29.4171524855558
5.5 38.9124070621351
5.51 50.4911454832635
5.52 46.0514610506199
5.53 36.6938299427857
5.54 52.9391156608868
5.55 24.7434145851086
5.56 40.8888522946795
5.57 38.6747317507343
5.58 36.8335704885259
5.59 45.3132686630529
5.6 53.1948352131379
5.61 18.9505644175064
5.62 39.8602178071811
5.63 32.0130656320815
5.64 27.1451197886665
5.65 41.2039653978495
5.66 33.987702313714
5.67 44.2387622752774
5.68 55.5918666695433
5.69 38.0463060634879
5.7 23.0392491658651
5.71 36.2829652362782
5.72 41.7046796994582
5.73 39.0919216993458
5.74 48.7353156943065
5.75 27.3197141995416
5.76 22.5108044747682
5.77 50.3184750041789
5.78 53.9287155457889
5.79 47.6237794586454
5.8 54.7742407700608
5.81 45.5029179590462
5.82 35.1686489153517
5.83 26.8519719468013
5.84 52.5950920840459
5.85 25.4730493296701
5.86 42.470337439076
5.87 25.14934414821
5.88 37.2626278346168
5.89 46.6697524528643
5.9 60.674455378277
5.91 38.7538944295048
5.92 21.4175008264591
5.93 41.1756914383959
5.94 40.2496232745246
5.95 28.3104226763387
5.96 35.6537177765212
5.97 21.5611080254454
5.98 44.0139606789876
5.99 28.5464991311088
6 35.987685174481
6.01 50.9950860831728
6.02 16.6473732491093
6.03 40.1419865828054
6.04 35.582184395794
6.05 26.0306045878807
6.06 42.6129845671348
6.07 46.8509600958212
6.08 25.9549704379057
6.09 40.7486089541796
6.1 33.8057294218578
6.11 44.4132899317321
6.12 48.4793697171706
6.13 37.1228965503855
6.14 24.9080953728679
6.15 20.3705316037174
6.16 20.4697302147313
6.17 29.6329915892424
6.18 37.6735946813964
6.19 26.6094212028135
6.2 32.7005584527725
6.21 27.8923247785946
6.22 54.4827126358115
6.23 38.1489975612342
6.24 21.8826624036964
6.25 33.8301189813421
6.26 23.6296600280164
6.27 14.7295878406112
6.28 50.7367435941486
6.29 29.4667904952795
6.3 41.899079489769
6.31 42.609891168916
6.32 42.5561007358227
6.33 23.8552083437863
6.34 37.9018478252039
6.35 41.9778537777243
6.36 41.4319880203414
6.37 37.9969781415552
6.38 21.010884617136
6.39 25.1491776199171
6.4 17.8355560998357
6.41 40.9886599600933
6.42 42.515974018013
6.43 24.6031513792242
6.44 44.1024311023395
6.45 32.3352545025094
6.46 53.8551447902919
6.47 65.8915459669025
6.48 42.2334737908129
6.49 29.9820511132005
6.5 35.9028206381994
6.51 40.7956385951442
6.52 42.5613503687698
6.53 45.7520279173191
6.54 44.4033728488195
6.55 39.7622215277947
6.56 40.6840417800727
6.57 26.7005052994025
6.58 15.0169635924988
6.59 38.7280031571104
6.6 31.6090957603763
6.61 34.4639260431038
6.62 39.3296703709703
6.63 23.844175511793
6.64 49.1671558252807
6.65 42.6171902795256
6.66 51.0733070903083
6.67 33.8355188520667
6.68 21.6033019919398
6.69 28.3683641778894
6.7 34.384811270717
6.71 32.6167873302742
6.72 39.8042525713785
6.73 37.6653632118538
6.74 17.8673629148973
6.75 45.0969304803013
6.76 34.6358087727522
6.77 46.7588718908015
6.78 30.9039586236555
6.79 36.2298462858582
6.8 32.629740290873
6.81 36.2318667741881
6.82 32.9050676475914
6.83 30.5726249013996
6.84 25.0052367859229
6.85 29.9407936894982
6.86 49.158987985758
6.87 46.7182681207392
6.88 47.7047642369156
6.89 36.2025516387396
6.9 33.8883989198995
6.91 42.956792533863
6.92 40.7173487784041
6.93 30.7957636923561
6.94 39.2651324120848
6.95 35.7303125026022
6.96 56.7663337476712
6.97 38.4826518055208
6.98 34.2178359121913
6.99 42.2906108428307
7 29.6759602640066
7.01 25.4500613120946
7.02 36.9125702377899
7.03 48.7063205414185
7.04 36.0316139621108
7.05 39.5448825571263
7.06 34.2997068106014
7.07 40.3195351871048
7.08 50.2816438256247
7.09 30.9244479810983
7.1 54.5711173697878
7.11 45.9676379040462
7.12 49.2812347311265
7.13 44.2138315348517
7.14 38.6690540019635
7.15 34.9183785600353
7.16 35.8952205350445
7.17 31.6328847022633
7.18 46.1505873623226
7.19 42.134348256166
7.2 42.226945602162
7.21 38.5740478042043
7.22 36.8272869730785
7.23 28.1906059489747
7.24 28.1338271820528
7.25 31.5975829916347
7.26 44.2880167367326
7.27 34.3081100113998
7.28 54.841912741743
7.29 41.7866143352242
7.3 47.8834107114212
7.31 53.4584285298756
7.32 25.1663686916184
7.33 39.7992730510349
7.34 36.9404083488849
7.35 38.2268542111408
7.36 29.2999540958946
7.37 44.5036873848328
7.38 35.7904704546479
7.39 33.7265721168001
7.4 46.1368018851484
7.41 53.2483782233965
7.42 24.3582557045983
7.43 43.8065900524633
7.44 37.5869789156327
7.45 60.5913786381269
7.46 37.3292384653659
7.47 33.9346257782228
7.48 49.39882104262
7.49 43.5689556696047
7.5 48.4940032464221
7.51 34.0129557680659
7.52 25.490677110135
7.53 43.529308426422
7.54 40.227624633428
7.55 47.6568434680002
7.56 61.7403444735054
7.57 52.0390301631974
7.58 53.4882201118985
7.59 47.9019106005187
7.6 49.0841643114717
7.61 64.8791330652413
7.62 50.801031801939
7.63 39.7055724967369
7.64 24.7681492517602
7.65 44.3340663047745
7.66 64.4147042547028
7.67 38.6271414916539
7.68 53.1654017903075
7.69 41.4952970294583
7.7 50.0187374982511
7.71 24.7915204271967
7.72 53.2892412931455
7.73 38.5582161282128
7.74 54.4327793462962
7.75 52.2387323316943
7.76 32.4771898319325
7.77 32.8767317231939
7.78 45.8266528437102
7.79 34.5462640597357
7.8 51.6550144018453
7.81 51.961840988273
7.82 46.4960619863187
7.83 56.099994836676
7.84 55.950045327135
7.85 40.8549159333041
7.86 29.4185648509613
7.87 40.4575329955941
7.88 39.1175964818753
7.89 58.1955294092488
7.9 45.6061224526786
7.91 53.4087273202143
7.92 45.7116745473913
7.93 37.5094605224838
7.94 38.9949112014412
7.95 40.4259105059676
7.96 38.4673620834874
7.97 52.8615594361198
7.98 43.7849322621155
7.99 43.2207759469373
8 61.2904279541574
8.01 35.9664188014432
8.02 34.1283325506126
8.03 44.4106297985536
8.04 52.3578893061936
8.05 55.3552303853168
8.06 42.9986662370182
8.07 37.6789155640341
8.08 47.17791482485
8.09 46.0417032835562
8.1 62.48029554354
8.11 58.9565600967654
8.12 57.2328281352306
8.13 41.4075245784839
8.14 41.2884896941706
8.15 34.4460869321526
8.16 32.2944053983812
8.17 50.0357816452478
8.18 48.1630034907896
8.19 50.1195432619416
8.2 49.4421991719909
8.21 54.1529408496216
8.22 56.1820975056284
8.23 57.9614856526166
8.24 41.9169124887684
8.25 43.1279212988185
8.26 55.4680965254748
8.27 42.0361551382696
8.28 46.6248828254127
8.29 43.0413490768105
8.3 41.8568081786298
8.31 42.8429869070178
8.32 66.2551226712192
8.33 46.2879440979019
8.34 15.5927747823585
8.35 58.9068692293331
8.36 34.3053650925557
8.37 55.7018835423048
8.38 52.1758999077792
8.39 66.2670750573842
8.4 53.2350319784717
8.41 60.6990800676559
8.42 47.9263103252604
8.43 56.5049630294381
8.44 48.3518230963405
8.45 47.5276680686003
8.46 32.6856692294351
8.47 48.7417045560866
8.48 63.2731234873034
8.49 53.25825111774
8.5 37.5283126418364
8.51 66.7959482999632
8.52 37.8778643557301
8.53 24.6660379400428
8.54 40.5675672383007
8.55 64.0789653229267
8.56 26.3710608197195
8.57 39.5222468356974
8.58 55.7502116509565
8.59 54.0023303691986
8.6 41.3840883143752
8.61 44.7432968475434
8.62 51.3334324929891
8.63 40.3929794085891
8.64 58.9449854728127
8.65 47.9553877580597
8.66 57.9643119331966
8.67 51.4373334318847
8.68 46.2840908444552
8.69 47.0387828052599
8.7 33.16883713983
8.71 54.5794678724388
8.72 42.7686784245814
8.73 64.7483740470209
8.74 51.3501556903619
8.75 46.296590477174
8.76 63.1518922954138
8.77 55.587776060165
8.78 51.5617344650079
8.79 56.6843844950222
8.8 44.5953417779833
8.81 47.5129135644545
8.82 56.9465273178955
8.83 59.9940045016729
8.84 56.6230047807462
8.85 46.9795602909026
8.86 42.070890055203
8.87 49.5972006250647
8.88 45.5684890907614
8.89 51.5667225793284
8.9 47.7345948511051
8.91 36.5919917854113
8.92 61.0858383315056
8.93 58.3958123882392
8.94 54.2626938531736
8.95 52.3294773421475
8.96 67.0344850213177
8.97 57.1155696235852
8.98 52.6086350338429
8.99 65.0403719559702
9 56.9520007273757
9.01 46.7714923873345
9.02 25.0805138710903
9.03 75.72452899151
9.04 46.511956926738
9.05 43.8964208125384
9.06 46.4115645348688
9.07 55.4388398778091
9.08 44.8766962028843
9.09 61.8633241613633
9.1 60.3798874627179
9.11 71.3826820106974
9.12 52.5768174203649
9.13 63.4418923207069
9.14 36.0664498806251
9.15 51.6185077284411
9.16 54.6646644986083
9.17 52.0166686096198
9.18 60.9245377604405
9.19 45.942332283176
9.2 46.6971472264697
9.21 49.6419349143684
9.22 42.6283608451347
9.23 32.0048973104354
9.24 61.411373214959
9.25 37.1124082107829
9.26 54.7409473315099
9.27 41.2522527030409
9.28 73.5017123776964
9.29 57.9160328347169
9.3 58.2122322375526
9.31 49.0347259464617
9.32 53.1794316326554
9.33 42.2829986726095
9.34 41.8027790166306
9.35 62.8363510448054
9.36 47.3257454480422
9.37 63.8190170617831
9.38 53.8360237492583
9.39 74.2014792045161
9.4 52.3783080152779
9.41 41.6542749370889
9.42 71.1676344113451
9.43 48.013482502626
9.44 15.4480503819275
9.45 52.8200344688727
9.46 31.4032829366519
9.47 41.6226010231622
9.48 66.6840464457882
9.49 42.507132491432
9.5 50.3303168903491
9.51 69.8180121481244
9.52 54.5293669717908
9.53 50.47799480734
9.54 42.9959323181425
9.55 59.1331203611036
9.56 60.8664412976104
9.57 24.0429233373802
9.58 64.4501408437597
9.59 43.6592818997422
9.6 64.1796462768835
9.61 60.8531690702663
9.62 54.8988077338962
9.63 74.213104679484
9.64 52.1285623796071
9.65 58.9113945437275
9.66 32.7428634253124
9.67 46.1356576923937
9.68 47.2189722536467
9.69 46.571900169569
9.7 59.9794339592291
9.71 62.1892860804242
9.72 55.101124181779
9.73 41.1815643399418
9.74 73.6813012568219
9.75 53.4909526222584
9.76 54.7798838750432
9.77 58.9735108826485
9.78 42.2969529596765
9.79 58.6839959731663
9.8 47.6291507252971
9.81 53.2177660111602
9.82 66.7845290322365
9.83 42.9746700775529
9.84 61.2605908993382
9.85 56.1719746258294
9.86 50.5477396756807
9.87 49.0081781515412
9.88 42.9423993093699
9.89 54.8402298448328
9.9 36.272642848517
9.91 58.0694303533216
9.92 72.0348372051027
9.93 58.7852954526924
9.94 63.6817797366551
9.95 53.4309748280831
9.96 54.5967641958148
9.97 44.9359826101091
9.98 54.0305958295944
9.99 55.5670331668898
10 58.5529906924033
