0.01 9.59391209125961
0.02 -14.7349718184313
0.03 30.9339169575342
0.04 -12.0964185919493
0.05 3.13697556293293
0.06 -17.2333538464231
0.07 17.7224787805923
0.08 -5.87504606515083
0.09 -2.67110734725738
0.1 -2.2567696947158
0.11 -11.8717306070949
0.12 -6.40398979219119
0.13 3.76022338897201
0.14 -0.502168964466489
0.15 10.5536673983392
0.16 3.61449740155948
0.17 -4.74291021840823
0.18 -9.010212678899
0.19 3.42955658794976
0.2 26.4709783421082
0.21 -8.61844722118823
0.22 -2.73840201342907
0.23 10.5092898220518
0.24 -7.40962971727851
0.25 -9.1297461018337
0.26 17.7216734859849
0.27 -4.91335659613258
0.28 8.78632462479872
0.29 4.48518616925447
0.3 -0.103230253594039
0.31 -3.83939066383953
0.32 -4.56476730806103
0.33 10.1058689171007
0.34 6.8261621380622
0.35 5.01010146121297
0.36 15.5304352160308
0.37 -8.73282583790736
0.38 4.29282468299351
0.39 1.40523649048603
0.4 9.50185631461715
0.41 1.5911643510909
0.42 6.08143404223377
0.43 12.2174439167575
0.44 1.53155332812885
0.45 9.39627361621983
0.46 6.70748401351711
0.47 18.4190684840041
0.48 5.89654009148757
0.49 1.11202976070469
0.5 -6.10567593509962
0.51 0.178061959087441
0.52 9.17412858818392
0.53 18.4327164208286
0.54 11.7324723109324
0.55 24.9302346101106
0.56 1.33368706038269
0.57 5.14106047701461
0.58 1.4487845211465
0.59 -2.29799323278578
0.6 11.9532392623581
0.61 13.6502276563951
0.62 18.6988486312586
0.63 16.2816791268183
0.64 23.2702352961778
0.65 7.56608375115115
0.66 -4.64065422476609
0.67 10.8912072056645
0.68 1.44130179852239
0.69 12.5383751832364
0.7 -3.48526453382525
0.71 11.5533713803167
0.72 8.1215524004939
0.73 18.8244426652276
0.74 24.9296610487398
0.75 24.7833901967968
0.76 1.57302609310667
0.77 15.8559072545538
0.78 8.31188464060317
0.79 24.8858092041343
0.8 31.6520410959136
0.81 13.2930703150077
0.82 17.9355584427675
0.83 10.6901812941531
0.84 3.61613065940815
0.85 3.72210013906788
0.86 16.9289607586737
0.87 8.52710038627975
0.88 0.722353279537886
0.89 15.0661708493355
0.9 2.97697504066727
0.91 53.2837391401365
0.92 5.24862081650962
0.93 0.311206491460679
0.94 17.2394994356457
0.95 3.39205332424434
0.96 -12.1946253066328
0.97 9.77537809763931
0.98 20.3960502598116
0.99 10.226802751054
1 15.813808587027
1.01 4.04529587386253
1.02 19.0350445766316
1.03 4.49761526719478
1.04 6.36445178533892
1.05 6.47933404988183
1.06 5.0517700761566
1.07 8.01993540793348
1.08 14.9690078548841
1.09 6.14673588874553
1.1 27.3256089833481
1.11 14.6581775421938
1.12 -4.5088118680378
1.13 37.9177623113138
1.14 -7.68076643948537
1.15 15.5464727166795
1.16 10.9282501443961
1.17 20.9897574603911
1.18 23.386493893168
1.19 0.701310613559786
1.2 25.7417607297694
1.21 10.2635751453528
1.22 26.7885043743538
1.23 20.9439157758589
1.24 27.9714508715312
1.25 14.0902145072811
1.26 14.2051516255866
1.27 9.03042024144326
1.28 7.21737539454517
1.29 22.2524909827738
1.3 30.775746244578
1.31 13.4839888340666
1.32 24.3247839549089
1.33 4.34238246250333
1.34 24.2324657147207
1.35 23.6862714511502
1.36 14.3087598391157
1.37 19.8375526265179
1.38 24.1445528545133
1.39 21.1166024127873
1.4 9.36076229679882
1.41 6.08430611163517
1.42 14.7996995770112
1.43 21.7008339897879
1.44 15.1582900771771
1.45 3.57861485578488
1.46 16.7185616949161
1.47 28.8721086106557
1.48 15.6639053236109
1.49 13.2752321692118
1.5 14.9466650926429
1.51 2.238989574219
1.52 5.26246045407474
1.53 16.2376507012697
1.54 30.1554475450911
1.55 10.7722698142423
1.56 20.1187895344143
1.57 22.2933652570707
1.58 11.9029964843717
1.59 24.7880823906274
1.6 -7.93148827902617
1.61 16.9613558752808
1.62 43.0760763271727
1.63 3.06380020231672
1.64 7.03095042272665
1.65 25.7168345470734
1.66 20.6818198887185
1.67 22.0999198725758
1.68 12.8248159930098
1.69 18.342146887854
1.7 5.64750268616116
1.71 12.9809731673223
1.72 24.4060864509972
1.73 23.3566200397697
1.74 15.2094098218612
1.75 12.9626314419815
1.76 16.1363935815316
1.77 18.9747925382931
1.78 34.9778250425348
1.79 -2.95622648003255
1.8 33.8944279451616
1.81 27.0686197615385
1.82 13.6151264749512
1.83 -8.63885491181103
1.84 24.3122148202698
1.85 11.4912992652809
1.86 16.2194314988216
1.87 37.3794800181831
1.88 3.96200827108262
1.89 -1.96674302942165
1.9 3.91830796409846
1.91 9.35581624806466
1.92 23.1980746648373
1.93 19.4713124767195
1.94 26.3209897778985
1.95 20.0979789462654
1.96 7.93739502193339
1.97 19.6394120220793
1.98 7.36092694587693
1.99 33.3132754067867
2 17.091821911068
2.01 29.7122630284172
2.02 15.1425616794306
2.03 1.90380157311979
2.04 14.2782730970149
2.05 7.53684259143342
2.06 10.3403571358311
2.07 21.2184017698411
2.08 22.738034469084
2.09 16.8894432015461
2.1 20.5385703627246
2.11 15.3743598360976
2.12 -3.72633542790513
2.13 1.57291882615575
2.14 -8.85451648992208
2.15 8.614520140065
2.16 12.0182936574892
2.17 15.2132759428467
2.18 9.49596104959401
2.19 7.34298149365342
2.2 15.3001501007588
2.21 10.4931328456104
2.22 10.379526926194
2.23 11.6902316540886
2.24 25.3690738968271
2.25 10.6816379154637
2.26 10.0572345056163
2.27 5.88397810634275
2.28 22.8012005825369
2.29 11.7431972779858
2.3 17.2118667651538
2.31 5.16858487056068
2.32 -6.71161129237711
2.33 33.6513819012128
2.34 21.6746623655568
2.35 0.775909918717819
2.36 14.0774346643186
2.37 30.785082087052
2.38 15.2197830808004
2.39 31.6625821766903
2.4 13.9645169401174
2.41 39.2528196571605
2.42 -8.92892277073893
2.43 5.57637830712092
2.44 21.5989124803584
2.45 34.9862488761288
2.46 14.0589544816526
2.47 5.26832932571224
2.48 16.6666549689101
2.49 31.5435549997197
2.5 8.99837380262361
2.51 17.6623388210365
2.52 34.2761733016389
2.53 8.29495673574443
2.54 12.7136800317173
2.55 15.2441653956763
2.56 30.4975077887098
2.57 23.0427359857343
2.58 6.81152465319251
2.59 13.4687953970988
2.6 5.66638259404387
2.61 17.9482402409619
2.62 12.5263941067162
2.63 36.4210388707817
2.64 25.5131874284394
2.65 14.9230565319807
2.66 21.5282685242438
2.67 18.1039983027524
2.68 21.2835822363637
2.69 25.7169884734193
2.7 -18.1345383455057
2.71 11.2750020678221
2.72 31.5340389023575
2.73 22.1571659777443
2.74 26.2461747176079
2.75 2.13437996360361
2.76 29.1949841884961
2.77 27.1365792792033
2.78 18.3593531878993
2.79 10.2787181417946
2.8 13.3503082477877
2.81 26.1412417323007
2.82 11.8083502292638
2.83 30.0869093132539
2.84 12.6347224367345
2.85 16.8278133462281
2.86 24.342099601699
2.87 21.3573602575452
2.88 0.73183540614508
2.89 8.20507124093562
2.9 28.3770832291467
2.91 30.5194293884628
2.92 26.2010716812186
2.93 11.9048447497962
2.94 4.00875255118913
2.95 6.49375080033931
2.96 18.5677676106701
2.97 15.1422250614078
2.98 42.6093423747525
2.99 16.1962858366299
3 20.6460512701036
3.01 10.2780011855152
3.02 18.7807319991735
3.03 20.3803520343342
3.04 36.7517883427401
3.05 17.2104594704185
3.06 28.9765485625599
3.07 21.2312366047672
3.08 19.394551364884
3.09 -13.6287940949113
3.1 31.9868417773628
3.11 16.5377834879988
3.12 28.7515479041877
3.13 31.4991919385737
3.14 33.6705080119114
3.15 10.6608366586927
3.16 15.7950007069987
3.17 33.9682652685439
3.18 26.331236154417
3.19 33.2945149321644
3.2 22.3161195893167
3.21 13.5003965598519
3.22 24.4158538975096
3.23 20.13062962115
3.24 29.7146583190148
3.25 10.2598755774864
3.26 11.7712889069891
3.27 19.9608687105256
3.28 37.597626259718
3.29 22.2176587642013
3.3 25.7401689426757
3.31 14.0121040543259
3.32 16.7674476007354
3.33 21.5662585945176
3.34 54.3747859257092
3.35 18.0771238749691
3.36 24.5086995021349
3.37 28.7958479840688
3.38 29.3891007156605
3.39 24.5371614944735
3.4 23.1119931103406
3.41 3.16542413285611
3.42 20.7487723033733
3.43 32.2956297518707
3.44 7.91574740182848
3.45 30.6166412743936
3.46 21.1232144029001
3.47 25.9476522733755
3.48 15.0611816321834
3.49 21.0899500130426
3.5 14.8256560943332
3.51 22.9628505028509
3.52 21.9083822771298
3.53 15.7913306731894
3.54 17.8999494581252
3.55 21.1123682418465
3.56 36.0976847744437
3.57 45.8213560406347
3.58 16.426828991011
3.59 33.6159508464111
3.6 17.082478710999
3.61 26.9104123202596
3.62 29.019526215498
3.63 38.4142009740623
3.64 18.6066437320548
3.65 21.7224817031835
3.66 40.0459785204739
3.67 9.22273822348989
3.68 32.0573089119147
3.69 26.4634582844169
3.7 23.7709121465739
3.71 23.0261475099783
3.72 58.0873756183707
3.73 46.2124701849062
3.74 20.0683650148824
3.75 32.1805219156343
3.76 31.877268836521
3.77 45.2253914381514
3.78 15.4572096815441
3.79 31.7664022016527
3.8 36.2990444413976
3.81 31.9674189930598
3.82 37.2309402539282
3.83 11.6540824266507
3.84 35.0750462377172
3.85 23.9785455261415
3.86 32.2839420254051
3.87 36.0941960816245
3.88 14.3310991242727
3.89 27.6032896710578
3.9 13.5490621101021
3.91 39.5837940309079
3.92 15.8271660822524
3.93 18.2124916367755
3.94 7.36036572381403
3.95 41.1508935671185
3.96 29.3685073699999
3.97 12.8861740131366
3.98 21.1450244806842
3.99 33.2839693185625
4 33.0152540551647
4.01 32.0059471678768
4.02 5.92435314214806
4.03 26.5496959738368
4.04 15.2309252206998
4.05 28.6026360308024
4.06 12.0687150459658
4.07 27.1021287154497
4.08 30.2871379413266
4.09 9.46968389413088
4.1 37.8766094723993
4.11 24.6334274840255
4.12 30.8695704125565
4.13 19.7992460850036
4.14 14.0261325122933
4.15 24.4848315599283
4.16 16.320188896564
4.17 36.5234227004389
4.18 30.2775173636812
4.19 38.1359089375657
4.2 19.0674158741573
4.21 28.573009787305
4.22 16.6606739997282
4.23 43.0584762151772
4.24 13.09825293253
4.25 24.8547950453949
4.26 29.9623512110816
4.27 13.3860736600877
4.28 14.888217848375
4.29 27.3156055788033
4.3 27.4935388661471
4.31 46.3112896614768
4.32 29.4779979276458
4.33 32.2290953539395
4.34 31.7867387032974
4.35 32.4788836225356
4.36 19.9782268838011
4.37 22.8298877099781
4.38 41.4842013346996
4.39 20.53463214215
4.4 15.9480143778594
4.41 13.995628642919
4.42 11.7570441540656
4.43 32.7100425337662
4.44 29.926997946767
4.45 26.9956864238692
4.46 55.486757649545
4.47 19.5343430948961
4.48 31.7034871126974
4.49 27.8862847052563
4.5 29.1930824908528
4.51 20.1231302937441
4.52 25.9538828218802
4.53 19.4956775194385
4.54 27.0178641422928
4.55 16.1833381455829
4.56 23.7796322449977
4.57 35.7139670122078
4.58 19.5719055202221
4.59 44.643220091257
4.6 20.0433197272861
4.61 32.5333643622761
4.62 26.5836890603247
4.63 22.8975359454322
4.64 38.0905150402009
4.65 15.4822251082353
4.66 23.1606367216304
4.67 36.4981997877637
4.68 24.1938101512997
4.69 29.8722220327472
4.7 26.2876504205679
4.71 30.7839057649884
4.72 25.1058414843581
4.73 34.2902628194812
4.74 25.7790108389822
4.75 44.5449060981322
4.76 23.4992159480701
4.77 32.581467668641
4.78 37.444647550928
4.79 22.2774881255985
4.8 19.1662756062897
4.81 26.4929778607557
4.82 19.5525611299168
4.83 30.4019757040445
4.84 29.417602410089
4.85 38.168927921226
4.86 27.789027406309
4.87 29.6707518213778
4.88 7.80860331856084
4.89 44.5562500535165
4.9 33.1564272242349
4.91 35.0885257708798
4.92 33.4714354393868
4.93 20.0396448931553
4.94 14.6068215303706
4.95 -1.32456808230247
4.96 23.6700603880231
4.97 19.3170844878216
4.98 23.7167962670981
4.99 43.9615104963389
5 30.2693624733917
5.01 28.6194331017238
5.02 34.1047744416841
5.03 32.2529962226719
5.04 31.6173268913069
5.05 34.6825816978387
5.06 18.6951424605106
5.07 43.2896870987973
5.08 31.7647137581763
5.09 26.0508742084419
5.1 20.0620382537618
5.11 43.5662932860861
5.12 31.699266883527
5.13 39.2382561952276
5.14 26.0289276152946
5.15 20.6489009417353
5.16 29.6380272958554
5.17 34.1949794662649
5.18 28.6641866441871
5.19 38.1071520055781
5.2 10.3478947313621
5.21 44.6761981277356
5.22 37.6304387083712
5.23 42.5115783019989
5.24 28.9657104799487
5.25 42.0719174785594
5.26 27.0966715940148
5.27 34.8747782393196
5.28 34.2876810340916
5.29 44.1820472924924
5.3 31.2565719602436
5.31 37.2927588513208
5.32 32.0489736868715
5.33 25.1062285369678
5.34 28.2717951154593
5.35 31.1514497595785
5.36 37.790021444318
5.37 31.5236360621482
5.38 32.4674705720365
5.39 31.1227621777982
5.4 24.7390687713148
5.41 25.1473899241074
5.42 15.7125092995815
5.43 26.1886623704567
5.44 25.4132814088311
5.45 18.1517738200115
5.46 31.2464172682319
5.47 43.698082375439
5.48 34.6426412194726
5.49 36.649804903958
5.5 39.4555953118494
5.51 49.8226722391009
5.52 30.0826229084381
5.53 34.2143293981217
5.54 42.5801634846333
5.55 35.1434775093091
5.56 40.115058824835
5.57 28.0510978819872
5.58 30.740629196422
5.59 29.898802772094
5.6 21.6167714548393
5.61 23.5449235809136
5.62 24.6184997821981
5.63 35.9944768753392
5.64 38.2000083326014
5.65 41.1093700157988
5.66 39.7044908709344
5.67 43.7995751949132
5.68 52.5629884463513
5.69 35.6791501973749
5.7 42.9680508863017
5.71 38.6278945642886
5.72 43.2065154650782
5.73 26.0828904826891
5.74 31.0143632136567
5.75 53.4805925259736
5.76 34.2542083975021
5.77 51.5314797082862
5.78 27.7320275753038
5.79 36.1100860004861
5.8 37.7956588887299
5.81 42.7902475516239
5.82 37.7542541820091
5.83 33.0071820198671
5.84 41.5193195555163
5.85 26.931979239017
5.86 45.6372528975189
5.87 51.9314108243254
5.88 27.2957902451838
5.89 31.4528642938951
5.9 28.004245368012
5.91 48.0975723486689
5.92 24.0307045107141
5.93 27.4838540798604
5.94 15.771161339357
5.95 36.1380557791067
5.96 27.92821320343
5.97 46.4789678166317
5.98 40.8537456041478
5.99 36.5090792792865
6 18.9908058846468
6.01 44.5418064453999
6.02 38.4461075827787
6.03 51.791907485586
6.04 28.1364756241611
6.05 40.7054180003848
6.06 36.9821780764871
6.07 52.6156033080487
6.08 30.0678375517376
6.09 29.004079454072
6.1 45.1480421652806
6.11 34.7229846424291
6.12 22.4028062219913
6.13 28.1541330365763
6.14 35.8994241364925
6.15 27.4026213926048
6.16 36.8775997335654
6.17 45.0761285419063
6.18 50.6214965223754
6.19 37.6765472600018
6.2 31.8752228432095
6.21 37.556705175344
6.22 25.422738211452
6.23 35.4172073322935
6.24 25.6893075489208
6.25 29.8579096156693
6.26 30.9008734158458
6.27 48.134862193752
6.28 28.7508675901017
6.29 16.7573435959942
6.3 25.8096251251073
6.31 41.4911631703778
6.32 46.2617387919785
6.33 34.4644945547632
6.34 34.7752139978238
6.35 43.0006837024864
6.36 37.7089508931604
6.37 33.3036641611292
6.38 40.2908847191734
6.39 41.5616228009989
6.4 58.0815530333181
6.41 32.1926454445707
6.42 26.7832671484191
6.43 38.8439521323204
6.44 41.9290546694096
6.45 37.46782298496
6.46 33.4238147827509
6.47 26.7365974328272
6.48 53.0690218738598
6.49 41.0301452431575
6.5 51.12199916759
6.51 41.4012442507302
6.52 29.1683860583044
6.53 53.4274993484321
6.54 49.0033875673822
6.55 40.6856805307134
6.56 43.4930526718262
6.57 40.7586053485768
6.58 46.2576502175903
6.59 36.7287263140718
6.6 38.2817378064248
6.61 39.7801977483988
6.62 22.0595492495059
6.63 27.0739880672382
6.64 47.9784738312843
6.65 21.0537455938018
6.66 29.7652725160339
6.67 27.459562496808
6.68 41.436624786414
6.69 42.6702092417979
6.7 49.9225703862309
6.71 10.2363765959714
6.72 35.3305301036794
6.73 38.2863340058972
6.74 33.4273103283806
6.75 29.1960317259382
6.76 30.8941973899831
6.77 45.8048043603598
6.78 28.2064530059334
6.79 28.3243736805916
6.8 45.785751005083
6.81 47.0395851546546
6.82 28.5872208041141
6.83 41.648659053032
6.84 33.075739414445
6.85 33.9815620012399
6.86 31.1619136517137
6.87 42.1412497963219
6.88 23.2822949521768
6.89 37.295756021071
6.9 38.2091766811519
6.91 29.3582790766402
6.92 30.5824948600642
6.93 25.1188661308481
6.94 30.1987974900192
6.95 30.4287229717179
6.96 49.7893638703422
6.97 42.4543039825937
6.98 44.3186851116247
6.99 33.8493331703269
7 38.3631852941485
7.01 36.138036854352
7.02 31.3112236909611
7.03 36.8271769575732
7.04 36.5746236812102
7.05 50.9237037865021
7.06 38.1083435728548
7.07 47.1775990366304
7.08 36.0681754508413
7.09 36.0061882827869
7.1 25.6066371802432
7.11 32.5683113929575
7.12 43.832528157305
7.13 58.8647720379901
7.14 39.3841596541322
7.15 35.0680871629368
7.16 36.7822744909941
7.17 33.5668049057952
7.18 55.5644400488291
7.19 61.1527583695628
7.2 35.3922178613291
7.21 33.0424136123867
7.22 38.4565258994149
7.23 21.223018869502
7.24 34.1798994500862
7.25 55.968282666806
7.26 66.8876550245854
7.27 48.3612452877203
7.28 42.5213614435237
7.29 38.4669952796992
7.3 52.0307187892341
7.31 44.2504721968158
7.32 37.2245423129918
7.33 33.438322850291
7.34 41.5668618231541
7.35 62.8519073971621
7.36 44.2975707235084
7.37 47.5654655522162
7.38 44.1086548760124
7.39 29.5410297668394
7.4 52.7823342026517
7.41 52.7040196907733
7.42 38.6946403069333
7.43 34.3417343008252
7.44 35.2839227866171
7.45 40.9152136593795
7.46 30.9571245530947
7.47 41.6695312239243
7.48 46.2077909105103
7.49 36.2767819053695
7.5 32.6703336368518
7.51 31.6893455027388
7.52 47.9585143510828
7.53 39.2732341046792
7.54 41.8256955601137
7.55 60.9567115628358
7.56 45.4947487809588
7.57 59.0906217366942
7.58 42.8452988075795
7.59 18.9141429420948
7.6 36.4996130043957
7.61 47.9098470623853
7.62 35.0156072360795
7.63 41.3506221302298
7.64 31.3019662808925
7.65 37.6177857035793
7.66 33.9698683026742
7.67 39.7302369274737
7.68 34.6307782427824
7.69 50.0071911927451
7.7 33.4301492713216
7.71 31.0835393711406
7.72 56.7740239353883
7.73 40.386325100898
7.74 28.95593118046
7.75 45.5621305894279
7.76 32.5648773257361
7.77 39.3257347479631
7.78 47.3801535243558
7.79 46.1955383434386
7.8 25.5049197773763
7.81 46.6553912316846
7.82 32.5565494598729
7.83 30.6498001940885
7.84 42.9238911627675
7.85 53.4019351715861
7.86 50.958789168356
7.87 26.3186247698076
7.88 61.7637828268766
7.89 59.7346875617128
7.9 39.6638716810601
7.91 50.4538319635712
7.92 54.6666101470438
7.93 46.7436409174675
7.94 61.7287981579772
7.95 41.2144231127392
7.96 22.7444712359669
7.97 46.0872272863473
7.98 53.0384585931642
7.99 49.1643918147681
8 55.7550038068947
8.01 37.950817173683
8.02 29.1640245593188
8.03 51.5084292130401
8.04 43.2442710146559
8.05 48.5918776652272
8.06 61.0886390873213
8.07 29.7705468485099
8.08 47.3107612650898
8.09 51.2102405505622
8.1 56.3836899989851
8.11 52.5478023235333
8.12 50.4147758811451
8.13 39.9206705431589
8.14 28.6372112253389
8.15 54.2392440879153
8.16 38.6005518202385
8.17 42.1481135539957
8.18 38.5397268818011
8.19 56.0932417026159
8.2 43.7501996313103
8.21 41.7239587765998
8.22 29.8769968051881
8.23 36.1289127733887
8.24 54.097506666988
8.25 35.7724545045134
8.26 44.5987582255169
8.27 64.182269810805
8.28 43.2450776686657
8.29 48.084016661799
8.3 55.6314462408661
8.31 74.0043522626241
8.32 37.5250181772817
8.33 53.3566222412161
8.34 42.4843205867803
8.35 33.4695230044471
8.36 46.8868090570061
8.37 59.7713192546727
8.38 56.2984463420981
8.39 50.1160594988265
8.4 44.356626775513
8.41 43.3727913329599
8.42 58.2198877883135
8.43 41.0271573690181
8.44 34.0912613853922
8.45 39.0249837016182
8.46 55.8651270947131
8.47 72.0911292648553
8.48 53.4232591598885
8.49 47.3393410966203
8.5 55.9280641172946
8.51 47.7808152430727
8.52 48.0231711328569
8.53 44.5111103415227
8.54 44.7696871176406
8.55 45.0121604789706
8.56 56.8436423917237
8.57 29.159342791019
8.58 43.4553912646499
8.59 59.6435443804989
8.6 53.0675796118732
8.61 79.5714414635236
8.62 31.9252852849389
8.63 34.6449467540415
8.64 63.5050470096971
8.65 42.4734959738542
8.66 59.8667692954786
8.67 37.7895958101892
8.68 31.0137232786728
8.69 59.3843688470499
8.7 49.1869329969654
8.71 47.3823111063483
8.72 61.9627999133703
8.73 38.2776679704187
8.74 51.6923789843336
8.75 44.8718496185651
8.76 50.2767580893135
8.77 54.0516377448423
8.78 43.5443560559089
8.79 58.2250401069681
8.8 36.1766144614716
8.81 41.0903603677757
8.82 56.5780744335718
8.83 60.0974427488164
8.84 41.7078206997048
8.85 49.2502480344458
8.86 47.3859127090776
8.87 48.7421457795529
8.88 30.6454454061616
8.89 58.8996756040151
8.9 49.1180061352284
8.91 60.1958724686744
8.92 46.9493265502694
8.93 50.8298047110222
8.94 55.139622149734
8.95 53.5509617098293
8.96 69.8406249880714
8.97 43.8667929778235
8.98 45.9553307957666
8.99 35.6822565986905
9 37.9693075378111
9.01 67.3631171989503
9.02 61.8221025252474
9.03 49.1948480644876
9.04 57.3936409987066
9.05 61.2413440745177
9.06 31.9127756142106
9.07 48.5591814666784
9.08 49.3321409005416
9.09 48.051303957621
9.1 43.0064520893517
9.11 35.7524607743052
9.12 44.5285244626048
9.13 39.4146152055768
9.14 50.6121281063707
9.15 48.3807164020853
9.16 52.5899391324046
9.17 49.2668714450532
9.18 47.100715207645
9.19 60.0105959040152
9.2 45.4703501754086
9.21 55.0981466673876
9.22 55.4368355889148
9.23 49.3840990077945
9.24 42.6714136022978
9.25 49.8849610185597
9.26 52.166986315782
9.27 70.0049893287587
9.28 60.1372019052197
9.29 70.5972058022858
9.3 44.5700328503817
9.31 53.4544540937009
9.32 31.1341182992995
9.33 45.6590787825596
9.34 52.6231512472278
9.35 34.4622605058023
9.36 57.3257151944369
9.37 58.6691858569998
9.38 33.1104448960623
9.39 75.2524447018116
9.4 61.8251179056034
9.41 50.7642452888967
9.42 59.8213382028454
9.43 46.2454921868545
9.44 48.9276833530503
9.45 53.5545091215545
9.46 41.7640988287773
9.47 41.8622143984224
9.48 37.0692024634407
9.49 44.1447655952145
9.5 65.2146722375977
9.51 52.0106263354051
9.52 54.8013974443201
9.53 40.669808873109
9.54 53.5750039305313
9.55 42.2387639075166
9.56 52.2312614557992
9.57 57.6705186826405
9.58 48.9368117143241
9.59 35.6264517847568
9.6 58.6190492423308
9.61 51.9056252083421
9.62 50.3704286938371
9.63 25.1374516756376
9.64 66.203910080325
9.65 42.9446597596544
9.66 74.8005558212485
9.67 61.2993411267316
9.68 44.7640130587591
9.69 62.7466101949883
9.7 60.9796445896139
9.71 38.3079922751231
9.72 58.6901888935328
9.73 47.9431721302863
9.74 61.0091822179576
9.75 68.2173360006947
9.76 43.8836064848472
9.77 64.7679070146864
9.78 31.3514276510839
9.79 49.3233856546499
9.8 46.3786083888139
9.81 44.381171168413
9.82 48.0406346133949
9.83 54.878206316176
9.84 55.7325245259726
9.85 60.3583138031366
9.86 56.6221271375991
9.87 48.257983595104
9.88 65.4951917050712
9.89 52.1144164345213
9.9 65.3123198036532
9.91 69.8287987677125
9.92 67.2588632856082
9.93 54.7398568043275
9.94 36.4350666499799
9.95 62.4471157051726
9.96 67.8386956878938
9.97 32.9879337744756
9.98 35.8023916636362
9.99 65.4574291891039
10 61.7983394181263
