0.01 13.1085205067398
0.02 -1.50414449140929
0.03 8.0394939133813
0.04 -15.7335650001723
0.05 2.11475322348309
0.06 8.26670074018053
0.07 4.0602568568952
0.08 13.2307018746063
0.09 5.12678555520542
0.1 -1.15494695925123
0.11 5.81333414786534
0.12 20.3967442396188
0.13 11.5067728851243
0.14 6.73784740430309
0.15 12.1773608403298
0.16 0.460655286182595
0.17 13.6852963388757
0.18 16.4084837894272
0.19 2.944614562849
0.2 3.46582198086317
0.21 4.29344118796779
0.22 21.7020098019564
0.23 27.190228157635
0.24 10.0357105502189
0.25 15.5293434931576
0.26 8.08804447674606
0.27 7.79885403028157
0.28 -9.48491960790299
0.29 5.65459910820155
0.3 18.9915742791437
0.31 -0.869839948682869
0.32 19.4693061879774
0.33 19.7028905341432
0.34 7.7552029373161
0.35 7.90495409181096
0.36 -1.10716142569872
0.37 1.93809457077491
0.38 6.47969555617713
0.39 15.6778493726977
0.4 15.3603293886619
0.41 9.69628295177449
0.42 -10.1789610255428
0.43 8.23987623683682
0.44 5.06784071083824
0.45 3.83815608647669
0.46 0.744660216824219
0.47 14.1164428868327
0.48 25.1040671152107
0.49 7.53638641588896
0.5 11.8470181641766
0.51 10.2869625163752
0.52 -6.24238585131121
0.53 -4.74686679029555
0.54 -1.82040458923387
0.55 13.2178907825378
0.56 3.13583233779647
0.57 4.25646712305698
0.58 -12.1613252743252
0.59 16.4687732770552
0.6 -3.92410204873187
0.61 -12.9879853055245
0.62 -1.94541229812615
0.63 19.8932799069241
0.64 7.05876192634026
0.65 2.6726471298137
0.66 14.4102277977248
0.67 3.80753253586546
0.68 -6.89567360096918
0.69 22.1223832303574
0.7 10.8582919630867
0.71 21.9672211170847
0.72 35.733126552242
0.73 15.7320345325136
0.74 0.100885996499782
0.75 11.8373956542942
0.76 7.84690249176265
0.77 9.80618339639148
0.78 -5.05982665742279
0.79 8.27687186864278
0.8 2.11455849967702
0.81 8.2860002629082
0.82 1.49242130164597
0.83 0.961718566911108
0.84 1.88761852049991
0.85 13.1898242110756
0.86 21.9627110406378
0.87 5.89945708390144
0.88 23.6632061817667
0.89 22.477042587442
0.9 4.78454386842668
0.91 13.1773830063793
0.92 0.450568732956405
0.93 19.8949178633582
0.94 9.72717828533806
0.95 4.08445069194965
0.96 5.19182902846594
0.97 19.5623389540397
0.98 19.814191496427
0.99 9.42825995607548
1 11.8076795368249
1.01 17.6364188043279
1.02 13.4888776639948
1.03 2.51882046434072
1.04 14.5822889104183
1.05 31.55359449411
1.06 13.9132918458466
1.07 15.7693352659794
1.08 -1.50145409996902
1.09 15.7223809498902
1.1 11.3442708290326
1.11 25.1727604026125
1.12 8.71562545133948
1.13 10.7964875898565
1.14 17.426780288414
1.15 2.63432713536695
1.16 6.47861465476313
1.17 -11.9362177334638
1.18 -4.14135159551051
1.19 20.4701147834738
1.2 -0.0313353683712414
1.21 18.226258261036
1.22 5.98905571120087
1.23 21.8896288097707
1.24 -2.77223850794167
1.25 14.001511844045
1.26 -1.50344851649562
1.27 5.39875435128919
1.28 24.8209130532742
1.29 -6.95657313942628
1.3 4.66687673188652
1.31 18.0894038302327
1.32 1.02522709843926
1.33 28.9808005596423
1.34 26.6275748358683
1.35 -13.190651165837
1.36 23.2910680196764
1.37 15.0487824986752
1.38 6.77932826732789
1.39 24.5939660816026
1.4 5.88151411322495
1.41 17.2251209954322
1.42 8.2469199033729
1.43 1.70782041264998
1.44 6.3906671413476
1.45 15.3746057095813
1.46 10.9431060946226
1.47 5.15600066007034
1.48 17.2338208708483
1.49 3.23909554965851
1.5 13.3469357108412
1.51 27.5012802705809
1.52 5.4010211768622
1.53 18.1861236897659
1.54 26.7463424597276
1.55 25.2225628889861
1.56 -0.907427883306195
1.57 15.4668630482212
1.58 -0.87975540213025
1.59 26.0861159678438
1.6 28.594465090872
1.61 20.1628894658887
1.62 -3.28858003237202
1.63 16.2998740657914
1.64 18.5286089008809
1.65 16.2989886650852
1.66 21.0139453232969
1.67 10.2049652350706
1.68 21.0634270008085
1.69 16.1328366085359
1.7 16.6396376067672
1.71 16.2699439816053
1.72 31.7788702257588
1.73 23.6848412717181
1.74 18.6488306817535
1.75 14.9242221151274
1.76 -0.645976221688219
1.77 10.4293573676726
1.78 8.34213443105171
1.79 -2.10455948654511
1.8 10.9072124465607
1.81 19.0050313348649
1.82 17.1641373957905
1.83 23.1043211342322
1.84 12.7575176392231
1.85 12.928509826396
1.86 12.7389782973744
1.87 18.6961347789059
1.88 9.56672085061866
1.89 2.13768744431985
1.9 12.6576640685096
1.91 8.9222190687394
1.92 -6.36772053128976
1.93 5.24112541359068
1.94 35.3629259248039
1.95 16.4335470450541
1.96 28.139428412157
1.97 21.4916455958998
1.98 21.8237238631449
1.99 16.617475762901
2 29.4780485829987
2.01 11.6763498226077
2.02 21.1667137688559
2.03 19.2016324937421
2.04 4.83635229946217
2.05 21.2191487120085
2.06 29.9191601352676
2.07 14.3658594391532
2.08 27.1466630804232
2.09 16.7630006705388
2.1 19.6577469689365
2.11 22.8294990779722
2.12 24.718423865902
2.13 -6.04139789505579
2.14 26.4220031834448
2.15 27.3539053491805
2.16 19.8147288472901
2.17 39.6200746647626
2.18 3.59933465428413
2.19 5.31265339493487
2.2 41.4587881028734
2.21 13.7337032373939
2.22 6.08802471323668
2.23 -3.55243077679565
2.24 11.416817734663
2.25 17.9728035601721
2.26 26.1740897628984
2.27 4.97701089774659
2.28 8.32447871921979
2.29 15.7567666031693
2.3 6.43865813837647
2.31 12.6596816617994
2.32 23.0579861381732
2.33 16.1432899726869
2.34 9.53562101553731
2.35 4.92431624513244
2.36 27.5568291421833
2.37 4.14348274882852
2.38 5.54184956885363
2.39 22.5669357769595
2.4 27.4727578039791
2.41 8.85676485169678
2.42 5.12612583657093
2.43 12.4546338564254
2.44 10.2301720613594
2.45 10.7069244654797
2.46 7.34237005645413
2.47 33.4718663435777
2.48 16.6525551231512
2.49 20.9249789995502
2.5 22.9044399824314
2.51 16.3267143369629
2.52 26.9817452177007
2.53 16.236736306438
2.54 -13.2648885385634
2.55 31.9488814190057
2.56 27.6749412482492
2.57 20.5373464839356
2.58 18.596125703121
2.59 -1.79304268790322
2.6 1.73094565998319
2.61 20.3555740880574
2.62 12.8654930980101
2.63 0.365589076985483
2.64 13.1525308115116
2.65 22.4473374016909
2.66 36.5460644119238
2.67 3.74556852786071
2.68 34.6866423545267
2.69 22.7664866143242
2.7 27.3252473307064
2.71 17.2361727313035
2.72 5.69033577493892
2.73 50.6186227156079
2.74 42.888312650567
2.75 25.5751105210467
2.76 7.68839797835197
2.77 14.2697074040606
2.78 20.0898097573726
2.79 22.2240523041816
2.8 41.5510272246721
2.81 26.955045846622
2.82 10.5773514101314
2.83 14.2144805337351
2.84 49.9186796751526
2.85 12.9450917725584
2.86 16.8949398950991
2.87 1.07792492891426
2.88 27.6958478061179
2.89 32.8218277087737
2.9 17.9138657566919
2.91 14.2781220297306
2.92 25.0340511663936
2.93 2.81158290002703
2.94 10.8841806894252
2.95 23.7749361452162
2.96 -0.935904176878083
2.97 8.01845983913888
2.98 32.3578305532529
2.99 35.5279774304426
3 21.8154744869248
3.01 -3.03332048141639
3.02 22.4013167573678
3.03 17.767414119815
3.04 14.7014384835711
3.05 13.1111018990756
3.06 35.7766717829266
3.07 16.515330858882
3.08 10.3880443074189
3.09 15.1342332510397
3.1 27.8094526944013
3.11 22.2449166661475
3.12 2.13452338235223
3.13 23.6914302143132
3.14 6.84674451153699
3.15 12.1685915522606
3.16 28.369835885716
3.17 24.6300757080584
3.18 29.1252604474628
3.19 20.7564430096022
3.2 18.5313790569025
3.21 1.40386004715965
3.22 31.4194120674031
3.23 22.4246014659127
3.24 43.7497462820131
3.25 22.820587043182
3.26 29.4544362323568
3.27 12.2382058664032
3.28 32.3795743574709
3.29 36.1379674689994
3.3 25.4186452109493
3.31 27.094755825797
3.32 27.237562315781
3.33 33.5308952782333
3.34 43.0898532821752
3.35 27.1801281260155
3.36 36.4872777964825
3.37 13.2411506197702
3.38 23.4793875477886
3.39 21.5427506744186
3.4 18.0606663533039
3.41 13.2160504042226
3.42 20.3512725070403
3.43 16.2134656005747
3.44 27.3249387612531
3.45 33.0780116253124
3.46 49.9590361180264
3.47 31.3444739421024
3.48 20.7679336102585
3.49 34.4943260195587
3.5 20.0862482115705
3.51 9.11629982196653
3.52 -7.41348536784744
3.53 22.0928108552472
3.54 28.3133780257818
3.55 9.4233402177304
3.56 25.4216964242579
3.57 9.75873151899335
3.58 13.132813438512
3.59 6.0767820749891
3.6 15.0053103462253
3.61 34.6956818861171
3.62 22.1398358583152
3.63 5.39779948659942
3.64 16.2856111463746
3.65 33.3542825862229
3.66 19.9457426791289
3.67 23.2211675803232
3.68 13.1245804262565
3.69 25.4091230128085
3.7 33.1136760706529
3.71 30.4281375743002
3.72 8.98432141034709
3.73 35.896784479709
3.74 16.9880823038748
3.75 17.853758233287
3.76 14.9845027773839
3.77 27.4963210537267
3.78 32.9079357858617
3.79 21.6994293293832
3.8 12.0692207846625
3.81 18.1494571660646
3.82 12.8872633453755
3.83 26.7207651367776
3.84 36.5834924936033
3.85 10.770494371191
3.86 21.7695469508485
3.87 25.1744112806397
3.88 25.8286264601654
3.89 29.2400731293378
3.9 28.5429933354138
3.91 23.3848920636824
3.92 19.7866656560487
3.93 26.0588057427885
3.94 24.1296399926019
3.95 27.6089083462563
3.96 27.833371364136
3.97 30.8956789490815
3.98 17.9440345635509
3.99 14.4291837406987
4 32.6999197902426
4.01 37.5395995940184
4.02 24.1009061666162
4.03 28.5353523349792
4.04 30.2039269498403
4.05 13.5848943915026
4.06 23.4967123539112
4.07 28.8979167510358
4.08 21.2983160782943
4.09 22.6372766582026
4.1 3.96531458903578
4.11 37.9556819592427
4.12 23.3276223279851
4.13 30.3044029030086
4.14 31.959121263909
4.15 30.7113294703063
4.16 33.1572167656552
4.17 48.7628790607331
4.18 43.8410480314864
4.19 37.8289166730933
4.2 24.1564021267525
4.21 14.1653279110843
4.22 29.6788370971162
4.23 14.5335858237969
4.24 32.1938805361607
4.25 31.7415523984647
4.26 27.5735933235838
4.27 19.2028414485972
4.28 35.7769581757335
4.29 10.3946740538782
4.3 23.4838873724853
4.31 19.1426196375281
4.32 36.940688058367
4.33 24.7276892454204
4.34 27.9871585054193
4.35 52.0295574596178
4.36 28.7582562094509
4.37 27.6514837822442
4.38 38.335491632743
4.39 40.0570991951506
4.4 29.8294454430115
4.41 29.9936416348589
4.42 30.7733073552963
4.43 34.3256881215473
4.44 29.9214825957642
4.45 45.3343204242648
4.46 29.0142509989613
4.47 19.1045804436098
4.48 22.9134143457233
4.49 40.1513658965686
4.5 24.0425560274923
4.51 60.0804245276527
4.52 28.2636621076226
4.53 -2.37792971675437
4.54 26.5101797700025
4.55 25.7132112556224
4.56 21.6093708195356
4.57 30.0774933737339
4.58 32.4157262213019
4.59 49.8462858963041
4.6 13.0793177881276
4.61 34.0418845914283
4.62 35.7394026142108
4.63 31.3277555352712
4.64 21.9381538999397
4.65 30.9904805516874
4.66 16.3486735217688
4.67 21.0992538509701
4.68 24.9640855567699
4.69 47.705249631807
4.7 23.8026122170561
4.71 37.6359573362197
4.72 28.6963378296764
4.73 26.1050702645398
4.74 42.7433315548532
4.75 10.1788696084297
4.76 38.8133208360126
4.77 20.215092501039
4.78 25.7588615333101
4.79 32.0370954336832
4.8 24.7882919463197
4.81 31.3876020047676
4.82 19.8086889091854
4.83 36.5155491431008
4.84 18.8072380007716
4.85 10.1973783195708
4.86 39.8663557041747
4.87 7.34883566349201
4.88 34.6203870556631
4.89 46.058943751105
4.9 26.8407711673505
4.91 39.4319751371402
4.92 42.8149546122121
4.93 25.2180556217667
4.94 30.9116390550316
4.95 23.8418326134035
4.96 30.3939010105043
4.97 24.7588789545639
4.98 32.2754213106415
4.99 39.7430321023511
5 35.0212454097254
5.01 22.1926617844113
5.02 56.6871601048034
5.03 18.7842492890197
5.04 35.2412649693634
5.05 31.3891383276508
5.06 19.8498715838922
5.07 41.7930186497461
5.08 45.2798310427524
5.09 32.2473823805474
5.1 13.0415859022412
5.11 28.0025789612988
5.12 10.5713177550248
5.13 42.3418497206554
5.14 40.0207376028527
5.15 40.8091523515896
5.16 39.9276781956698
5.17 41.6346416849411
5.18 31.7711634852108
5.19 10.3000747037853
5.2 31.4314217461947
5.21 22.4697380104872
5.22 53.6533553172059
5.23 24.8403777856002
5.24 27.136301103709
5.25 18.7753480221278
5.26 39.9574877687419
5.27 38.8756518020702
5.28 37.0430105527252
5.29 18.4203256725972
5.3 17.6867782261534
5.31 38.4813260482065
5.32 35.795127373003
5.33 40.8927366244238
5.34 49.5796502477148
5.35 34.6376088824917
5.36 31.8722696642385
5.37 13.5195901531731
5.38 32.3115358915642
5.39 48.7154815687669
5.4 32.5564764369286
5.41 27.3898324625302
5.42 27.1695634792268
5.43 38.1540319083017
5.44 58.8059927658351
5.45 20.3742715909144
5.46 32.5305190857861
5.47 20.5842079238695
5.48 39.3841100186999
5.49 32.7948928798488
5.5 25.9364885690095
5.51 17.4249820451048
5.52 26.4812428467866
5.53 21.7432079959153
5.54 26.8966291730368
5.55 41.7088487262191
5.56 45.0359864774298
5.57 40.4748454735597
5.58 25.5028144111875
5.59 33.1348141197712
5.6 34.6044737134964
5.61 52.3009921856872
5.62 33.5851752638347
5.63 36.9276209864033
5.64 19.4632504296719
5.65 20.28105480343
5.66 48.3986636580197
5.67 12.5117257127878
5.68 42.4656030502591
5.69 49.4008395938625
5.7 23.1720855556528
5.71 22.7946906491244
5.72 38.4436058596742
5.73 46.3221568882363
5.74 42.4938365903692
5.75 18.7984998455626
5.76 43.0654153758523
5.77 39.2089511532732
5.78 16.1474127695535
5.79 35.2957919736197
5.8 14.9674585709154
5.81 42.5742577741934
5.82 57.8895645666747
5.83 30.7848583957493
5.84 24.0366263059847
5.85 29.1587382160723
5.86 37.8398548430085
5.87 40.8705978994456
5.88 42.7153831177201
5.89 26.5259262596289
5.9 6.14749139246654
5.91 37.3790063769176
5.92 25.45327824865
5.93 33.1327011004907
5.94 36.0277018272812
5.95 42.0105335213228
5.96 37.6737988024365
5.97 49.0014423505374
5.98 10.4955838883499
5.99 38.9011284662002
6 33.7061640497777
6.01 47.9731475782287
6.02 23.074358850024
6.03 39.1784007122473
6.04 43.2712460159996
6.05 33.345663017786
6.06 33.26165302326
6.07 28.6583276192606
6.08 24.5486650538568
6.09 35.0543730777771
6.1 25.9249791570282
6.11 24.6109656789547
6.12 29.2157602901789
6.13 19.5274559870385
6.14 26.6196492058431
6.15 31.5941217634833
6.16 35.9747367035493
6.17 48.1735326585906
6.18 36.3795846696241
6.19 49.3805144617953
6.2 40.4323222799038
6.21 36.9314733676823
6.22 33.4161105916621
6.23 31.3669071667134
6.24 43.1252499458272
6.25 44.6579517578767
6.26 27.9268197150007
6.27 20.9900117546466
6.28 24.6095393324812
6.29 50.6563818828393
6.3 36.5949914634787
6.31 36.0771898055033
6.32 56.1646253465922
6.33 29.6772662197394
6.34 24.1341600813001
6.35 37.4137738246429
6.36 31.8400606738829
6.37 29.6299250458062
6.38 41.5513484352896
6.39 42.6850474828015
6.4 47.822034014138
6.41 46.4051827337729
6.42 47.0812060908
6.43 34.6457865828286
6.44 25.4416111656148
6.45 51.4010163319171
6.46 48.3376346804232
6.47 24.7671368700022
6.48 30.5516329760094
6.49 37.1349584940789
6.5 45.3944239738294
6.51 16.9709056160975
6.52 31.8219737110938
6.53 46.413788692926
6.54 37.0655243437709
6.55 30.7435676841358
6.56 37.0941078728318
6.57 29.2775946300906
6.58 42.979552721484
6.59 35.7673572992385
6.6 43.7749513016011
6.61 30.241861805938
6.62 33.8016184805791
6.63 52.7476321099512
6.64 38.0308870590776
6.65 27.4430425236643
6.66 39.6711319495635
6.67 26.4784143310719
6.68 38.3193583655681
6.69 30.2746184619644
6.7 34.2986677271744
6.71 33.6900637929299
6.72 54.7980734851202
6.73 48.611784512565
6.74 52.3217339017485
6.75 26.3309040580095
6.76 48.7089848364525
6.77 40.9630544093187
6.78 41.5757849915869
6.79 68.580595290266
6.8 39.372079333136
6.81 30.2356427867159
6.82 40.2441718205326
6.83 26.9459295943909
6.84 47.8561842808485
6.85 51.1693594555424
6.86 35.4674652628332
6.87 41.3192644202465
6.88 56.7875837858234
6.89 32.912414735385
6.9 41.5178730809695
6.91 37.0380057890942
6.92 50.6760382195298
6.93 27.3953755804834
6.94 28.0809629108475
6.95 43.101539444777
6.96 31.136998339456
6.97 50.4784833393771
6.98 38.1576766817322
6.99 58.3192985437233
7 28.1386808162037
7.01 56.8867446723113
7.02 64.1096431394063
7.03 25.9302258669482
7.04 17.040712047357
7.05 51.4853814485789
7.06 55.5910493506313
7.07 45.444341765042
7.08 48.8747613850141
7.09 44.2262089721986
7.1 51.7555938026615
7.11 18.7396399053949
7.12 54.7311902472032
7.13 48.932544201171
7.14 35.0899920062744
7.15 26.8645172964252
7.16 51.959434143443
7.17 4.02865009411173
7.18 38.0792123318506
7.19 31.9839993187643
7.2 27.7015096205096
7.21 49.3515186678909
7.22 26.2499742030373
7.23 22.1587353049054
7.24 22.8632072406389
7.25 31.1955690503019
7.26 38.9990224083192
7.27 35.0727111236596
7.28 50.6741353214515
7.29 39.5974767309957
7.3 40.1408698988957
7.31 62.8202991495674
7.32 64.0677510583534
7.33 24.0351720918111
7.34 50.1042564827693
7.35 37.601391108907
7.36 20.188128130767
7.37 39.4074161031669
7.38 38.2725866831876
7.39 45.8956462020211
7.4 21.1014077413802
7.41 50.0978570991632
7.42 35.3807722771977
7.43 29.7881989168607
7.44 43.8227370611811
7.45 44.6418635865258
7.46 42.8380984178187
7.47 55.531615665886
7.48 34.8505395613527
7.49 33.6900192087157
7.5 39.5095493441824
7.51 43.9031647244028
7.52 29.3426162087515
7.53 58.4685698310824
7.54 21.5031571671025
7.55 48.3947625275404
7.56 27.4069418147282
7.57 38.7607806264967
7.58 32.5807990003843
7.59 51.9190618516449
7.6 41.316182692274
7.61 51.3208961882282
7.62 44.1022747626608
7.63 45.2513039409166
7.64 50.9912943040624
7.65 42.8231403891897
7.66 35.9407545072037
7.67 40.9011205246069
7.68 47.3723005102123
7.69 45.3860132784052
7.7 43.829561396593
7.71 37.489394569567
7.72 30.4085155352909
7.73 40.9882721966704
7.74 50.5004084760371
7.75 49.0720237061295
7.76 42.7932004536278
7.77 41.5811325016679
7.78 45.3060903042998
7.79 37.0268045582232
7.8 19.7810730680499
7.81 43.9951465552276
7.82 45.7490926149698
7.83 74.7245570029842
7.84 57.5156875480126
7.85 53.1807270047118
7.86 46.4348273550766
7.87 48.1394069552621
7.88 44.9372693803736
7.89 37.4162681092166
7.9 60.7739505841334
7.91 33.6126011219567
7.92 31.4824815880981
7.93 54.7545329600602
7.94 56.2150620649928
7.95 45.1001867675127
7.96 53.4448047349765
7.97 48.0439707809909
7.98 27.5409996630507
7.99 41.9328336682714
8 53.124633738888
8.01 50.0451933088974
8.02 66.0416036295116
8.03 37.5319658352632
8.04 47.2631281199892
8.05 45.1070794987673
8.06 26.4915415566498
8.07 34.6718066614999
8.08 66.247495496483
8.09 48.2193956198347
8.1 56.9489473338577
8.11 65.9758047244147
8.12 59.2230287727458
8.13 50.2898640642438
8.14 36.8018170125637
8.15 44.421990822162
8.16 46.6361741224214
8.17 32.5651332090242
8.18 37.4076302913763
8.19 46.8522956898647
8.2 60.8882683898305
8.21 47.418599799696
8.22 53.2038207901647
8.23 43.4404180400507
8.24 34.2569701327008
8.25 31.7140081644804
8.26 44.3527807055604
8.27 44.3139160959336
8.28 54.8573013275945
8.29 50.5629995201042
8.3 51.2670682548222
8.31 49.6366238449844
8.32 56.2162654468448
8.33 62.1606320941466
8.34 21.8250531428976
8.35 46.9364112951288
8.36 40.762182232095
8.37 47.764109572108
8.38 58.9640955513409
8.39 52.2611547880555
8.4 38.0151162946076
8.41 52.37773271225
8.42 34.2032600297913
8.43 36.2329649949448
8.44 41.6946042546763
8.45 53.5853621969776
8.46 67.8147348319806
8.47 48.8422170261477
8.48 49.4153800724032
8.49 46.3743097823125
8.5 43.8076502062563
8.51 55.9283319270705
8.52 38.5858022722291
8.53 63.4181035091196
8.54 51.8751081007
8.55 61.9977150235566
8.56 38.1935586514757
8.57 36.4395422379066
8.58 54.6352747806189
8.59 57.1142791281359
8.6 61.0877902843269
8.61 40.4298486363956
8.62 50.4935799912084
8.63 54.4836252679606
8.64 57.2430194650197
8.65 54.3011309229671
8.66 60.7176408688688
8.67 61.5934351965208
8.68 51.6869544605254
8.69 47.5944645923158
8.7 55.4088929167009
8.71 56.9681300946925
8.72 46.1230833198497
8.73 44.3214079488407
8.74 51.5073471531395
8.75 69.5377535664828
8.76 32.5515160701014
8.77 42.5341344612431
8.78 52.7213962117137
8.79 51.2943804254025
8.8 58.4110736077351
8.81 45.0788865840095
8.82 63.8772887011179
8.83 34.3352393960376
8.84 70.3911882174749
8.85 36.3566811192099
8.86 53.3298840190724
8.87 50.0357629970593
8.88 40.1499587790982
8.89 47.8809688256791
8.9 52.9748368380234
8.91 45.8108122636826
8.92 52.9630094784776
8.93 55.9450844293366
8.94 52.7220615602493
8.95 46.0612609482736
8.96 53.3922775253317
8.97 43.2504150514396
8.98 45.4736222094171
8.99 54.0932287455197
9 51.2114775235801
9.01 65.1109679538579
9.02 61.1418672767085
9.03 40.593995046451
9.04 50.2549925304277
9.05 43.8046404612522
9.06 43.4266326016111
9.07 60.1347438957848
9.08 61.1346663117079
9.09 53.588368991641
9.1 48.9535134063191
9.11 32.4644499471667
9.12 35.2207191367421
9.13 52.4872732039624
9.14 58.2037630906824
9.15 46.6195525147483
9.16 44.4656521385309
9.17 30.8461036193671
9.18 57.7644359875631
9.19 67.7525388270302
9.2 55.8180261105214
9.21 59.1677035613687
9.22 33.8261854798774
9.23 56.7511531013591
9.24 51.2632558539852
9.25 33.2841042726934
9.26 56.2056208387687
9.27 44.7502368143629
9.28 57.2375090161655
9.29 47.2747483792255
9.3 41.7243974913793
9.31 51.776560593789
9.32 30.6083301356951
9.33 67.0034781247499
9.34 54.8632475932849
9.35 42.0472990504578
9.36 43.8033466169355
9.37 29.9587710907699
9.38 56.3198449571029
9.39 49.0162143163373
9.4 46.5303670459346
9.41 52.4308838584107
9.42 67.0276538130193
9.43 41.6219970874786
9.44 51.1566768308353
9.45 42.8071460796202
9.46 42.8146487378469
9.47 44.4965837005694
9.48 50.2899043471776
9.49 53.1927343169631
9.5 39.9719974284497
9.51 55.423218521842
9.52 56.3195798711262
9.53 40.9354923694885
9.54 32.606780814039
9.55 55.0568913765477
9.56 36.1891160247039
9.57 69.9462421621091
9.58 35.2701474150971
9.59 57.2972246692362
9.6 46.0866799875503
9.61 42.6141204098514
9.62 46.1328600644566
9.63 60.3633927722592
9.64 46.8430637253643
9.65 52.6137726624252
9.66 61.2390824535446
9.67 53.6869821553362
9.68 43.8531858664633
9.69 62.8803255622108
9.7 51.1446530725589
9.71 54.2460383469374
9.72 50.7717352154858
9.73 51.5367933896553
9.74 40.8593856457082
9.75 67.7997053813036
9.76 33.1132945496803
9.77 80.6434711200549
9.78 55.0962653055155
9.79 70.7157974715291
9.8 69.237784631981
9.81 63.3242159105809
9.82 56.0805952038009
9.83 66.1873035382711
9.84 57.5786511677938
9.85 45.0823544845554
9.86 48.3226019021964
9.87 43.1150550004416
9.88 49.6268600076834
9.89 44.4121650438699
9.9 71.3659852338307
9.91 44.6125843400174
9.92 77.8870767477153
9.93 47.8382826718538
9.94 56.450050573773
9.95 44.0726553711954
9.96 47.2509417444861
9.97 61.6988222317412
9.98 61.0802626596913
9.99 57.0013180905988
10 59.685172424889
