0.01 23.817555284351
0.02 8.49832836524621
0.03 -7.67925978834002
0.04 9.53242603789588
0.05 -1.58157946836915
0.06 0.964148540849428
0.07 14.1953774056132
0.08 23.4083082393426
0.09 -2.47328273148317
0.1 -2.95613540385594
0.11 1.51259880244462
0.12 4.81422962654795
0.13 10.8920104044612
0.14 -3.70003992500532
0.15 10.0306856752025
0.16 -8.35366625233834
0.17 4.52843032710828
0.18 -0.369796047098117
0.19 13.065761100341
0.2 1.01943230860056
0.21 -4.28915309393343
0.22 -3.23045710674772
0.23 -5.55819867569921
0.24 10.7587207366186
0.25 5.5888780845606
0.26 16.5516944499948
0.27 7.98643085451526
0.28 5.45388061587774
0.29 7.20985348268313
0.3 16.0230068599326
0.31 12.8927890528396
0.32 13.0333285844679
0.33 13.6190513144649
0.34 7.17239179797895
0.35 14.1258918764437
0.36 3.7163307597569
0.37 -20.0422384748399
0.38 23.1537062798024
0.39 -5.37801943362017
0.4 10.0452248255811
0.41 0.614797418121844
0.42 6.07406753560919
0.43 -5.16063229006947
0.44 -8.51147443602541
0.45 0.576937107855693
0.46 26.8629661209908
0.47 -0.263814973361848
0.48 8.83031077906189
0.49 5.35137351216832
0.5 -3.86982140809799
0.51 -0.26749486375658
0.52 3.49717975872321
0.53 18.0673385632046
0.54 17.9542376855659
0.55 -7.74197419005776
0.56 9.48682283267367
0.57 19.554701447481
0.58 7.30252771178095
0.59 -0.853802296590414
0.6 -6.25986448158175
0.61 17.4581049176937
0.62 4.97747982225069
0.63 9.89418690679237
0.64 10.5584047586705
0.65 -4.66853152832694
0.66 -13.1380585471786
0.67 16.1084787820838
0.68 8.85530811112519
0.69 7.8735279352008
0.7 8.54596935073396
0.71 9.45235960756152
0.72 5.98445449982953
0.73 -0.767474981781613
0.74 2.86800344202996
0.75 -3.00134885688556
0.76 1.46087820309732
0.77 3.73079089471772
0.78 15.2368992729047
0.79 16.6613345740157
0.8 -2.85360943213737
0.81 5.14594188055748
0.82 1.41565748520446
0.83 11.8395861870449
0.84 14.2206482928596
0.85 -3.68929539064015
0.86 3.48400251065608
0.87 -0.800095674466336
0.88 18.3502828550929
0.89 -4.44751545759844
0.9 4.24753230208618
0.91 15.8779445279626
0.92 19.9998593738433
0.93 0.106291803860878
0.94 14.4674704300112
0.95 7.82607487830134
0.96 35.3106359271452
0.97 -2.70615632665951
0.98 24.7120927172345
0.99 14.8750053116853
1 15.0434257367592
1.01 10.1671876457189
1.02 8.37115505005403
1.03 22.5198258319938
1.04 15.0609419931277
1.05 21.6776142505979
1.06 -6.15596673280164
1.07 19.6599815162464
1.08 14.8539736175222
1.09 6.80697873313715
1.1 6.38042498040564
1.11 18.3728382496818
1.12 13.1950868093841
1.13 18.1241490333607
1.14 28.3861970793955
1.15 28.1802374511203
1.16 14.2474023785889
1.17 12.2667622657978
1.18 10.8713934735323
1.19 13.195268669676
1.2 3.19373549123862
1.21 25.1922179882281
1.22 -0.0328563565762945
1.23 10.2547718397064
1.24 11.4315000360302
1.25 20.0161207563354
1.26 28.1299448681186
1.27 1.31308214384049
1.28 20.4783673871051
1.29 -1.59965340272593
1.3 -2.56911538466425
1.31 13.1042193286549
1.32 -0.120029607854674
1.33 5.88502562715462
1.34 -2.53409862050508
1.35 14.2959962234182
1.36 7.45888801041991
1.37 19.5474741127712
1.38 1.2966398449557
1.39 17.4504812466412
1.4 5.29959493755698
1.41 11.4004491008145
1.42 17.8996305100776
1.43 27.8537570631592
1.44 27.8019117605416
1.45 8.20866049021363
1.46 -1.45481463470834
1.47 -3.9594973302984
1.48 2.07761375156838
1.49 8.76744872941302
1.5 13.0127697339958
1.51 12.8894075660472
1.52 5.7499609146303
1.53 20.5143136903882
1.54 12.6026672876028
1.55 4.98423282181366
1.56 5.95177080436022
1.57 6.20040527604172
1.58 -1.13648653337453
1.59 2.53972558374262
1.6 12.5499746396805
1.61 -2.0960115869469
1.62 9.3144585600608
1.63 25.9626900612174
1.64 16.3525490594897
1.65 32.1804325089599
1.66 -6.9944408585338
1.67 6.81944583732685
1.68 10.2351542145627
1.69 12.3392855072387
1.7 17.9602544076185
1.71 16.5520483052392
1.72 12.7736827094166
1.73 1.58713382026277
1.74 7.49864304346146
1.75 15.8360819392989
1.76 -2.20137427193568
1.77 -5.36155025063257
1.78 16.7188053791162
1.79 13.9718761570298
1.8 17.1429287013545
1.81 3.63435742691422
1.82 35.8674873516666
1.83 38.190839675779
1.84 4.56518376171866
1.85 3.63646871546739
1.86 12.912691607441
1.87 18.7123614399519
1.88 21.4268987654111
1.89 31.2258770285036
1.9 -1.23884935112353
1.91 -2.6722368707215
1.92 11.018526403245
1.93 18.9372878875529
1.94 30.1801754898626
1.95 12.6233907796603
1.96 3.14046207389898
1.97 11.4846612015713
1.98 24.1977651446218
1.99 23.6581624341207
2 15.697461331204
2.01 8.97554614098318
2.02 17.5046839349844
2.03 41.8870522651281
2.04 12.805168161532
2.05 18.9423763839932
2.06 21.2900718810987
2.07 -2.39678733554499
2.08 17.8542365935984
2.09 -1.50338035034431
2.1 13.3792438351415
2.11 5.57937494362253
2.12 9.56631303338479
2.13 34.0640987590104
2.14 2.46367726162142
2.15 9.52373707061987
2.16 0.696656538940996
2.17 15.0424912668381
2.18 25.9867209016628
2.19 4.63420297831056
2.2 1.08854491356324
2.21 22.8902713692248
2.22 25.2827523710045
2.23 6.66248802399161
2.24 4.53757988837609
2.25 1.88444759816978
2.26 16.3595404551618
2.27 17.4666077756997
2.28 25.4420568673291
2.29 12.2216925838323
2.3 17.302856290915
2.31 32.1439982021478
2.32 -1.65768912606496
2.33 4.50411533039339
2.34 1.79525433205542
2.35 4.82332521910626
2.36 17.9108375666016
2.37 21.1734199737513
2.38 29.9741110571328
2.39 29.8558350861839
2.4 17.0580482552483
2.41 31.3715358668518
2.42 40.2948913650346
2.43 40.7369373320505
2.44 3.05209694275716
2.45 19.2779227937771
2.46 14.6305247320298
2.47 18.6099904453294
2.48 43.8346926223168
2.49 -8.02627544999104
2.5 17.999011397457
2.51 9.88282408063194
2.52 24.9728383050471
2.53 17.7978405525893
2.54 13.0665313705414
2.55 8.5895686290585
2.56 12.9727147427059
2.57 25.0303773012031
2.58 22.3359818375647
2.59 23.6510400181836
2.6 24.068483415937
2.61 19.829520948891
2.62 20.3835875815183
2.63 49.0249903395755
2.64 41.6829905460778
2.65 22.4007836601858
2.66 20.1301087829793
2.67 21.1429212388795
2.68 14.5132330267012
2.69 10.4703471348344
2.7 21.3199017275785
2.71 21.723005706068
2.72 9.65189883539414
2.73 6.81097045686105
2.74 3.56376954791215
2.75 12.13814418474
2.76 4.36812323509408
2.77 10.2723922904073
2.78 14.9914217663883
2.79 13.4611691902616
2.8 15.4259566409568
2.81 17.1242886514054
2.82 14.0378832949273
2.83 8.26573378116926
2.84 27.1334962920957
2.85 2.72203907654675
2.86 28.8652969508686
2.87 26.5853578915566
2.88 12.8757191248156
2.89 17.6040535806137
2.9 23.0376437661997
2.91 5.34740780348949
2.92 13.4088841083839
2.93 22.5946295829064
2.94 5.15785742266978
2.95 29.9102325022197
2.96 11.9023747319856
2.97 3.10239138104368
2.98 0.774591778628235
2.99 10.0639257945794
3 16.3682378262313
3.01 19.018934348246
3.02 -5.94788536419773
3.03 6.11024053512057
3.04 15.548469414256
3.05 18.8704157422531
3.06 18.8110940534283
3.07 9.3691634481886
3.08 29.058325660602
3.09 21.114722987108
3.1 37.0782134122383
3.11 17.5037935446112
3.12 9.57812776825183
3.13 16.9806037787586
3.14 27.5998501776859
3.15 14.6810749658808
3.16 19.0331610670821
3.17 13.0955715112551
3.18 11.7654069782827
3.19 8.89239027357415
3.2 15.2526817514696
3.21 32.6484600903003
3.22 24.6450727154984
3.23 15.8282923768375
3.24 38.9857960972913
3.25 23.4064953975171
3.26 14.4282106154403
3.27 15.064933183842
3.28 29.1637564058815
3.29 20.6359745437158
3.3 33.1431520643856
3.31 33.4965414897166
3.32 13.6828264356426
3.33 7.60279875813259
3.34 44.5434584341126
3.35 16.7631240978479
3.36 9.72215473718729
3.37 6.26888168946773
3.38 32.9050476008326
3.39 -8.05465290044475
3.4 44.6389767611033
3.41 26.3653155798569
3.42 21.1049440744401
3.43 6.15636637546557
3.44 18.202490949877
3.45 21.4440695879123
3.46 25.6030192094967
3.47 28.8672115735494
3.48 29.1655252836354
3.49 29.6734738504888
3.5 12.3097291809985
3.51 31.309904388453
3.52 35.0202659517807
3.53 14.3331387358549
3.54 22.403397058281
3.55 6.79097438704406
3.56 18.5347992944628
3.57 19.6738998055424
3.58 11.0059444523775
3.59 23.3192828245428
3.6 31.1360230182237
3.61 7.42901103622193
3.62 19.4806771305061
3.63 23.4168464039881
3.64 50.1603740614975
3.65 39.2491393939756
3.66 33.7173903113823
3.67 18.5481137220415
3.68 18.44519170236
3.69 30.6365428237049
3.7 28.6560180197465
3.71 20.8287720567133
3.72 28.3869904657344
3.73 20.9086461461509
3.74 26.7958982262757
3.75 6.40308611025985
3.76 55.241778548528
3.77 36.1117567286474
3.78 33.2728344331285
3.79 31.8469056635702
3.8 22.2798287653897
3.81 17.3637767174716
3.82 44.8326943884661
3.83 29.1890101617317
3.84 2.68223760613553
3.85 14.1844349047429
3.86 31.6027230351413
3.87 25.0662950407331
3.88 20.3266871925777
3.89 19.1260314073897
3.9 21.1109449353068
3.91 44.4394467939678
3.92 35.5193070656053
3.93 8.48164828221189
3.94 24.460539646675
3.95 14.3321329172822
3.96 55.0529492982108
3.97 34.8677511670977
3.98 12.8638966836416
3.99 24.1226145751884
4 28.4929521549269
4.01 45.3544906418643
4.02 13.1907148485604
4.03 23.1770708202054
4.04 31.830188518987
4.05 27.5182982782137
4.06 34.2379229343065
4.07 32.2146741614834
4.08 17.3289123029206
4.09 49.6393038313423
4.1 22.0414837429925
4.11 12.9433226275671
4.12 25.9261705465952
4.13 30.5077089030997
4.14 24.2755168859296
4.15 19.5529842623888
4.16 36.4445620008933
4.17 51.9988054670115
4.18 23.5487396334836
4.19 38.8935894910509
4.2 25.2393446796726
4.21 35.2794638383382
4.22 13.1626491750295
4.23 23.9238582254808
4.24 11.42173777095
4.25 39.685337743325
4.26 33.0234532666591
4.27 33.7539748897793
4.28 34.1849336144398
4.29 28.5948526122328
4.3 14.3954304352052
4.31 28.0515684572651
4.32 19.6560838787433
4.33 16.6265561569636
4.34 14.7365430876639
4.35 47.7362319370101
4.36 25.9639066709301
4.37 21.160856088766
4.38 19.795726976116
4.39 46.9056585254016
4.4 26.0917541436203
4.41 15.55908684343
4.42 11.5502457489925
4.43 14.6069447558296
4.44 14.1049667269262
4.45 16.0921534785843
4.46 16.6060620281213
4.47 20.0112998733867
4.48 24.6906988783318
4.49 27.8559527707063
4.5 21.3522645568174
4.51 10.5685643260998
4.52 38.27381046027
4.53 36.7215095740564
4.54 31.221775178861
4.55 17.3836634156851
4.56 51.3856560501538
4.57 23.8588621849849
4.58 24.7087798633147
4.59 40.9386997530409
4.6 18.7361567057137
4.61 26.2086255368964
4.62 38.2615756646885
4.63 37.786541259528
4.64 28.1774315570073
4.65 43.548406585739
4.66 37.0493345021816
4.67 56.7000207694196
4.68 34.5955086325529
4.69 36.9575650412583
4.7 35.6941909560126
4.71 25.5026903606647
4.72 29.9926949340662
4.73 30.7346783266395
4.74 17.7247968327615
4.75 20.0736761969347
4.76 28.2515908675678
4.77 35.489474578184
4.78 30.3238114646811
4.79 14.4746440992751
4.8 32.283035446633
4.81 46.4569848025895
4.82 35.7495454120882
4.83 36.3742369520791
4.84 30.7340859718743
4.85 15.5935265358058
4.86 13.3394635016597
4.87 14.1175447954691
4.88 44.9896558067722
4.89 35.4927432907559
4.9 32.3998685641861
4.91 30.1098282336611
4.92 21.2570155215453
4.93 34.9658438154524
4.94 42.0824670558755
4.95 39.5778579840025
4.96 33.6055575300305
4.97 20.7635203987014
4.98 23.6648812739414
4.99 47.6493537421754
5 24.1396947750377
5.01 24.7944968159549
5.02 25.716621976738
5.03 39.2613884480943
5.04 53.354468199229
5.05 40.1777932109875
5.06 28.0582251344734
5.07 20.9410627037136
5.08 44.7348462364933
5.09 52.1375728680868
5.1 49.395405143311
5.11 21.2802501000583
5.12 23.9270836470998
5.13 32.7471227256902
5.14 34.90560680199
5.15 39.4266843726452
5.16 42.7511639969074
5.17 13.0935433564564
5.18 57.6808360207755
5.19 33.3790584630384
5.2 18.154237490555
5.21 32.8046523247238
5.22 32.0448712723416
5.23 19.8618880631343
5.24 8.70644791900495
5.25 21.8361813276995
5.26 49.5277234488931
5.27 28.2253768074133
5.28 28.5301215559448
5.29 20.2030439810085
5.3 30.8063304903776
5.31 38.6595633456312
5.32 25.6460628842102
5.33 12.2660590475386
5.34 53.3644030783315
5.35 53.0683323812358
5.36 44.4740222768786
5.37 32.0864965668505
5.38 20.3453836669982
5.39 29.7680147846984
5.4 41.339320348691
5.41 30.1684109583987
5.42 38.1551326074973
5.43 50.4978823607203
5.44 21.7482639263265
5.45 40.8938493583614
5.46 47.0045298285858
5.47 31.6428206680275
5.48 37.977105620271
5.49 26.6994747019241
5.5 29.6633961809578
5.51 2.54360555686044
5.52 40.0796972768898
5.53 28.8640326389281
5.54 30.3481715931734
5.55 49.2452916510682
5.56 38.8574629335784
5.57 61.1160362600492
5.58 36.5858626040034
5.59 26.2051892803264
5.6 30.906308419892
5.61 24.843352101249
5.62 33.7833168943144
5.63 34.2909886639776
5.64 19.8708491225347
5.65 27.9267722723059
5.66 34.1140599564014
5.67 38.4809772195471
5.68 28.2324850126084
5.69 44.6568800657381
5.7 20.2355479965455
5.71 33.4299944774273
5.72 26.6172791400666
5.73 32.7241570875041
5.74 24.1376132438434
5.75 54.1278066441829
5.76 22.629367128922
5.77 39.651619369871
5.78 48.4343362891978
5.79 14.3242466320988
5.8 37.1928518479154
5.81 34.8227224434236
5.82 11.965668721768
5.83 25.2568184421111
5.84 41.3637998415788
5.85 25.143273346563
5.86 9.7324836618102
5.87 49.5597921726024
5.88 36.203058983835
5.89 52.5918856792852
5.9 36.6005818426746
5.91 36.7204213550435
5.92 15.0726614453815
5.93 38.7306428193518
5.94 43.5396071694534
5.95 28.2429098428762
5.96 28.9351423851629
5.97 21.5380820628589
5.98 27.7414643080511
5.99 25.7531532487651
6 42.3092790752027
6.01 44.6839288115623
6.02 41.6568774747255
6.03 24.3561701658361
6.04 50.4665734620228
6.05 24.7835033122982
6.06 11.899649620443
6.07 25.0237565835677
6.08 38.5305247230496
6.09 37.8656273157419
6.1 40.3727228192195
6.11 35.7291407990821
6.12 31.8542620266589
6.13 14.661622359605
6.14 20.849833960196
6.15 41.5366584126621
6.16 54.6933402844886
6.17 41.4523746098754
6.18 35.5253886139957
6.19 33.8625897558616
6.2 27.8866566754211
6.21 49.1216852440721
6.22 28.9826574520075
6.23 43.6882475794772
6.24 46.116345096974
6.25 27.4638183392847
6.26 29.6605864857718
6.27 30.2927148101586
6.28 33.8207946545107
6.29 55.1452849301606
6.3 43.9590158633038
6.31 26.945776001024
6.32 31.238571281171
6.33 27.2486121019598
6.34 38.0731661940321
6.35 37.1154701053925
6.36 35.8450416134973
6.37 22.3844973761854
6.38 41.9948991797647
6.39 46.786580898522
6.4 29.7648672597075
6.41 43.8834854320054
6.42 33.2774105131115
6.43 41.5819992723327
6.44 38.3117678706831
6.45 31.8116826210652
6.46 25.2384483537863
6.47 37.1071515193633
6.48 26.2824036319124
6.49 43.4401883305084
6.5 28.1213174642263
6.51 40.5007203514646
6.52 37.8383909106877
6.53 57.8094267255558
6.54 25.1918491136065
6.55 25.497314693994
6.56 45.0601450619675
6.57 29.7234976573401
6.58 40.124059201965
6.59 39.8050057050469
6.6 8.48207241117356
6.61 49.600965560147
6.62 18.0841165127786
6.63 35.7974700683622
6.64 23.2340904234949
6.65 22.1625352187757
6.66 45.7556204970122
6.67 22.1398923063687
6.68 33.1805852612391
6.69 39.5470748638068
6.7 51.1406236254222
6.71 52.1412687130892
6.72 40.1835483350877
6.73 54.2578247351981
6.74 38.0725128897993
6.75 34.4116624324287
6.76 37.5956354815486
6.77 20.5875558243698
6.78 26.7235246192103
6.79 23.9672277591765
6.8 34.9382133514593
6.81 37.6810016383185
6.82 33.0453806296216
6.83 33.3402729652549
6.84 24.9800319255227
6.85 50.6308430131253
6.86 56.7423718799962
6.87 23.6053720864798
6.88 31.7015088847661
6.89 32.0650632517097
6.9 58.6319877154411
6.91 30.6764096968632
6.92 28.0227717503826
6.93 35.5439192137316
6.94 22.9153324363973
6.95 36.982076874139
6.96 36.2910044867442
6.97 55.9341790867081
6.98 49.485770198259
6.99 45.7455650182076
7 62.731459257484
7.01 38.7417778191432
7.02 67.7985827624005
7.03 44.3677950960002
7.04 50.2199850096438
7.05 46.6399672920827
7.06 39.6042166020651
7.07 48.0896234021883
7.08 61.0569770427411
7.09 45.8816601576838
7.1 39.8601620471445
7.11 44.1071237293549
7.12 37.6417722622776
7.13 57.8923702846629
7.14 29.8714931315856
7.15 38.4018823859738
7.16 41.5350749074878
7.17 50.6820552101855
7.18 43.6818997216196
7.19 47.2139564358942
7.2 55.9323665277095
7.21 38.2690452053798
7.22 26.6378414478875
7.23 53.5164466482191
7.24 31.9148341193878
7.25 46.2868228059528
7.26 53.2543182380112
7.27 51.8472136445496
7.28 20.5484972882625
7.29 39.7928861321603
7.3 50.1904359008839
7.31 28.3375931564838
7.32 40.6704630564826
7.33 50.8241708256705
7.34 43.5767717567398
7.35 50.7491428527716
7.36 44.3060857183981
7.37 42.6185260670145
7.38 50.7267770178091
7.39 60.0857765012228
7.4 50.7216794712758
7.41 56.1445630603444
7.42 30.7623323711423
7.43 33.6858328198691
7.44 35.3457478403133
7.45 35.0650647239827
7.46 41.8192352109733
7.47 29.2298750153076
7.48 46.0302365432522
7.49 37.6142748370755
7.5 52.1541361504546
7.51 37.637216346594
7.52 51.5033532433396
7.53 20.6723474315683
7.54 50.0851319051174
7.55 50.750551417725
7.56 40.7297409446729
7.57 33.9276682171734
7.58 32.3279016234754
7.59 24.5920450122416
7.6 48.9249657566034
7.61 40.4063693001073
7.62 30.8933216687063
7.63 53.3212650679689
7.64 39.6446128493224
7.65 43.790639144422
7.66 32.4855205594722
7.67 40.5056168391075
7.68 38.1784174226222
7.69 39.696948678568
7.7 30.4312645862596
7.71 60.3943012061133
7.72 55.883542081946
7.73 38.1729418571139
7.74 49.414567755202
7.75 27.8796741315403
7.76 40.7017928516451
7.77 56.1046474538111
7.78 44.869476513108
7.79 41.4589998818428
7.8 43.7681820371856
7.81 44.5089020823789
7.82 43.081687281498
7.83 45.7432836305148
7.84 39.1185759130055
7.85 51.2115988844274
7.86 36.9738812706917
7.87 53.1734768833836
7.88 31.0488990748681
7.89 34.6898385359764
7.9 35.8185243062689
7.91 53.3329305232988
7.92 45.2910662716759
7.93 42.3052680069492
7.94 34.9512727704915
7.95 53.8603526543356
7.96 56.7055371740373
7.97 38.6194483788729
7.98 29.695331781701
7.99 62.2331978977116
8 27.6174246720918
8.01 53.569025507386
8.02 43.7649883163696
8.03 36.4481846305242
8.04 42.4749074436825
8.05 70.0868190782639
8.06 54.1069357762225
8.07 47.4174954388535
8.08 41.9654180521311
8.09 53.5871692173091
8.1 51.0567123726552
8.11 53.6935625758189
8.12 62.1734011638428
8.13 42.1648673142103
8.14 56.224737590381
8.15 57.4350039405774
8.16 34.2975691138745
8.17 41.7328018423507
8.18 46.7672657468398
8.19 45.1499848626754
8.2 52.1474749093611
8.21 51.0450638704037
8.22 32.8795018944693
8.23 31.513475497209
8.24 35.6420787856925
8.25 44.8201369584752
8.26 51.8354909327582
8.27 36.9305456929762
8.28 39.9357058683589
8.29 30.3871785640638
8.3 34.7665990573548
8.31 49.7799906640284
8.32 53.2971770300553
8.33 65.2978241794313
8.34 62.4373039992896
8.35 42.1633285864605
8.36 33.9783791726272
8.37 39.9979188195031
8.38 32.8057735498629
8.39 39.2782172653874
8.4 39.6018505831635
8.41 56.2765675348047
8.42 43.8176742070028
8.43 48.135396808582
8.44 37.9407165836618
8.45 34.2056543085066
8.46 50.5808288481604
8.47 23.1091415943057
8.48 48.450131685623
8.49 46.225626469228
8.5 51.9800700940635
8.51 62.7456434367606
8.52 49.9704090801356
8.53 43.8111087215465
8.54 27.9165062515131
8.55 63.7376432791697
8.56 40.1693484938246
8.57 51.7639974206727
8.58 34.0173035095628
8.59 54.0715525981111
8.6 58.99626135079
8.61 51.5310983681235
8.62 43.1144689288075
8.63 24.8288585650649
8.64 53.0124316228334
8.65 24.3972993190302
8.66 44.0959853483553
8.67 37.9640541181468
8.68 48.7332593874582
8.69 49.4664887826806
8.7 28.3042480905662
8.71 38.8723170513629
8.72 52.5447275474404
8.73 47.4479380102509
8.74 43.4851025503616
8.75 54.9145661155107
8.76 41.0291604505155
8.77 14.9544278982495
8.78 47.127448594735
8.79 50.5450893427752
8.8 63.72105251678
8.81 50.0890164277869
8.82 39.9775878680105
8.83 66.0735325663076
8.84 52.1562113714971
8.85 46.1010432253565
8.86 68.2132946064451
8.87 53.0269860971701
8.88 40.0318381989488
8.89 36.7524769257882
8.9 43.1845183015879
8.91 46.0262876401386
8.92 58.0403809109032
8.93 59.221719404137
8.94 51.5854217065824
8.95 56.2520925370697
8.96 51.213180135256
8.97 64.5841868084692
8.98 52.6722325995703
8.99 50.0369935144647
9 69.6372465097989
9.01 47.5636972969182
9.02 58.3690676204802
9.03 60.2748106654723
9.04 41.9333177187694
9.05 52.8760567134677
9.06 51.771803029633
9.07 27.4657466539536
9.08 53.363244061711
9.09 44.3817239269505
9.1 43.0378315741458
9.11 68.169776662352
9.12 39.5501815929005
9.13 41.1092227853785
9.14 53.5679715730598
9.15 32.155253363971
9.16 47.4910639797833
9.17 55.4947544149117
9.18 38.6190146957167
9.19 54.4805210256535
9.2 61.0759167020178
9.21 54.5061827532905
9.22 45.6743458617879
9.23 35.9553869804333
9.24 51.1485105803181
9.25 35.8961837368723
9.26 51.0474832668218
9.27 51.8513437792857
9.28 58.9521439125722
9.29 53.5661393022227
9.3 38.6679119853853
9.31 47.9107747548733
9.32 46.3565300819089
9.33 59.8208814245207
9.34 44.276186907637
9.35 56.5172842817182
9.36 40.5243441823742
9.37 46.7771845646073
9.38 52.9965302583655
9.39 50.0235813940993
9.4 48.9582586994325
9.41 63.6131120911074
9.42 71.5634549534194
9.43 49.9274745006678
9.44 62.5421411611021
9.45 55.239461775735
9.46 61.3419291541381
9.47 63.8904792858747
9.48 59.8909866499272
9.49 52.2923305720781
9.5 68.9790195466364
9.51 62.6843796382636
9.52 57.2419345718707
9.53 50.5387828767544
9.54 59.5744113167754
9.55 52.3234339493809
9.56 67.285826483651
9.57 58.9253693819231
9.58 73.0330638553533
9.59 53.6552411579258
9.6 63.1309206030661
9.61 53.9180104048305
9.62 48.3279914781053
9.63 63.9740745887762
9.64 52.3272024581102
9.65 56.6255161695832
9.66 49.4153446929251
9.67 40.0482892178203
9.68 58.7398441497363
9.69 46.0627307335689
9.7 58.6124078550337
9.71 43.6882119076729
9.72 52.3207794915036
9.73 57.0065142050854
9.74 56.9947515254388
9.75 47.1322753125413
9.76 64.4622739556259
9.77 58.7887324237026
9.78 66.271381297617
9.79 44.2318567368633
9.8 80.3842523013648
9.81 44.3591940942199
9.82 51.555701920415
9.83 52.6360305430167
9.84 50.2114678555082
9.85 48.3186106478854
9.86 44.4289552951611
9.87 52.9372793034784
9.88 46.4643483191135
9.89 51.2326743997841
9.9 46.7219289342919
9.91 57.9692522475272
9.92 64.1520827931245
9.93 44.5395208498189
9.94 50.6462094761134
9.95 43.0358269455111
9.96 52.4983489645497
9.97 53.0458412727265
9.98 66.6522655294029
9.99 33.0030683695209
10 46.6666908595631
