0.01 2.61371927256114
0.02 18.7874037355114
0.03 5.69413838141969
0.04 1.95123291100846
0.05 14.5827505674763
0.06 10.8113555062985
0.07 2.60151545116109
0.08 0.738422869304047
0.09 -6.96058643851882
0.1 6.702876211111
0.11 5.6360952225543
0.12 13.719633572746
0.13 18.7467655671483
0.14 9.03856337049139
0.15 8.0943813104502
0.16 10.6885603700465
0.17 -8.52873999214211
0.18 3.7385248923215
0.19 -8.21257644264631
0.2 9.61276568241193
0.21 0.305566429368186
0.22 1.22329595735618
0.23 4.15844076354823
0.24 10.8830841520877
0.25 -13.4077015450186
0.26 1.33443679836171
0.27 6.55134805726493
0.28 36.0494307675436
0.29 11.352405148611
0.3 1.44237923043541
0.31 -1.09384449025066
0.32 20.0273759100012
0.33 -7.00046561382787
0.34 10.8003535689541
0.35 17.3565881404286
0.36 0.319704267777598
0.37 6.05046156133123
0.38 14.6717149101472
0.39 -6.87001925693161
0.4 13.5937433280584
0.41 -2.16072467322421
0.42 -14.4555631789464
0.43 5.02517649325695
0.44 -9.57586790977903
0.45 20.3037135245369
0.46 15.6736285629255
0.47 8.50179083475136
0.48 1.94504850802938
0.49 22.8305736472288
0.5 24.5760464034446
0.51 6.44311253673663
0.52 9.50909764895649
0.53 10.6012854021826
0.54 5.76964002484129
0.55 26.6992158599422
0.56 3.25117356417107
0.57 14.1989397545532
0.58 12.4306658026687
0.59 8.83766177785776
0.6 21.6007518139287
0.61 10.4825300540352
0.62 18.552896144624
0.63 7.86782899935812
0.64 18.9848045104905
0.65 36.1149878010161
0.66 2.53456367160602
0.67 -12.2769383241205
0.68 1.03763167925193
0.69 0.733225547310578
0.7 3.75893228568073
0.71 14.4704593796411
0.72 12.3889206647881
0.73 3.21686024460574
0.74 10.7152385912298
0.75 7.90416933025655
0.76 19.7578767689026
0.77 25.2552397398332
0.78 -4.4858369845195
0.79 4.09435786137427
0.8 6.4826330756137
0.81 19.3577634703168
0.82 6.42306194680054
0.83 29.3537527384388
0.84 11.0139344657872
0.85 13.3983773367227
0.86 5.06249108488266
0.87 22.2099714954333
0.88 9.4504380940602
0.89 10.3008071114973
0.9 7.03305086429993
0.91 20.299050253371
0.92 35.7009958950433
0.93 8.22899835108509
0.94 14.0960205030138
0.95 13.1315152361535
0.96 9.71099959137616
0.97 3.83401158567397
0.98 6.49983143380719
0.99 26.6585908564348
1 -6.5883213609712
1.01 27.0991059454344
1.02 -8.64052194395694
1.03 7.65075573416702
1.04 0.687297405983478
1.05 11.3551077099718
1.06 10.379142114795
1.07 13.6716066177837
1.08 -8.55436560143665
1.09 0.718464912916062
1.1 4.55475002674292
1.11 16.6500368480692
1.12 13.4551714782409
1.13 -0.37393529183028
1.14 2.15696919774486
1.15 11.2085896051503
1.16 24.0166985168748
1.17 33.6950257637144
1.18 11.4496092285554
1.19 24.1905940122271
1.2 3.65752625562962
1.21 9.47907578423885
1.22 7.81734751961671
1.23 7.24945290990727
1.24 0.874128849906884
1.25 17.797185566506
1.26 1.33687409183813
1.27 16.580548830454
1.28 10.5648688852932
1.29 15.1356526687908
1.3 -6.76182509414743
1.31 15.179573284755
1.32 8.52762279511827
1.33 17.9302976400438
1.34 16.6897980580531
1.35 8.76651502574211
1.36 1.65975670308759
1.37 20.7071431373517
1.38 1.76978095885112
1.39 -3.67172328247276
1.4 33.2635311960784
1.41 15.5309541622899
1.42 16.1677358942813
1.43 27.758713817494
1.44 -5.21650894851136
1.45 30.4549130408637
1.46 20.8167196334614
1.47 6.18741218251364
1.48 -2.44526287174603
1.49 4.91073406458075
1.5 -1.09430504220891
1.51 7.56145723335126
1.52 11.8901930301377
1.53 34.460722335808
1.54 9.38724542253055
1.55 0.486075612770495
1.56 -5.39613644038601
1.57 7.92412422091131
1.58 11.242031188857
1.59 26.7122621365832
1.6 20.381880801832
1.61 5.64255483230971
1.62 14.0668687099073
1.63 11.3378515378384
1.64 18.8587134354383
1.65 22.1366614591796
1.66 8.35512976840846
1.67 5.0116670366007
1.68 11.5374450804248
1.69 13.1333822804721
1.7 9.00869232919478
1.71 0.4635053165043
1.72 16.0603437910865
1.73 11.4050518230243
1.74 11.5480651136737
1.75 22.8009239487209
1.76 35.8876840977422
1.77 18.0409781514857
1.78 9.37104895777558
1.79 15.1635202609222
1.8 -8.13502107359563
1.81 17.9929879945178
1.82 15.2759642817261
1.83 -1.03023903172437
1.84 11.2960065078744
1.85 16.1899709698033
1.86 3.52781890674137
1.87 11.2698443024483
1.88 0.679504279354648
1.89 9.93578989493517
1.9 29.9483063293812
1.91 19.1295192795786
1.92 8.41925237977952
1.93 20.9068227437627
1.94 -4.32538273645883
1.95 2.52098170063092
1.96 13.6449434556917
1.97 22.5563022733293
1.98 -1.94142757923409
1.99 19.2302945478914
2 20.6681290714288
2.01 25.916883378905
2.02 18.8928101324375
2.03 21.8399897395796
2.04 21.4780561988455
2.05 14.356247384637
2.06 17.4971283637095
2.07 8.70911790068408
2.08 22.7987276044465
2.09 17.1942581377383
2.1 5.28650494490232
2.11 30.7205338261551
2.12 36.2770774391157
2.13 10.4710365657961
2.14 6.22738450942136
2.15 15.0646007015752
2.16 9.2223706555115
2.17 5.37813699781692
2.18 29.5186366583591
2.19 25.1798099204493
2.2 29.0900433246575
2.21 11.0071863651205
2.22 30.9587745033686
2.23 38.4825268225713
2.24 11.5806150165328
2.25 22.8867712662309
2.26 4.54110783084172
2.27 22.5517496339056
2.28 6.06174085755972
2.29 17.757957297578
2.3 2.67042321775747
2.31 29.586012127477
2.32 17.3899403711305
2.33 2.9280901764623
2.34 19.8118750323172
2.35 35.6230669623863
2.36 -1.05236416396931
2.37 10.9044181825775
2.38 38.787304362511
2.39 17.0843899676908
2.4 -5.27724511903305
2.41 6.9725575352038
2.42 19.1711344588824
2.43 13.0728920958308
2.44 11.570116264638
2.45 9.51131856548534
2.46 24.9304236795586
2.47 5.63203822426167
2.48 1.10549188762178
2.49 29.8632347116852
2.5 18.1952112748358
2.51 5.38741738829195
2.52 14.7092477197857
2.53 26.7166994207995
2.54 36.7745646959044
2.55 -7.99871541180268
2.56 18.2050758841502
2.57 21.2966414042436
2.58 19.1743409916177
2.59 18.5165245312608
2.6 37.4110235711766
2.61 37.7612558388798
2.62 19.3230786923681
2.63 6.89569931892212
2.64 13.7499717896145
2.65 -1.89744355166428
2.66 37.9453097085851
2.67 24.6959224032285
2.68 0.907396435839708
2.69 26.0709624632732
2.7 4.10992971611599
2.71 7.93927670308824
2.72 34.3978427573716
2.73 27.4218085672418
2.74 22.0679536615241
2.75 4.08401929078595
2.76 19.6462628978916
2.77 24.839628340806
2.78 15.7031726017913
2.79 8.14662214715049
2.8 18.0660717053073
2.81 13.8426614568601
2.82 9.10438136514106
2.83 14.2830142811193
2.84 11.0299300435273
2.85 9.57520567346045
2.86 20.8591879659776
2.87 1.63661896583785
2.88 22.811520635015
2.89 11.9906904936255
2.9 23.1455317961518
2.91 24.694560348224
2.92 31.419679958656
2.93 1.459233614379
2.94 28.0929399986182
2.95 6.8671680183727
2.96 23.3313284228299
2.97 40.7976961912008
2.98 6.50788140153282
2.99 12.1477237195575
3 22.1818436329409
3.01 12.8890065302128
3.02 18.9686792531771
3.03 20.0480578877706
3.04 31.8589900229027
3.05 9.09122418009128
3.06 17.9225771097252
3.07 32.6057939488643
3.08 15.011514042198
3.09 14.081284266794
3.1 1.88471331384882
3.11 25.455406278017
3.12 6.74996521898831
3.13 18.8416768384261
3.14 28.1944036820925
3.15 13.5073046604231
3.16 7.005923738158
3.17 18.6781467006073
3.18 8.62156156546794
3.19 5.24728156578789
3.2 30.2745219619949
3.21 36.3014715978464
3.22 11.0474186217756
3.23 23.8633547792286
3.24 26.0764045786194
3.25 13.8173992886786
3.26 22.5623103210881
3.27 12.5871997756023
3.28 -0.545874888925749
3.29 33.0694662920662
3.3 21.1966859517002
3.31 35.4103439363765
3.32 40.1190063813719
3.33 25.1971895157128
3.34 12.1429257228149
3.35 8.82391027584346
3.36 8.58227636876585
3.37 16.9554889244201
3.38 22.2874332096085
3.39 18.2598350435807
3.4 38.9010089468335
3.41 36.8828688665716
3.42 14.3272180682689
3.43 25.2719808352329
3.44 18.1896647957045
3.45 1.66711660563499
3.46 8.81500852455802
3.47 11.5636123497208
3.48 25.0738539332208
3.49 30.2272430297668
3.5 19.9149100424648
3.51 17.6911000428094
3.52 37.5148999861782
3.53 26.0734053789536
3.54 19.589133844439
3.55 35.3856177193764
3.56 20.5044827440997
3.57 16.3177851044917
3.58 13.2266504219723
3.59 17.9755991488887
3.6 11.0287265802116
3.61 21.6944757874083
3.62 25.1030885495957
3.63 31.2416139132475
3.64 22.4803021327017
3.65 13.9150893810485
3.66 33.6652429191212
3.67 36.9478166056554
3.68 14.9375507059435
3.69 33.1410322051686
3.7 7.25588797805048
3.71 32.0437989856425
3.72 21.8684245741189
3.73 25.3811140002646
3.74 28.5052367167844
3.75 33.4978029292954
3.76 14.8963123964135
3.77 21.4128958304275
3.78 22.5013576532252
3.79 19.9632144770001
3.8 37.3203779195444
3.81 23.9473492500609
3.82 25.0191525155616
3.83 35.3153015988405
3.84 30.9987205193897
3.85 31.1989521186325
3.86 22.3158056244907
3.87 11.457839373965
3.88 20.3738972902014
3.89 44.7939608433687
3.9 14.045435658764
3.91 26.561782648003
3.92 28.3517174411107
3.93 7.1948591642342
3.94 24.0790246486744
3.95 12.3227247848656
3.96 29.2687956240389
3.97 5.81843128774982
3.98 15.4252277710922
3.99 16.3671223059734
4 36.1785817129522
4.01 11.4901325553825
4.02 37.6479548113848
4.03 43.5666087427417
4.04 24.6354307944006
4.05 40.0215528613411
4.06 27.9142024551342
4.07 19.3833857737549
4.08 21.617089986701
4.09 21.9351753965552
4.1 40.1668321195085
4.11 14.3237920321666
4.12 23.4590325638896
4.13 22.7582308582599
4.14 21.8844442816621
4.15 26.1506102487187
4.16 29.7647265005455
4.17 27.7688050832879
4.18 35.4830415522502
4.19 29.7200105557631
4.2 36.5578211034881
4.21 26.5072827980929
4.22 29.214548618532
4.23 38.9579565179547
4.24 32.4133587714697
4.25 24.8613860596192
4.26 26.1803298073331
4.27 26.664206125266
4.28 24.0843056013869
4.29 28.4209950343847
4.3 28.2748707712014
4.31 16.3366747920268
4.32 45.3479447180491
4.33 27.592327257615
4.34 36.1131867503216
4.35 10.3348312204364
4.36 29.8463429726919
4.37 34.455713997881
4.38 26.2176101048197
4.39 15.4160787701239
4.4 33.0517113133989
4.41 38.2977547841514
4.42 16.8542644257938
4.43 24.311612583948
4.44 26.7909182257343
4.45 25.1221662486267
4.46 13.7836323783519
4.47 15.9734937795344
4.48 21.7008388375118
4.49 20.8893342806592
4.5 13.0294703935711
4.51 25.7354327935784
4.52 39.0228277534254
4.53 22.6777315476216
4.54 38.4798482620442
4.55 23.6938995796704
4.56 33.021378795409
4.57 14.1263892750478
4.58 30.4456586584349
4.59 22.7831891569844
4.6 38.0631215089123
4.61 31.6782070552315
4.62 8.65695835180725
4.63 41.4229075050609
4.64 40.4771582907474
4.65 28.9069366965001
4.66 34.589951203901
4.67 27.7577156910263
4.68 29.1023065484083
4.69 10.8005267429277
4.7 23.0608286304366
4.71 27.0257313425819
4.72 31.3730377411439
4.73 32.9995876199627
4.74 38.2747896796926
4.75 46.1376891347112
4.76 45.3183609018371
4.77 31.6089076208212
4.78 30.9354138697794
4.79 35.2518754909456
4.8 27.2064309604033
4.81 21.079555621642
4.82 23.2174826662036
4.83 19.4488688033091
4.84 46.6805426637244
4.85 31.4145430017056
4.86 21.1498447162176
4.87 45.7318941429492
4.88 24.6440152677815
4.89 7.49878117167415
4.9 42.6167130113827
4.91 13.7295659387168
4.92 15.3743302506643
4.93 44.5085625713391
4.94 25.6970965049571
4.95 39.8191908632055
4.96 34.8357167981761
4.97 21.9327180442293
4.98 32.4970237883327
4.99 28.0133803516574
5 47.2473199589481
5.01 31.0358556161585
5.02 25.9755404231039
5.03 31.2552116658987
5.04 30.5906430311015
5.05 30.2077138998512
5.06 26.5033813339813
5.07 21.6803116787087
5.08 25.2372812287869
5.09 21.113573092111
5.1 26.0041501885886
5.11 40.7550410347844
5.12 15.6650463755332
5.13 44.8435672264937
5.14 46.5503881330617
5.15 53.4962533867074
5.16 18.8028250167359
5.17 44.0492148353461
5.18 24.7922819769611
5.19 19.7608515110009
5.2 21.0893789321564
5.21 50.1665466737737
5.22 46.7871994844657
5.23 17.5267514701997
5.24 29.513500991702
5.25 37.622014852673
5.26 35.8443838577097
5.27 23.7988754958573
5.28 47.0749368381059
5.29 25.7376727061381
5.3 33.3674535684913
5.31 26.4088421977776
5.32 24.6438793302912
5.33 17.0951275532724
5.34 42.2216354008089
5.35 26.646918222835
5.36 32.1676788710521
5.37 33.8144662344384
5.38 46.5294787693071
5.39 34.309563024036
5.4 24.3972350735542
5.41 41.1142081545851
5.42 39.2944540714373
5.43 34.9132062011818
5.44 29.188648174667
5.45 29.6620768775179
5.46 39.9954132997586
5.47 25.3920958614511
5.48 21.5301481046025
5.49 40.604508644887
5.5 35.10904331627
5.51 34.8075302136572
5.52 26.237795869164
5.53 29.0548080907332
5.54 29.8623372092949
5.55 24.6223169977129
5.56 23.4011424636353
5.57 55.7019639977379
5.58 28.3714041099559
5.59 26.9010109610432
5.6 20.6699018611758
5.61 26.9776724582766
5.62 43.1645171866824
5.63 30.8552780532968
5.64 33.020757126598
5.65 24.1899377727645
5.66 21.1564699796963
5.67 33.3351459103583
5.68 31.6945902192625
5.69 32.157241268914
5.7 49.7501019462171
5.71 29.0382516026367
5.72 11.0263617020646
5.73 18.299483450338
5.74 23.0684524341563
5.75 25.8370843600814
5.76 29.0145437604784
5.77 41.5332340122948
5.78 18.0317468568367
5.79 21.0009521764618
5.8 39.1627640952149
5.81 35.8825251771226
5.82 27.4595819919873
5.83 35.1437576589946
5.84 32.4057813774805
5.85 23.9567162155952
5.86 7.57965486211869
5.87 34.4558048992357
5.88 33.1279617657036
5.89 35.8356353728276
5.9 27.1999728541037
5.91 43.6192164343315
5.92 29.8109110418576
5.93 42.0916427454091
5.94 27.4367782588112
5.95 5.54752982293257
5.96 35.4531217562446
5.97 37.1308120375633
5.98 28.443014043562
5.99 35.1791157047607
6 51.2510703883224
6.01 27.3695361984182
6.02 34.2848767454108
6.03 34.7285599240398
6.04 39.7468954447798
6.05 49.4709838486897
6.06 32.7178656294896
6.07 24.3504186380471
6.08 52.7266858969486
6.09 41.5551230023588
6.1 29.9513014235831
6.11 38.1867816923996
6.12 42.0221619739631
6.13 37.9595969022147
6.14 40.275710959747
6.15 42.3056827404975
6.16 43.1089985435756
6.17 39.9370989708952
6.18 17.1005937488028
6.19 38.9144481094589
6.2 34.3999886829736
6.21 34.1768109162583
6.22 43.2338330753207
6.23 40.6192334476715
6.24 38.1343384969784
6.25 43.5569309513067
6.26 43.6004186470542
6.27 52.2388324019022
6.28 31.950573237705
6.29 25.3497861991607
6.3 32.1822994378538
6.31 30.7352253727029
6.32 48.8026162103421
6.33 32.1546376045382
6.34 38.7305379317756
6.35 27.3210541477155
6.36 27.4593908117788
6.37 34.7432638688971
6.38 34.8767533334971
6.39 47.5522847933329
6.4 42.0772557440436
6.41 44.9315143897784
6.42 37.2692721713997
6.43 37.9593128291429
6.44 40.1061422016638
6.45 53.3644149529396
6.46 53.1937900182686
6.47 20.2679127590988
6.48 18.8469320701812
6.49 34.7527418923975
6.5 48.2957651452167
6.51 35.7197280634431
6.52 40.0336613531585
6.53 49.6414538364409
6.54 45.089951720304
6.55 40.0621559420266
6.56 40.4358128045552
6.57 58.6301539712501
6.58 45.9110840554956
6.59 27.4563368489181
6.6 33.8058773568666
6.61 28.2698674012129
6.62 30.119252874658
6.63 54.4544154534163
6.64 41.3576037587665
6.65 48.3164592640374
6.66 41.6190090227462
6.67 45.731905038086
6.68 25.1449189129196
6.69 30.1934332416943
6.7 46.2090215054469
6.71 37.6736833590424
6.72 37.3949220700823
6.73 33.1713317725468
6.74 44.8446239751047
6.75 44.584059532229
6.76 43.8796314391112
6.77 41.0693919263269
6.78 45.6098583445847
6.79 28.0218144196944
6.8 37.2019657591336
6.81 27.1834886507721
6.82 18.5992208871274
6.83 16.5837115960983
6.84 34.6695973219972
6.85 27.3686873038295
6.86 36.0908275943408
6.87 39.8016854818061
6.88 54.684513401807
6.89 44.0490823968013
6.9 61.4069159380945
6.91 34.8911379342481
6.92 55.0508148869993
6.93 52.6213060524993
6.94 26.9074712073916
6.95 42.0780643667762
6.96 32.16962322831
6.97 43.8904731135422
6.98 24.4541648397292
6.99 36.7687307445486
7 49.7708223929618
7.01 35.0152990085965
7.02 51.0417529359404
7.03 49.2005347971979
7.04 52.2562764522765
7.05 37.1638069060881
7.06 39.369638107914
7.07 31.4269472144547
7.08 59.6675310237039
7.09 55.9230924708912
7.1 41.583162700611
7.11 37.7494797511568
7.12 27.3660489998517
7.13 52.6495890428098
7.14 50.3190121877803
7.15 27.4117043998169
7.16 53.6712881636278
7.17 62.6605214100072
7.18 49.4751105506901
7.19 39.1166824457205
7.2 48.1168676864421
7.21 36.0746054566531
7.22 33.2629465349024
7.23 33.9966800759042
7.24 37.8915630056686
7.25 43.8060793937347
7.26 21.7597457905628
7.27 39.1155860387787
7.28 59.2482322372137
7.29 45.1713721011646
7.3 36.1927495504062
7.31 42.2872045224086
7.32 26.2433649006375
7.33 66.2905036712072
7.34 54.181949251727
7.35 66.4349840061881
7.36 55.2541297511466
7.37 37.774066103624
7.38 35.6783044517841
7.39 21.865549107475
7.4 33.1499650284902
7.41 47.398374018129
7.42 34.0041335442864
7.43 38.5773921102122
7.44 60.9823137161722
7.45 36.3990073834911
7.46 40.4615323224878
7.47 44.2209504181948
7.48 38.3439919238432
7.49 33.4546284652384
7.5 21.9717321980858
7.51 28.5709202049092
7.52 36.8174865928597
7.53 25.5765395229714
7.54 46.4419654969322
7.55 42.9684414709401
7.56 35.8643372684002
7.57 46.7274340602922
7.58 43.7314751967647
7.59 54.0649666807047
7.6 30.2232939700076
7.61 34.3651216290456
7.62 29.1534439894387
7.63 48.1431862547217
7.64 30.4106337157194
7.65 33.888452374349
7.66 31.5409212786244
7.67 18.310854300208
7.68 37.002517096269
7.69 23.9177430993986
7.7 42.9635252629701
7.71 63.0403329226255
7.72 49.9667286404035
7.73 31.0443293130546
7.74 49.2941534833533
7.75 30.5439063206873
7.76 42.8616165423737
7.77 46.2586076183183
7.78 34.9283153235025
7.79 47.9022494691748
7.8 40.8388226424837
7.81 28.7934413764538
7.82 47.4224624130412
7.83 57.1091803214394
7.84 27.8721697590676
7.85 54.5999925238804
7.86 36.2495555710931
7.87 53.8006803911159
7.88 22.3436456998919
7.89 42.8150386750507
7.9 73.962372933573
7.91 47.708511538761
7.92 49.4148066354858
7.93 25.762789921697
7.94 35.844484364819
7.95 42.4792478057598
7.96 37.1177792363491
7.97 54.1307286780154
7.98 31.9850891271068
7.99 52.3616162149293
8 46.6567018956501
8.01 44.5332525605804
8.02 47.4083255452417
8.03 35.0452025995587
8.04 38.6202735791007
8.05 43.5908171665766
8.06 61.5553771532247
8.07 41.4025636535169
8.08 49.1797374304636
8.09 24.8508902296984
8.1 31.0431982551433
8.11 50.1337021720007
8.12 35.0333052848373
8.13 49.2943202974408
8.14 38.2932076618216
8.15 19.5357897594575
8.16 56.2667986761095
8.17 33.9469237486872
8.18 37.2107378037843
8.19 33.9438524004497
8.2 26.7801780291021
8.21 46.4949954613298
8.22 35.5491012414308
8.23 49.895412279704
8.24 35.4334948316642
8.25 29.896476275906
8.26 47.3458844269992
8.27 45.6643332582701
8.28 59.0252195389471
8.29 33.6504759083813
8.3 47.8324512476178
8.31 43.826907910428
8.32 43.6202992855144
8.33 28.4321284281333
8.34 45.4265768824677
8.35 57.6814700575033
8.36 50.7622076781902
8.37 50.601071909545
8.38 44.7502213524513
8.39 47.5436475678836
8.4 47.670209987454
8.41 46.6440857309595
8.42 40.589128164445
8.43 31.5675285884957
8.44 48.7592984850898
8.45 52.9282482331823
8.46 52.5087621868821
8.47 55.4595794115105
8.48 33.0340405706186
8.49 25.3359743664351
8.5 42.3422355167931
8.51 44.1824423584472
8.52 53.3848102191691
8.53 40.1730747125116
8.54 36.2581739230158
8.55 40.8097087216418
8.56 51.9688837631069
8.57 31.9156099256562
8.58 48.4599917040404
8.59 56.3803289383184
8.6 46.2176724200895
8.61 49.6672463701197
8.62 41.1318449164545
8.63 48.3321185146287
8.64 55.796096056479
8.65 62.4876664421029
8.66 35.7559019006616
8.67 61.594845886237
8.68 61.4766079315024
8.69 47.4050922298827
8.7 49.4781038673846
8.71 43.8415252250714
8.72 50.6517062588174
8.73 66.9903014793194
8.74 34.6560220809678
8.75 28.6240047159395
8.76 49.6154555990554
8.77 48.0676400105405
8.78 48.0291800537672
8.79 50.2559478230221
8.8 45.890717062672
8.81 54.5535965618337
8.82 36.7225896357438
8.83 57.101399522481
8.84 57.4642067016504
8.85 54.7285882263155
8.86 51.6511304192862
8.87 42.360200368756
8.88 53.3335146157994
8.89 61.8220137856547
8.9 56.4093855893915
8.91 42.7812702058008
8.92 41.3418139029937
8.93 54.635550102792
8.94 53.3945842254696
8.95 56.7926039139574
8.96 37.8065349693608
8.97 48.3647892205406
8.98 29.4255618479767
8.99 54.4391885890117
9 31.5766131467619
9.01 47.227323297453
9.02 42.7431911201465
9.03 64.1821235071447
9.04 73.5746025135874
9.05 52.3114167356717
9.06 34.888377478124
9.07 42.595338229456
9.08 36.7944978778965
9.09 53.3288292521801
9.1 35.2791321134137
9.11 51.4276665870206
9.12 51.1696386341771
9.13 46.6954191543904
9.14 73.8414760059926
9.15 67.4828964354285
9.16 46.1655362129872
9.17 41.6874238989462
9.18 44.0086858102755
9.19 38.4944094962509
9.2 59.5324066117588
9.21 38.822925396484
9.22 47.1251298688035
9.23 51.5005798646787
9.24 52.2288208024253
9.25 47.1536662962796
9.26 44.4142523015091
9.27 45.833632020617
9.28 47.2421584181019
9.29 52.8490988270401
9.3 64.2647798430876
9.31 38.2011882275742
9.32 45.8872261584021
9.33 69.0209832761941
9.34 43.8592467928443
9.35 41.3861631666099
9.36 54.7940276236493
9.37 51.1560547622195
9.38 56.7737758109698
9.39 47.1711238273649
9.4 75.9375107322908
9.41 44.7847226746328
9.42 40.7266449977972
9.43 59.3986615263092
9.44 41.0273588534186
9.45 63.3279014639691
9.46 63.4557552159234
9.47 47.1486448458478
9.48 45.4730364930747
9.49 66.2066159629538
9.5 46.127560960214
9.51 40.7436604352012
9.52 43.7021756512632
9.53 56.6359402268616
9.54 62.0477411972736
9.55 57.2107222442155
9.56 47.7582162979324
9.57 60.9315173365458
9.58 42.0729426232029
9.59 63.8546320129281
9.6 43.9901774387688
9.61 65.0486432254849
9.62 51.6057237727316
9.63 59.0884644208416
9.64 51.1270927884234
9.65 63.1762495228592
9.66 52.0232119088558
9.67 42.625973683448
9.68 58.8681083334528
9.69 49.5741416764393
9.7 61.0180836578416
9.71 57.475494799761
9.72 44.806010153915
9.73 57.1115820016207
9.74 61.4477630914724
9.75 39.9635118001728
9.76 41.1873061031706
9.77 61.8295246029032
9.78 59.7022214215056
9.79 45.8737871722923
9.8 40.412447415086
9.81 55.3713852000915
9.82 52.6151087577351
9.83 48.0903707163956
9.84 56.3650514535493
9.85 50.4867577695515
9.86 55.8882986690342
9.87 58.8969203290859
9.88 55.3060416291956
9.89 46.515482510307
9.9 46.2317111554326
9.91 42.459748482253
9.92 55.5354555473755
9.93 72.0613283927236
9.94 59.46931152407
9.95 38.1887254262215
9.96 42.8836774748915
9.97 65.0352509778276
9.98 50.5900299196261
9.99 44.1540732077758
10 62.8654927398577
