0.01 -13.4929671088728
0.02 11.1716183768409
0.03 -4.73757735362375
0.04 -17.1061357841804
0.05 12.041856155375
0.06 -9.74082611059419
0.07 21.6758780295269
0.08 -2.95589466345304
0.09 0.346131184918343
0.1 16.5372389917903
0.11 6.71021952906999
0.12 -4.91473810500352
0.13 13.4369295815273
0.14 -6.07868690421399
0.15 -5.57070021657386
0.16 7.26451743253388
0.17 5.50343683005598
0.18 31.427489955639
0.19 17.2847612749083
0.2 3.79327991451549
0.21 -1.38283339078241
0.22 -3.50683015528175
0.23 0.95866451848162
0.24 -0.0377195002464887
0.25 15.1896969561792
0.26 10.6824477473763
0.27 -5.07595977265716
0.28 -2.25639456402579
0.29 7.21899720561815
0.3 8.60214956496894
0.31 -6.05232206777063
0.32 2.67899222666154
0.33 -1.47353842261976
0.34 30.3260441212146
0.35 14.4273549802243
0.36 24.7057913813311
0.37 16.2660419146217
0.38 -5.55887422171273
0.39 1.16331523344427
0.4 -0.669064161662646
0.41 -0.348212872300414
0.42 11.6398879961877
0.43 17.3433802790906
0.44 -1.93109078663789
0.45 -10.0682457883166
0.46 8.47459138066769
0.47 14.5166648758754
0.48 -8.92811743236393
0.49 18.1431714647608
0.5 -0.918869209516407
0.51 3.89225716784834
0.52 -0.0596805809741152
0.53 11.7450001043974
0.54 4.39862050673392
0.55 17.2965927951635
0.56 16.886055760025
0.57 3.10209888686471
0.58 -6.36880936477648
0.59 9.90872500817274
0.6 1.28396145087665
0.61 10.9421424052677
0.62 2.15439808993662
0.63 14.5255238755152
0.64 -2.93861695902705
0.65 7.57835877676193
0.66 1.71540346539314
0.67 11.2946683957839
0.68 13.4682606273973
0.69 -0.899012985043228
0.7 11.8721923599436
0.71 -10.6192520705913
0.72 25.000703002834
0.73 4.58740920855046
0.74 -29.9815770668464
0.75 -0.656179554220392
0.76 20.7327387443103
0.77 18.5812354272906
0.78 24.7699586755127
0.79 1.37828155069603
0.8 12.7727512922568
0.81 20.9516738908074
0.82 -3.58488345314261
0.83 15.7397911683976
0.84 10.6933681581873
0.85 -2.46861724813784
0.86 15.6559238224583
0.87 1.65336764502234
0.88 10.2303244090799
0.89 21.1037571656348
0.9 11.2552246274202
0.91 21.7127782656956
0.92 -2.21326816876311
0.93 8.20715287599187
0.94 19.9667600604102
0.95 8.22060948231052
0.96 2.57401376518799
0.97 -1.63752793837038
0.98 2.9918601337629
0.99 4.15714258805633
1 18.8976712841906
1.01 16.9873202098704
1.02 14.01146252449
1.03 -6.23716239868816
1.04 8.26762475073851
1.05 44.9311578029539
1.06 2.17248720280767
1.07 5.91457833198636
1.08 5.83521750927562
1.09 12.6542687192223
1.1 5.50422192737834
1.11 11.4580138529762
1.12 9.80610662940186
1.13 17.1630669112881
1.14 11.0496043607414
1.15 -6.19235342233105
1.16 12.58066279484
1.17 11.6686763534677
1.18 -9.76810750453691
1.19 6.64761559283113
1.2 1.88933576064861
1.21 -6.94531706361082
1.22 13.9714274638641
1.23 31.391451470909
1.24 -2.8828303412998
1.25 16.0438839179235
1.26 9.97521997026383
1.27 18.2352214148443
1.28 10.6638805928424
1.29 22.201237054263
1.3 12.5304590307402
1.31 13.1381753390754
1.32 -0.483460483356204
1.33 12.114443475602
1.34 21.4937601032347
1.35 7.51815468484683
1.36 42.2215073229889
1.37 10.2959344589511
1.38 15.9049803725626
1.39 19.4694812034301
1.4 14.5080816948606
1.41 16.0820732679538
1.42 28.3109983001325
1.43 7.79739467769674
1.44 11.4738790552764
1.45 0.401413849438413
1.46 -3.92671629647996
1.47 -8.33243434605942
1.48 -1.04078516712511
1.49 7.33224352692755
1.5 26.0392992214905
1.51 19.1469951988038
1.52 17.9939699366155
1.53 13.3774921335855
1.54 7.68287692281179
1.55 -2.58485878653691
1.56 19.2032135911786
1.57 2.94055354830752
1.58 -2.19931166435496
1.59 14.8423439198275
1.6 -0.807817687839652
1.61 9.86083775983677
1.62 38.0578777080314
1.63 1.79152651522488
1.64 2.33276887484083
1.65 -0.228332986656596
1.66 16.6723711114122
1.67 3.10417117230344
1.68 20.5185857654098
1.69 21.2759116726391
1.7 6.1103114322353
1.71 18.4493013798326
1.72 6.12136756266105
1.73 26.172858107881
1.74 18.463947662434
1.75 17.1255785492711
1.76 -1.19144757085712
1.77 12.9850455382108
1.78 13.0915677179876
1.79 13.8309067216845
1.8 3.70052439747681
1.81 6.76792604089433
1.82 12.7371345907569
1.83 7.10173313438009
1.84 11.8166126799672
1.85 29.2411739564776
1.86 -7.05668433126916
1.87 14.5317040743907
1.88 8.80717573870872
1.89 44.7626010009
1.9 19.728437516987
1.91 8.07641182789506
1.92 14.1101203826939
1.93 2.11588376236556
1.94 23.1769371576076
1.95 21.1401284264108
1.96 11.3629487105751
1.97 36.7028835042799
1.98 22.0324584595502
1.99 3.45319345815032
2 26.3890690268574
2.01 20.1512154954163
2.02 -2.36843332289569
2.03 12.1261699833744
2.04 30.3267420809793
2.05 12.9164697979904
2.06 23.2852932037459
2.07 27.7266712348234
2.08 13.8930673572767
2.09 26.4596852251535
2.1 33.7694169305876
2.11 -4.32664702366477
2.12 17.2400176680744
2.13 40.6992818268659
2.14 5.40927737974318
2.15 18.4221301192094
2.16 10.4683837345518
2.17 0.462675512794734
2.18 11.869618708928
2.19 9.72002350223199
2.2 20.735803603536
2.21 11.5346387218417
2.22 8.88565647653358
2.23 18.0984555145211
2.24 13.4977255853488
2.25 23.5578512363244
2.26 7.85053361725708
2.27 17.336170905754
2.28 14.6728020913063
2.29 9.22081362759133
2.3 23.9119420934405
2.31 21.6845656309128
2.32 14.150416394635
2.33 20.9985268886846
2.34 13.625851134084
2.35 16.6787549386341
2.36 29.3768689414741
2.37 17.5584869397355
2.38 36.3136500774523
2.39 16.2823849733855
2.4 11.3037939775958
2.41 -0.101709612590668
2.42 9.88415115761278
2.43 25.439435681406
2.44 10.4563006857231
2.45 24.803025342084
2.46 5.89159660143938
2.47 20.4444874808636
2.48 16.9661653191914
2.49 21.1391779008152
2.5 24.7267782829144
2.51 34.0893437729724
2.52 16.9373673721981
2.53 23.4321109155603
2.54 8.90316309561479
2.55 19.4117257699447
2.56 32.2063695886482
2.57 18.9565784989421
2.58 15.3758051010765
2.59 0.712755887670042
2.6 21.9488326542659
2.61 24.0599993585012
2.62 32.6406401024609
2.63 7.82324021546369
2.64 9.26497689990212
2.65 -0.264564327652813
2.66 31.6861156166258
2.67 31.0640523944268
2.68 22.8736653373507
2.69 11.7730494664174
2.7 18.0058664850698
2.71 5.5487087578971
2.72 35.4373545238158
2.73 13.2221141903936
2.74 -7.43234487418929
2.75 3.76533775753616
2.76 42.7991893437192
2.77 10.1974733177143
2.78 15.6859209632824
2.79 30.3602617925367
2.8 17.2836567381736
2.81 19.6835914114171
2.82 6.93826143065056
2.83 30.9970120322644
2.84 19.2536649061954
2.85 1.78847412772266
2.86 16.4212196310446
2.87 31.8309137596317
2.88 19.6087297985022
2.89 9.61895140313211
2.9 25.5167349878318
2.91 20.1926540966202
2.92 27.9303264700833
2.93 18.5979482617242
2.94 30.9413228530389
2.95 19.9628843143369
2.96 20.6893674646973
2.97 14.7689272152149
2.98 3.3586409374164
2.99 15.340293300395
3 24.9691892409864
3.01 29.1970038520041
3.02 9.59105046912578
3.03 36.1976022450476
3.04 24.9250024387593
3.05 7.03325117061968
3.06 18.037982842968
3.07 10.1392725843488
3.08 6.4032800231275
3.09 26.5921652795712
3.1 24.4749115347427
3.11 27.252242988922
3.12 14.7051911570796
3.13 25.7046129551688
3.14 5.83310092923717
3.15 34.8739486666532
3.16 16.8159778739023
3.17 34.1420136504702
3.18 23.8625536287974
3.19 23.0677076504987
3.2 29.7659554669106
3.21 23.190795286269
3.22 5.33066843955194
3.23 25.3223633140965
3.24 19.1889117120772
3.25 10.0618038214303
3.26 8.08583760467815
3.27 25.5786980591302
3.28 26.7920014214061
3.29 17.1382337218198
3.3 27.0162341497104
3.31 29.2059383469901
3.32 25.7902133307681
3.33 38.9471958846099
3.34 28.3352299283566
3.35 19.5390001956784
3.36 27.0652932715573
3.37 11.1321087736029
3.38 22.9209365363595
3.39 22.2408795424824
3.4 25.0486135367751
3.41 30.6774641065571
3.42 24.9592019606886
3.43 6.82672521063826
3.44 26.2683097710454
3.45 33.7521365327627
3.46 23.6065180867556
3.47 26.237063761018
3.48 26.0200098179224
3.49 28.1034375412386
3.5 30.6663922203379
3.51 12.3927872005697
3.52 27.2251162392293
3.53 23.0226541498469
3.54 35.0892836497244
3.55 19.5100981184498
3.56 35.6478647047082
3.57 14.6018585524646
3.58 46.2985572430265
3.59 10.1065195954481
3.6 26.1117067079568
3.61 41.7011482053065
3.62 22.8855325290139
3.63 27.5070353197356
3.64 23.8870169508858
3.65 31.1231992332071
3.66 26.406666119817
3.67 24.1365421390346
3.68 7.37727403686332
3.69 15.2920680595363
3.7 8.04408220891194
3.71 17.0425335454227
3.72 28.1629907272662
3.73 29.9332209125928
3.74 24.2883615493641
3.75 33.847099954264
3.76 22.677080693857
3.77 25.2808120305145
3.78 18.735735100231
3.79 22.560262521629
3.8 28.0229571279855
3.81 41.3091615060259
3.82 25.1332282011784
3.83 31.6003935042822
3.84 -5.23457778048462
3.85 24.8204043691514
3.86 46.02508547245
3.87 -0.597650409895589
3.88 37.5676833449998
3.89 31.7898047373025
3.9 19.7336244530172
3.91 12.2540900891806
3.92 29.2780658599208
3.93 24.1254930664163
3.94 31.4436534206526
3.95 15.3687433777226
3.96 21.4432307712165
3.97 9.81132116336682
3.98 16.2192132476844
3.99 26.3769225532529
4 24.0846553838903
4.01 32.9851160277119
4.02 32.7218362924713
4.03 51.3158894297993
4.04 26.2991395106136
4.05 25.1120422960607
4.06 29.5002466709267
4.07 22.3386885602922
4.08 16.5827439905408
4.09 21.7533954544779
4.1 36.8594747788206
4.11 5.20988491825444
4.12 3.99807559694331
4.13 36.8703223930622
4.14 33.9254304404929
4.15 26.75973868967
4.16 24.2666546293152
4.17 21.5807828489958
4.18 21.8544114276917
4.19 10.9921599930119
4.2 19.8640402476404
4.21 45.2144907122568
4.22 17.6404375404094
4.23 1.96168425776271
4.24 25.068949609273
4.25 22.1448020783753
4.26 49.3327468111761
4.27 23.5853006294994
4.28 45.8775006454556
4.29 28.5829718333319
4.3 11.599984891357
4.31 28.4138668699713
4.32 18.5474716539378
4.33 33.8221907452759
4.34 35.7645799388007
4.35 41.7179644254091
4.36 17.2268875252222
4.37 12.2053293445762
4.38 35.4535152845409
4.39 28.4026577211112
4.4 28.4178930032123
4.41 38.9438205856543
4.42 43.363849492522
4.43 5.65146819312571
4.44 21.4056747471587
4.45 14.9531787890806
4.46 30.1018743503108
4.47 11.8623253000092
4.48 46.3336407326112
4.49 20.170681933842
4.5 36.8543694629189
4.51 47.9034969673698
4.52 35.0442896702675
4.53 29.1266003660282
4.54 39.0725237579049
4.55 12.096034399465
4.56 33.1399078732427
4.57 37.4715597554764
4.58 27.7674515591928
4.59 23.6346268393378
4.6 32.5409617182005
4.61 9.86306666789721
4.62 22.1270458846112
4.63 28.4813811813004
4.64 18.5157727640526
4.65 19.4718896372642
4.66 41.4481515244886
4.67 33.9575510965783
4.68 25.6211053423171
4.69 28.0657698051594
4.7 27.7251143234951
4.71 26.2777638246995
4.72 40.2857658406237
4.73 36.9352681900245
4.74 28.3784522091317
4.75 21.722929695744
4.76 33.4332156413218
4.77 32.6459150454385
4.78 9.68008083274349
4.79 33.1150627750709
4.8 18.5361384507689
4.81 26.405569765281
4.82 36.7396481050886
4.83 36.4949202902264
4.84 14.6396691323652
4.85 18.9525678467185
4.86 32.0702544690837
4.87 39.0375345380116
4.88 39.3828545563212
4.89 21.9838446623681
4.9 32.3313456248235
4.91 23.7975756047924
4.92 22.1903629038325
4.93 36.8757815085114
4.94 21.2591585537004
4.95 22.0970059905254
4.96 46.170275596325
4.97 24.6078300569615
4.98 31.5815561554951
4.99 33.9233270247504
5 34.4148070332874
5.01 46.027544957143
5.02 52.693562257537
5.03 45.5584793588185
5.04 21.8264433497757
5.05 28.6899479665861
5.06 27.9582643053642
5.07 37.6546301626356
5.08 23.6277907342512
5.09 32.2665489243239
5.1 26.0225024817895
5.11 32.9018946645987
5.12 12.8955320542612
5.13 15.8801252996742
5.14 27.6706089472351
5.15 38.1367090762778
5.16 39.1722629134621
5.17 30.2609059123005
5.18 24.91394981507
5.19 33.9799666795391
5.2 55.063270642605
5.21 41.4620479393366
5.22 37.6852939412277
5.23 37.4497881087588
5.24 38.0688631048828
5.25 34.9993221812361
5.26 17.3698568734654
5.27 18.3174896109809
5.28 36.4657920805693
5.29 37.8315288421075
5.3 37.8001495363575
5.31 18.3227605965789
5.32 33.0378299452632
5.33 18.257095991069
5.34 27.0049786219817
5.35 20.4901214476111
5.36 32.4328553262115
5.37 13.4342937516377
5.38 26.4910653878394
5.39 26.7147408900856
5.4 40.8042198354527
5.41 51.86985499148
5.42 21.3156753576029
5.43 37.5668819678848
5.44 39.9739246242221
5.45 34.314609169952
5.46 51.2914248640015
5.47 37.7561018412527
5.48 50.8804456261728
5.49 31.5680092058413
5.5 45.0891378400148
5.51 36.5954358880789
5.52 40.6510372775567
5.53 27.9441348672102
5.54 30.8469830914239
5.55 19.8291152627495
5.56 33.3466628961149
5.57 55.0499376272657
5.58 24.8615440625526
5.59 43.9296686178507
5.6 44.2586624275691
5.61 22.4683630951379
5.62 21.828376121873
5.63 40.5656907365336
5.64 20.2662905209206
5.65 29.6602070789736
5.66 51.7575560823081
5.67 33.1632893678369
5.68 33.0250436968926
5.69 35.758685471201
5.7 32.5921405439638
5.71 47.0908039615009
5.72 22.0158462350768
5.73 28.9467687882518
5.74 27.4961825813793
5.75 42.5064946119097
5.76 18.4365460770909
5.77 38.7341497372752
5.78 34.8220063972089
5.79 44.2444535904887
5.8 13.0009241851641
5.81 55.061311100516
5.82 38.6553334310188
5.83 31.4456738507559
5.84 46.0311396616502
5.85 37.0251113888192
5.86 41.9797048294297
5.87 31.0026172733097
5.88 19.0398977981279
5.89 18.5215700300181
5.9 37.1298424390728
5.91 40.9976339143214
5.92 31.9772561783579
5.93 38.2539768420709
5.94 37.8911331871932
5.95 20.2612176721291
5.96 23.9312866321103
5.97 44.3052583349706
5.98 34.7684263632467
5.99 42.6043644835987
6 24.1376767356099
6.01 17.1066735086659
6.02 36.2762340240595
6.03 40.1866230643788
6.04 28.2849028014076
6.05 39.5595551865649
6.06 31.4540759237015
6.07 57.1287319677921
6.08 33.7800292527139
6.09 34.0780290580731
6.1 37.6436964868719
6.11 9.34669864677324
6.12 36.6926333669722
6.13 38.4889160052986
6.14 37.8611466446739
6.15 47.3578680458151
6.16 21.7072976120853
6.17 26.2556975157723
6.18 31.3747327614894
6.19 52.6815879791856
6.2 21.4061044231451
6.21 35.7989689698795
6.22 24.2848763578086
6.23 32.6295399425276
6.24 54.1437053552324
6.25 27.712396231426
6.26 29.3539764208027
6.27 23.0580044351228
6.28 39.6097714790142
6.29 29.2028693287038
6.3 41.5848700015196
6.31 39.0687684556659
6.32 39.2051316952956
6.33 51.3090877410868
6.34 40.737328087195
6.35 50.07708971372
6.36 30.2219572315288
6.37 38.7651361236205
6.38 32.4830477107885
6.39 49.9679175268051
6.4 35.1902204298546
6.41 57.9307405783348
6.42 48.9678680738085
6.43 36.585622184849
6.44 34.4197962859213
6.45 29.7863301711916
6.46 46.2347210010207
6.47 26.6027833871266
6.48 38.3176389776229
6.49 52.1212905429346
6.5 24.5685796746109
6.51 30.3491070386029
6.52 39.6825610093686
6.53 17.0518025233392
6.54 39.0975918946678
6.55 49.7887652102953
6.56 55.6800708707426
6.57 36.4695357066799
6.58 26.197820517947
6.59 42.3393262394186
6.6 29.7770003854241
6.61 47.3997684879042
6.62 37.2033098318498
6.63 40.6928295751051
6.64 30.197901953554
6.65 37.7156144803376
6.66 36.8845788084674
6.67 47.2877091151995
6.68 25.1433868952822
6.69 49.6295073210893
6.7 48.9879831030651
6.71 38.1188201077707
6.72 32.909303569209
6.73 51.389760081045
6.74 42.7643990953542
6.75 29.3092095938649
6.76 42.4209433578948
6.77 39.1560915798726
6.78 34.4827249342076
6.79 26.8070088270715
6.8 30.7893370625256
6.81 18.1769157770797
6.82 51.1528009397046
6.83 30.0064683951256
6.84 55.1428150403906
6.85 26.6327349614906
6.86 37.2746748357582
6.87 44.7965270392938
6.88 47.7190936071579
6.89 41.5049537627629
6.9 47.5136230552802
6.91 33.4806205857842
6.92 31.689540738665
6.93 35.0768258260371
6.94 33.4901078640073
6.95 30.2690242671531
6.96 25.8343678858681
6.97 57.663488503509
6.98 34.1132642856834
6.99 41.4745784585835
7 21.1606143074515
7.01 56.6968932721517
7.02 42.7741252858767
7.03 43.216094880057
7.04 26.6047445242785
7.05 30.7807073644573
7.06 33.5300192483294
7.07 48.9243909551436
7.08 34.0820070109289
7.09 35.0594271692024
7.1 52.6539170197917
7.11 40.617951644239
7.12 43.9933592570107
7.13 43.0737103556127
7.14 27.5110676994172
7.15 38.4391797333076
7.16 39.9650927445125
7.17 58.6485233291924
7.18 27.0455180222273
7.19 52.7449592146101
7.2 26.8687147955073
7.21 27.3302317049613
7.22 53.3289158521047
7.23 43.0190903599488
7.24 45.2224461019807
7.25 64.581463895566
7.26 40.8520404554032
7.27 33.7605000381184
7.28 39.1212474143085
7.29 55.7979048317508
7.3 22.2445871657374
7.31 39.540310716955
7.32 47.2945389304106
7.33 52.8451462661862
7.34 35.4180331946707
7.35 39.9891062134187
7.36 43.1232553913099
7.37 38.1065527812195
7.38 38.2999327682533
7.39 40.3246197240892
7.4 44.8287756890793
7.41 52.6089529939447
7.42 24.1434337102463
7.43 42.9489021912077
7.44 44.5054374990995
7.45 39.9537133707706
7.46 29.511125788709
7.47 44.7450965949762
7.48 29.8582163746146
7.49 36.336681073402
7.5 52.3408919371265
7.51 32.8422015011338
7.52 52.7908159046087
7.53 58.4225238454387
7.54 51.9196936649723
7.55 45.1056861141367
7.56 37.4112612907166
7.57 28.9354932178149
7.58 52.2974128809247
7.59 37.8906228592501
7.6 48.6278951881193
7.61 41.5850251450611
7.62 48.9064810026924
7.63 48.4448485237751
7.64 24.1815736124365
7.65 59.2704768243057
7.66 40.1412216095399
7.67 43.4723584683771
7.68 45.5384744437089
7.69 67.8399132492641
7.7 37.1630935593918
7.71 36.9740738790124
7.72 41.080506114554
7.73 44.2262278565025
7.74 60.9288341035521
7.75 42.2577149879846
7.76 52.4647578468958
7.77 25.1578007333179
7.78 46.4649701946932
7.79 34.7852071449998
7.8 42.5660452541417
7.81 49.7565656337866
7.82 57.9817646103855
7.83 44.8428718751647
7.84 56.8123792814644
7.85 57.6672513902412
7.86 50.9921912479766
7.87 39.6006958991761
7.88 37.3130106235841
7.89 33.0352565637647
7.9 38.9865258762825
7.91 46.3445049344524
7.92 43.2664391629847
7.93 45.7596112156359
7.94 64.9828086105729
7.95 50.28788747707
7.96 43.7184975181333
7.97 48.5931307906345
7.98 39.4030637261452
7.99 32.5151476948056
8 53.8016918407631
8.01 54.5584586217792
8.02 52.5927838396262
8.03 57.2782950576649
8.04 50.9313220346214
8.05 54.0710205648185
8.06 52.4578202972775
8.07 44.4887315527515
8.08 32.3210043420157
8.09 48.0912315929287
8.1 39.3891185837581
8.11 28.993845189482
8.12 63.1036896783842
8.13 48.1269382654317
8.14 64.915264167937
8.15 41.1924532519086
8.16 43.3132437504143
8.17 35.8103864597819
8.18 58.8476971753599
8.19 34.0033567025397
8.2 56.7152889376982
8.21 52.331242003389
8.22 48.2219903959673
8.23 41.7196111418408
8.24 44.5037141954744
8.25 44.0265538846825
8.26 49.0035196334979
8.27 38.3937460117406
8.28 38.8028422417702
8.29 53.5487045970641
8.3 28.0501640635007
8.31 41.5216502741568
8.32 51.934773533218
8.33 42.2605124021007
8.34 57.713664143123
8.35 53.2515758442203
8.36 67.5537660315712
8.37 42.4126217420742
8.38 45.0096129171324
8.39 37.3570443900986
8.4 38.1981059969135
8.41 39.2745767400997
8.42 15.0731432614646
8.43 52.3965576146003
8.44 40.9089032246059
8.45 33.3101956275389
8.46 32.3286614195871
8.47 53.345210998293
8.48 44.4130351069982
8.49 22.4306711452661
8.5 68.5507376667592
8.51 58.3601829802032
8.52 37.5920471276136
8.53 55.7376748262736
8.54 50.0653183780708
8.55 37.1760683332742
8.56 52.287255654712
8.57 26.2922958399151
8.58 76.3271844808725
8.59 59.9507525068626
8.6 52.8998032334564
8.61 42.8893164089777
8.62 49.5697052885046
8.63 34.5952064789691
8.64 48.5653735134672
8.65 36.8858836358085
8.66 37.486272060263
8.67 44.3895412614232
8.68 59.7743427598984
8.69 52.3498597328765
8.7 44.7772005466014
8.71 60.2591613727274
8.72 48.7143773602762
8.73 46.3307872536004
8.74 47.4122482822455
8.75 58.9215971387742
8.76 48.3544746689958
8.77 38.9066122966121
8.78 40.3491319297589
8.79 32.3153257833445
8.8 25.5281756550479
8.81 61.3651500192374
8.82 44.5138744550481
8.83 38.2522295953933
8.84 37.9767128903389
8.85 53.4273552112334
8.86 52.0938005300276
8.87 42.3248112723247
8.88 51.2431723459085
8.89 62.3038253433109
8.9 57.2334956351218
8.91 44.2237956001731
8.92 52.1883739731449
8.93 62.9152660054366
8.94 61.9526460816005
8.95 73.1321031339329
8.96 38.8430305383841
8.97 53.1584963906059
8.98 60.0686930888753
8.99 47.6408523834383
9 60.9390092391187
9.01 59.6725078065232
9.02 44.4293260237288
9.03 42.0206279508648
9.04 55.0651544908392
9.05 59.5241936184492
9.06 35.1285820813571
9.07 62.3204252309659
9.08 68.9974061415057
9.09 46.8474183905293
9.1 50.7895775963835
9.11 54.5222795534146
9.12 60.3659140661907
9.13 54.3391538458815
9.14 39.6423585724922
9.15 56.3966710329264
9.16 37.4057074121863
9.17 50.3209618427939
9.18 53.3497037811665
9.19 63.1619702197655
9.2 67.7490421777751
9.21 54.5391360749157
9.22 53.0699929311454
9.23 57.8757641052392
9.24 62.5355757887249
9.25 55.1210683339062
9.26 42.5348910358501
9.27 65.4576714700995
9.28 57.018351526923
9.29 66.4996386522217
9.3 41.8300332307795
9.31 29.4071711102343
9.32 69.9926072322729
9.33 49.9682745782688
9.34 59.3853196151222
9.35 63.0178677336701
9.36 45.6066031147831
9.37 36.9545567373851
9.38 48.3293763686754
9.39 59.1668646841212
9.4 30.3011386362041
9.41 44.0822466036058
9.42 48.4421317609425
9.43 45.6135783696297
9.44 44.3194213632266
9.45 33.6283538423392
9.46 35.1651875561895
9.47 52.2907665674233
9.48 55.7334893566887
9.49 51.0943305252281
9.5 45.6982332357427
9.51 52.8378382370005
9.52 46.2473779773566
9.53 50.0318874751321
9.54 27.1846760064232
9.55 55.773429993623
9.56 56.420941865503
9.57 58.7532896138808
9.58 56.2495431513873
9.59 68.1127615563462
9.6 58.1253651234412
9.61 45.0783554888859
9.62 61.7038348481237
9.63 76.4879778589605
9.64 42.2242671306228
9.65 47.6650521047718
9.66 41.3768687194367
9.67 39.9425400524812
9.68 56.95118669309
9.69 37.5450663761031
9.7 60.4359922652702
9.71 50.3718587065385
9.72 62.4881332014151
9.73 62.0440729950509
9.74 46.6436694739253
9.75 55.4169961985074
9.76 51.0396773343644
9.77 66.9267797243303
9.78 56.158747643891
9.79 57.6441302956238
9.8 63.1626092030285
9.81 47.8932159516473
9.82 38.5968240988492
9.83 54.7629750233513
9.84 56.3906388264056
9.85 56.4039920086015
9.86 43.655729497588
9.87 33.1841231981901
9.88 54.4871481004635
9.89 57.0710885450421
9.9 50.1896160500855
9.91 51.3334693736102
9.92 54.2126454836766
9.93 56.1439021264536
9.94 57.5253645542342
9.95 45.1124692947482
9.96 69.0327981636658
9.97 58.1596397401053
9.98 55.427667831776
9.99 64.1599631500488
10 41.4477889284277
