0.01 3.08971173726107
0.02 5.09285379492282
0.03 -1.71495545788553
0.04 3.97617319110723
0.05 -9.88344215333416
0.06 -1.59043675328035
0.07 4.89411679372285
0.08 -2.10523794999174
0.09 -8.77744559400118
0.1 -1.42996334545125
0.11 -1.98912314475728
0.12 -13.8417217800691
0.13 12.6035021594384
0.14 32.0760934245978
0.15 -3.08262963654925
0.16 4.93644090397296
0.17 3.59885872630956
0.18 16.1788363209575
0.19 17.7513633862163
0.2 30.0242901293975
0.21 -4.23916249996506
0.22 15.9421225480894
0.23 -8.11027979879561
0.24 12.8095844744417
0.25 16.0352297633086
0.26 7.12876003059152
0.27 13.0075202586359
0.28 9.71577545998807
0.29 13.5597376066527
0.3 6.64832491632851
0.31 3.87114922268129
0.32 4.55679108540875
0.33 11.0652929251873
0.34 17.5374465115776
0.35 7.60476128396146
0.36 8.51929151698416
0.37 -0.798124907321276
0.38 2.68560630505345
0.39 23.793528482729
0.4 7.69971841788482
0.41 12.447162346543
0.42 15.7518456532566
0.43 -2.49665709703749
0.44 7.12508673545361
0.45 3.71174643942969
0.46 -2.54314642331122
0.47 16.2009123257732
0.48 34.1215040132779
0.49 19.6409252790594
0.5 2.86793141760383
0.51 14.9505141869821
0.52 10.6651380056395
0.53 -9.97464484737412
0.54 13.1296352001768
0.55 19.5844744749929
0.56 9.61258802910833
0.57 19.4752922342514
0.58 10.636277634341
0.59 10.1128019770225
0.6 -0.301940026285123
0.61 22.955656753881
0.62 8.81980737724115
0.63 5.75843286470622
0.64 15.6133802705784
0.65 15.3102057784274
0.66 3.09374673036939
0.67 22.4680574592986
0.68 9.07520389303555
0.69 -8.12146517075196
0.7 14.3125473473325
0.71 18.3744661906924
0.72 9.80070369626269
0.73 19.2297090812894
0.74 22.9454787723548
0.75 -2.84145847048638
0.76 15.3338102477489
0.77 -3.02476333444959
0.78 6.2532455975516
0.79 10.7607682194305
0.8 17.2763640561567
0.81 -6.89028837303972
0.82 6.52725757175664
0.83 1.30160282032315
0.84 6.0932022488196
0.85 19.6300306982745
0.86 1.96351417925082
0.87 12.4925788461261
0.88 14.8378482237109
0.89 4.00936697334825
0.9 25.4882176682095
0.91 10.3775002418695
0.92 15.7591314964337
0.93 9.54139092156138
0.94 32.0830380393936
0.95 16.1261866244819
0.96 7.87501263759665
0.97 15.7927071404307
0.98 0.312516154950318
0.99 -0.77319124194191
1 21.2244063883486
1.01 6.67616832156767
1.02 12.961072915021
1.03 -7.98330747262182
1.04 15.8888775204
1.05 5.87337617129725
1.06 -14.3991465778962
1.07 21.3115111366762
1.08 7.65563466551844
1.09 8.3243279808347
1.1 -7.0276586633295
1.11 6.29770645935159
1.12 12.6521474489644
1.13 20.0004215393504
1.14 6.69136583486148
1.15 -13.8602111335535
1.16 1.88241661569485
1.17 -3.15826880502114
1.18 25.9283568314995
1.19 14.1721207917678
1.2 16.2293613392022
1.21 18.4118493823608
1.22 9.71907743876092
1.23 14.4581403523307
1.24 2.88859815763181
1.25 12.4751736199486
1.26 7.32138325366786
1.27 -6.02000830206375
1.28 18.2804059360446
1.29 22.7169486432888
1.3 31.0767009879496
1.31 19.1827690271611
1.32 11.8859997808507
1.33 21.8559260343219
1.34 4.84744519779428
1.35 -0.247214482028848
1.36 16.899525768295
1.37 25.7360299873687
1.38 28.92788585274
1.39 -0.79931014958216
1.4 13.1072817852164
1.41 9.56062204109794
1.42 10.686235671006
1.43 19.5924611443698
1.44 11.7264138272689
1.45 -15.8430988412288
1.46 22.7302530499447
1.47 14.331724334839
1.48 4.01733409427807
1.49 21.7434922513158
1.5 -1.72164195925703
1.51 19.6225970692674
1.52 22.3755128584072
1.53 20.5985189121443
1.54 10.0443907384785
1.55 11.7811071876967
1.56 15.610779646742
1.57 15.1646967139332
1.58 15.4774990482511
1.59 9.01656353540852
1.6 25.3683016782703
1.61 9.36487008630137
1.62 5.79280742047367
1.63 20.8027205692065
1.64 7.1285930311483
1.65 16.6954944697974
1.66 29.4518969604984
1.67 28.9714027213537
1.68 0.801145878067119
1.69 11.0437914376707
1.7 4.52279525562296
1.71 34.7637187637526
1.72 9.0406014929317
1.73 15.1724083330338
1.74 19.683382165415
1.75 13.9228130399438
1.76 34.3025726771559
1.77 20.5113477963367
1.78 13.9660111571166
1.79 6.91636098842084
1.8 -5.11563371106674
1.81 2.97957824090537
1.82 18.6015046495334
1.83 15.1936915737615
1.84 -9.06887945494781
1.85 10.7830054616193
1.86 28.9973199219498
1.87 4.15743117705321
1.88 -0.451140142357188
1.89 23.7003362715735
1.9 29.7449647588984
1.91 9.17944224344018
1.92 4.51242026719905
1.93 29.3904348157914
1.94 22.4202376998602
1.95 12.6617657295244
1.96 16.9390681041841
1.97 6.34583361782507
1.98 33.9832147129254
1.99 23.5734650781898
2 15.886042648819
2.01 13.2348583922653
2.02 15.8511045907146
2.03 12.1295089756779
2.04 7.51473439864916
2.05 21.9023502235487
2.06 16.8133742878249
2.07 31.0960090163995
2.08 16.0345526649867
2.09 34.0472129093786
2.1 20.2186928256503
2.11 19.9311119747003
2.12 2.60115166357326
2.13 16.8288745781281
2.14 20.9355498825742
2.15 5.5185930576909
2.16 30.5406983921181
2.17 13.7172319102742
2.18 14.6482623468086
2.19 19.1246564646555
2.2 28.5209738641496
2.21 14.4138248786295
2.22 3.76156287303118
2.23 17.755065082782
2.24 6.5329650347419
2.25 12.7182340896639
2.26 3.09235929483539
2.27 11.1602660765904
2.28 25.6799834342744
2.29 9.447267199963
2.3 1.93894825320714
2.31 25.5771397174844
2.32 10.5254837223527
2.33 10.1314043837595
2.34 31.5467667094076
2.35 20.3707797615936
2.36 34.610961890538
2.37 10.5271770734242
2.38 11.5735761733802
2.39 16.4508908184968
2.4 19.7115351428752
2.41 29.7678226559731
2.42 28.1256345766897
2.43 12.0619683374194
2.44 33.7161336511034
2.45 12.6691102883834
2.46 17.0483501660298
2.47 3.19437093281899
2.48 27.8938405345114
2.49 22.684580085101
2.5 6.64386186956102
2.51 11.1154012793802
2.52 13.7130889703729
2.53 22.1503729536614
2.54 23.8632899084316
2.55 28.7813104306822
2.56 22.4126576928343
2.57 10.014056885943
2.58 13.4225447001086
2.59 18.7321159646186
2.6 -1.33455491534163
2.61 19.8118459389399
2.62 7.31485209231205
2.63 25.4276866721153
2.64 17.630609826477
2.65 14.6803323813751
2.66 32.0961195188461
2.67 10.9155411025933
2.68 32.36841751055
2.69 25.328882686675
2.7 15.2489931053947
2.71 23.9655012967952
2.72 14.6512472536065
2.73 26.5970463583864
2.74 19.9717451257302
2.75 26.1483611551722
2.76 32.5751699044029
2.77 13.1078109941679
2.78 20.7865306121325
2.79 15.345798984485
2.8 14.040954506024
2.81 15.1301060730082
2.82 11.6933075234292
2.83 25.2322290262806
2.84 16.349934083357
2.85 6.30921282255538
2.86 0.984460389231101
2.87 3.9314687708676
2.88 22.5161476064741
2.89 8.05962995038218
2.9 10.6817782700533
2.91 26.2693823353316
2.92 28.3258920816753
2.93 12.5036334099779
2.94 8.41958521805944
2.95 33.996629230645
2.96 18.5619382752537
2.97 11.2253675719744
2.98 22.1662436817684
2.99 25.7487147520768
3 20.2799447323023
3.01 23.2076330519658
3.02 20.1819179674704
3.03 15.8561808271085
3.04 25.4359318812239
3.05 12.8301844525721
3.06 22.6353298681648
3.07 34.3206450769299
3.08 27.0940322117715
3.09 22.2649751459732
3.1 33.8080822634889
3.11 37.8824367207273
3.12 25.9098609981372
3.13 18.0504822857148
3.14 22.2788795228985
3.15 15.1457516335994
3.16 24.9327631690003
3.17 29.3401235336824
3.18 25.8848401392761
3.19 22.4666926870546
3.2 21.5532141626843
3.21 18.7394090109768
3.22 26.8644585545643
3.23 9.68067306211135
3.24 42.712450661891
3.25 17.8022411479115
3.26 22.1145995714185
3.27 29.9354125382805
3.28 18.8122641616873
3.29 22.1334972726078
3.3 38.2162760843811
3.31 15.1333161044669
3.32 28.3497613364216
3.33 13.6973169847227
3.34 21.900124813248
3.35 12.9534148918253
3.36 15.0397975028051
3.37 -1.02776250400341
3.38 17.0218600581584
3.39 8.25376076081832
3.4 34.9501756733499
3.41 31.8569320188559
3.42 32.9982592138702
3.43 18.3937091572867
3.44 6.87670214095638
3.45 45.3346162542678
3.46 17.742116280324
3.47 4.17186616119564
3.48 6.68100547286362
3.49 15.5590855158444
3.5 25.9947294081866
3.51 11.1239424343916
3.52 19.5558081328481
3.53 29.393544010296
3.54 19.064578886695
3.55 26.3860624674643
3.56 23.9397727439926
3.57 21.2657149985732
3.58 27.1278721982346
3.59 21.3571642293446
3.6 18.987325755242
3.61 29.3601987948863
3.62 13.9773614090552
3.63 22.7037270674689
3.64 35.0679027032923
3.65 34.2911172494736
3.66 29.2967662926407
3.67 14.0582587688055
3.68 23.5653434303166
3.69 3.36655577063843
3.7 16.5682035516534
3.71 11.1650232513193
3.72 11.7858731584729
3.73 15.6371228928239
3.74 18.9064318118177
3.75 17.3732878231464
3.76 51.7785466640843
3.77 18.0153489943192
3.78 12.6859092393383
3.79 25.5801520121697
3.8 25.0629642036221
3.81 32.4839784317886
3.82 41.2027581149359
3.83 10.4800753057737
3.84 19.5260903227697
3.85 19.9212396722315
3.86 15.5688020070592
3.87 23.2435293407658
3.88 26.9944765140769
3.89 4.04026065556343
3.9 18.9694485416416
3.91 13.726723487311
3.92 33.2273219351747
3.93 25.5064261978214
3.94 37.5868396014037
3.95 12.4371363329108
3.96 15.2118234578471
3.97 20.1113073145874
3.98 11.2803797931491
3.99 30.9165725079259
4 38.6211947727637
4.01 26.5778694973761
4.02 22.4528842873927
4.03 34.5087918064372
4.04 27.3127740315316
4.05 45.466369351813
4.06 32.6579475908299
4.07 39.1587851574812
4.08 27.4120937406237
4.09 37.577289825412
4.1 33.1212490274017
4.11 24.7572728845532
4.12 38.4602636777615
4.13 27.5065204639009
4.14 34.1592612039331
4.15 18.017195086729
4.16 33.5644520976924
4.17 14.8130690048602
4.18 28.5791252762524
4.19 20.4887415727386
4.2 26.6546965325975
4.21 23.6438312454587
4.22 29.3436768003471
4.23 32.1585260130073
4.24 26.4700505221128
4.25 38.4889049301039
4.26 21.7902371457522
4.27 25.3831354204275
4.28 28.3498589862701
4.29 33.8143641742087
4.3 21.7157572880099
4.31 25.9098193608451
4.32 37.8101948548895
4.33 21.092953639871
4.34 37.9882511665475
4.35 21.9104237518105
4.36 2.51304655865324
4.37 29.3324265020882
4.38 16.7306262692889
4.39 19.3430462844864
4.4 17.1808132231453
4.41 22.2570534710221
4.42 30.1222887564609
4.43 31.1123187166219
4.44 11.2712057830157
4.45 40.3991218810818
4.46 27.0672709711924
4.47 40.1298610873887
4.48 16.2485756669024
4.49 15.3593196561707
4.5 19.7799703693197
4.51 28.2748434182578
4.52 39.7094691213932
4.53 27.3298385190998
4.54 19.2860618375369
4.55 14.4045678279033
4.56 24.9408511545883
4.57 38.4849303775486
4.58 28.3058228926863
4.59 37.6092944814023
4.6 15.8330029620582
4.61 29.2970040627109
4.62 44.3386932893289
4.63 6.79439950035122
4.64 28.0558799996383
4.65 17.4522936207405
4.66 36.8075313091178
4.67 12.2836259607943
4.68 33.0875101775643
4.69 12.5470551642929
4.7 14.680065545523
4.71 19.5651412940189
4.72 31.3838583549597
4.73 34.7231798444899
4.74 24.0307566781739
4.75 43.2194606924209
4.76 27.775687796698
4.77 39.6965331431971
4.78 12.432291118007
4.79 22.6739646692657
4.8 34.8544359971263
4.81 42.5134824649166
4.82 31.0119960449222
4.83 28.1059639196669
4.84 -4.56759849523717
4.85 24.0658818914964
4.86 27.6674950494287
4.87 38.6312386258534
4.88 31.6049382309982
4.89 19.6034102806171
4.9 29.1011553363656
4.91 18.1949259306673
4.92 6.69937820608943
4.93 6.85200656972883
4.94 27.9045618022232
4.95 18.0592373247423
4.96 25.1908396316393
4.97 32.4973387755784
4.98 38.2696069482718
4.99 12.8651259286415
5 51.4695651898954
5.01 25.6208893896181
5.02 33.9826841301365
5.03 42.7354053718505
5.04 40.0344976162351
5.05 32.7379111230481
5.06 24.8352912726217
5.07 38.053252488152
5.08 6.42462498756007
5.09 26.1058989908052
5.1 36.520240625234
5.11 19.6057148883472
5.12 38.6313442399796
5.13 32.8507866646554
5.14 31.881188625889
5.15 42.7943334145709
5.16 11.7847677103415
5.17 32.4034662306926
5.18 16.0721782277203
5.19 39.179047055502
5.2 25.7510765878391
5.21 19.4007566738622
5.22 20.800181795408
5.23 30.991288254673
5.24 38.6034076856107
5.25 44.7898393675977
5.26 28.0163398651365
5.27 22.1034100100794
5.28 30.9193476711003
5.29 23.3874034500345
5.3 46.0351499922223
5.31 20.4718212867388
5.32 54.7676272867644
5.33 58.2862223301116
5.34 35.7117096390198
5.35 31.9797777137871
5.36 51.2711054498453
5.37 29.4355277288522
5.38 27.466602611002
5.39 48.8231211839154
5.4 18.1224746404574
5.41 14.0121102909045
5.42 24.6394105011544
5.43 28.4760365508977
5.44 31.6970733068131
5.45 16.9495031971105
5.46 31.8984489919252
5.47 17.7623724443961
5.48 34.4023334271075
5.49 27.0041458162989
5.5 25.2680445451654
5.51 17.3771908392645
5.52 21.3817306056917
5.53 28.6755827500797
5.54 18.2308357867537
5.55 41.1325240114031
5.56 25.774971562769
5.57 32.7757513396881
5.58 30.7040963944116
5.59 36.0074522546752
5.6 36.7558809920108
5.61 34.8109484999252
5.62 48.7910141674051
5.63 32.8367458264889
5.64 39.7142762710334
5.65 34.8227894923074
5.66 20.2775115270012
5.67 20.0648644224991
5.68 20.906146487126
5.69 18.2798780265279
5.7 50.8235185962436
5.71 40.6253669241988
5.72 30.4836376147042
5.73 26.8307831006172
5.74 24.7544247340207
5.75 17.6941406936654
5.76 46.5541023564583
5.77 38.4800600281998
5.78 34.0898780202254
5.79 48.4814771850848
5.8 33.1754013286492
5.81 42.1046659005854
5.82 55.842898571707
5.83 49.3268141381095
5.84 41.1845858952139
5.85 40.9906889787277
5.86 33.1516864663524
5.87 36.9362302602691
5.88 36.3848952590586
5.89 28.0930877934651
5.9 47.896754725857
5.91 31.6394592386633
5.92 45.2486793840418
5.93 31.5527421114164
5.94 37.9960894327255
5.95 28.2688589228547
5.96 41.5358754733819
5.97 40.9177435588219
5.98 32.7404799515977
5.99 39.4887892208354
6 38.1888018640509
6.01 37.829259256868
6.02 29.5832406445618
6.03 29.6217885537553
6.04 36.0410310284147
6.05 33.4464733407279
6.06 38.7231136690187
6.07 30.7429363496088
6.08 27.1460504940477
6.09 27.275318603939
6.1 31.3153899585628
6.11 33.8656448919097
6.12 30.3644407980988
6.13 33.2059291249698
6.14 45.9511413249999
6.15 25.9336329786599
6.16 28.6830904580686
6.17 32.6668884551389
6.18 44.8182749665546
6.19 35.0584912448389
6.2 33.4429550459581
6.21 33.1689319727924
6.22 32.8300451099929
6.23 41.3830362588802
6.24 56.0969497277709
6.25 34.5697454227105
6.26 39.3883625427663
6.27 29.9356071778173
6.28 32.5692136772522
6.29 22.8414334002999
6.3 47.4011350115245
6.31 36.5896351762586
6.32 48.6014292916322
6.33 35.1440258558002
6.34 16.268114780103
6.35 12.2117950504516
6.36 11.5432885110111
6.37 54.1228827485197
6.38 41.1847420672909
6.39 37.8290509910199
6.4 39.6925408282205
6.41 44.3943233584445
6.42 45.8326380590919
6.43 42.0306410809344
6.44 45.2455686342594
6.45 49.5162419256405
6.46 55.397960792658
6.47 31.4461899306278
6.48 32.3058255970543
6.49 36.1189575907146
6.5 40.3350195624151
6.51 50.2096213593654
6.52 53.5931534450906
6.53 54.9591474708701
6.54 33.5252378123361
6.55 36.410795844312
6.56 33.0994988983528
6.57 27.2818177890993
6.58 63.403680945225
6.59 41.5336185292448
6.6 50.3579057163685
6.61 38.0324300441612
6.62 46.2695626219698
6.63 38.6685446092121
6.64 49.15792827823
6.65 34.4493802283455
6.66 42.4536486051903
6.67 37.5484922111897
6.68 19.243353412928
6.69 37.7099434721033
6.7 52.2097189052361
6.71 34.7286286002903
6.72 28.3880293721854
6.73 40.9485158979889
6.74 25.828858240448
6.75 52.3176149995333
6.76 42.0153227454724
6.77 23.1406574731145
6.78 30.2125697235752
6.79 44.4556793174563
6.8 32.920943339901
6.81 34.5150266298813
6.82 30.3825954486573
6.83 36.089560972791
6.84 44.6005364466854
6.85 50.0143095322939
6.86 55.0026525304362
6.87 28.7313650133874
6.88 29.5771870254239
6.89 52.7071300361587
6.9 36.2912797514814
6.91 40.9740766484526
6.92 29.3109618633436
6.93 32.9323527530675
6.94 43.4179245951491
6.95 49.8904785679264
6.96 40.7600274920438
6.97 23.2958649183632
6.98 32.5800572375483
6.99 38.9211798169663
7 31.0069912227984
7.01 51.6800744318671
7.02 36.6679480298326
7.03 40.1265556636057
7.04 42.0655708353793
7.05 52.4535642360369
7.06 21.406803201317
7.07 28.9987627412506
7.08 38.5847599006223
7.09 26.0057828125968
7.1 37.7903582495602
7.11 44.9182475411938
7.12 33.6996654136709
7.13 33.3507899921054
7.14 51.0367989389781
7.15 29.5450418978439
7.16 49.9475527763893
7.17 41.3178090349885
7.18 31.388112250873
7.19 44.0430342550837
7.2 57.0542268541553
7.21 27.167803647339
7.22 39.3624524481394
7.23 54.5330861062543
7.24 38.5288572902553
7.25 46.6093249672899
7.26 38.6492543755009
7.27 45.9177684774344
7.28 41.8021011806402
7.29 39.8733811524392
7.3 24.6272979391556
7.31 39.2086000854133
7.32 37.9168255106673
7.33 31.6674957920122
7.34 34.9330763385412
7.35 19.9441660087011
7.36 39.326897959692
7.37 52.4358786507593
7.38 18.3117411860044
7.39 56.8662022290421
7.4 45.3000010556807
7.41 48.8240297144529
7.42 58.1590526024148
7.43 34.5145633928178
7.44 49.3923298434657
7.45 72.0827052109911
7.46 33.0723935669086
7.47 54.1251330631724
7.48 43.8545320625102
7.49 49.4830367133274
7.5 61.4023245188264
7.51 21.7419620407821
7.52 38.0692244381611
7.53 50.6087979047047
7.54 46.7830518087342
7.55 55.7964925051155
7.56 48.8835683492375
7.57 47.5358940714541
7.58 35.6250061679843
7.59 37.0957435613236
7.6 34.6966074133418
7.61 59.7730792652779
7.62 59.2380255944875
7.63 41.0704554275314
7.64 35.3151662903302
7.65 56.2796732455419
7.66 46.4468017183481
7.67 41.757068420334
7.68 46.0082000764521
7.69 35.5546690626869
7.7 45.2142313154797
7.71 46.4032473411293
7.72 46.2698634614405
7.73 51.7077308675158
7.74 34.8730878182851
7.75 40.1063666465668
7.76 41.5444833906676
7.77 37.6107985207869
7.78 49.4507064733075
7.79 40.5925137297362
7.8 42.5708651464236
7.81 32.920675715371
7.82 62.1881100985592
7.83 42.0227507032634
7.84 39.1768320761111
7.85 65.0924557884368
7.86 46.7034549438694
7.87 45.6031516003152
7.88 35.3616274870487
7.89 49.0749424584513
7.9 47.7396133533929
7.91 53.5034294993272
7.92 31.1388714204096
7.93 29.460732923772
7.94 48.1348370757129
7.95 33.7922359261478
7.96 47.6264045115766
7.97 62.1592636043202
7.98 38.2806581427737
7.99 35.1130012258901
8 51.8022355713265
8.01 56.5698828015029
8.02 61.7031876085954
8.03 34.6338084799709
8.04 35.0185343755596
8.05 57.4983075373575
8.06 43.097184501124
8.07 39.0185543372995
8.08 34.4104946240702
8.09 29.5480225976176
8.1 27.2918621293447
8.11 42.0304886826214
8.12 62.9357256215216
8.13 35.7751600115731
8.14 56.9826811928622
8.15 58.0086601878035
8.16 44.2982233775652
8.17 41.7222732441654
8.18 48.1572808147685
8.19 63.0073108380028
8.2 36.981881410297
8.21 69.3652234714264
8.22 55.8822892358517
8.23 36.0779942822218
8.24 38.4828877582382
8.25 39.8291097035059
8.26 49.6592189273006
8.27 52.1020402451416
8.28 57.1639085613727
8.29 34.5790172264229
8.3 47.8705902651406
8.31 35.2304214985475
8.32 48.1700352736464
8.33 40.4944528618659
8.34 25.1226515453908
8.35 41.581213548008
8.36 46.1510156448059
8.37 47.0624290272887
8.38 48.7739144372267
8.39 45.7137901075194
8.4 29.545517641339
8.41 47.0490959169721
8.42 37.2570704497289
8.43 60.1010765117437
8.44 46.1271148567019
8.45 45.130619072067
8.46 52.6592933761574
8.47 39.7261597812363
8.48 62.1924449867085
8.49 56.331198417743
8.5 32.9693929991257
8.51 41.87592063842
8.52 45.5482855821788
8.53 39.0403395852342
8.54 35.4103481282099
8.55 62.2588863849562
8.56 52.5030594375849
8.57 58.1517161066834
8.58 50.880947008418
8.59 58.0793835862912
8.6 49.0811997747002
8.61 37.1173751468614
8.62 36.7534797236924
8.63 51.2615076083517
8.64 51.7793189655495
8.65 50.798949720183
8.66 55.186624996678
8.67 65.3203946276433
8.68 58.6562945787643
8.69 56.2619900238924
8.7 43.3049897023015
8.71 56.3516815614813
8.72 47.9304722745952
8.73 44.4312434855915
8.74 42.6460229484198
8.75 60.420478521032
8.76 54.9678948281977
8.77 49.8337004381147
8.78 62.0177372289672
8.79 47.1138395461323
8.8 54.1587450599451
8.81 41.5276632629005
8.82 52.899002930656
8.83 58.3873021297643
8.84 61.3044657798422
8.85 64.7566692446396
8.86 42.5405096667058
8.87 35.0707204700251
8.88 47.5842967573936
8.89 50.8826423832297
8.9 55.2873944733894
8.91 36.6807984844001
8.92 38.2260533273721
8.93 68.0169625499393
8.94 58.0573325424108
8.95 48.8535020169328
8.96 48.9362232991999
8.97 44.9732218226481
8.98 35.8977201757063
8.99 52.2865240616957
9 61.8729610472728
9.01 41.9413389969544
9.02 24.6067888245326
9.03 59.3845269895872
9.04 33.1065188152737
9.05 50.5755858250382
9.06 54.6210763800716
9.07 45.0978720837138
9.08 67.0869266311424
9.09 57.8573863587456
9.1 68.0610406648457
9.11 42.3659039224775
9.12 46.6405283597033
9.13 46.1437428577755
9.14 45.8548308719661
9.15 46.6276701230203
9.16 33.4875852836997
9.17 53.6979053221945
9.18 61.5647453074752
9.19 46.703498589754
9.2 55.8878780287963
9.21 67.4510725517999
9.22 40.4787238414829
9.23 58.6226137991893
9.24 59.6225052090345
9.25 55.6841072524308
9.26 38.5692764786417
9.27 50.8566662570065
9.28 33.3746813444997
9.29 45.9236648989033
9.3 68.9839872620779
9.31 50.5737981951644
9.32 58.6269001962086
9.33 44.9219012693412
9.34 43.7498327135146
9.35 50.2990660969077
9.36 54.0434278047581
9.37 58.0484009051141
9.38 48.2935726952743
9.39 48.8321649999387
9.4 43.8696827239238
9.41 68.8785808791484
9.42 40.6628457466923
9.43 60.6174455683144
9.44 49.5983715536836
9.45 61.0617131117631
9.46 71.0184793338807
9.47 55.019211736396
9.48 54.1505236031393
9.49 46.186382465862
9.5 43.3021522977505
9.51 52.1621319881129
9.52 53.6207434432155
9.53 36.509353536193
9.54 45.0414027832837
9.55 52.0773116311176
9.56 58.1296283018224
9.57 67.457670637049
9.58 41.2421673510982
9.59 54.2624445213992
9.6 49.9215183223822
9.61 51.8133859269005
9.62 62.072145225213
9.63 54.4628063025809
9.64 59.8150702646126
9.65 58.9798578262853
9.66 39.4000777379909
9.67 64.6337941029628
9.68 37.0647862986115
9.69 61.4268675127607
9.7 43.3326739636028
9.71 58.5459775986804
9.72 59.7733599961898
9.73 55.6906860792859
9.74 46.9502542154609
9.75 59.2133695356761
9.76 56.163984833473
9.77 34.3384937394299
9.78 54.7563535944782
9.79 57.1231013792918
9.8 43.1154883822597
9.81 66.8079681021127
9.82 63.6506426988447
9.83 51.0439287994649
9.84 58.6250745595671
9.85 46.5322322805169
9.86 63.2895693312065
9.87 64.8894221901817
9.88 65.8478603333079
9.89 55.0408466191102
9.9 64.0152857745193
9.91 63.7363138038095
9.92 52.9382394124911
9.93 38.4451714521881
9.94 43.8432595715105
9.95 53.4861184548921
9.96 72.0237724372352
9.97 53.0785936445878
9.98 71.0932428462917
9.99 58.7018889827022
10 54.7475365518024
