0.01 4.46148945460824
0.02 -11.984201934669
0.03 -1.35323840304973
0.04 10.0426581681781
0.05 4.6049430831107
0.06 25.0281378129181
0.07 8.75040086727989
0.08 15.3869241251507
0.09 3.22078257618753
0.1 -1.53366496636279
0.11 18.9186773179169
0.12 19.8364199951361
0.13 -3.56572938370605
0.14 -0.458022328091053
0.15 1.07877698660734
0.16 12.8996810023535
0.17 -2.53170940426343
0.18 11.5413789203241
0.19 8.66435913826247
0.2 3.8789553676317
0.21 9.78392311323651
0.22 6.29550488492687
0.23 -0.846841529072743
0.24 7.8962213500072
0.25 22.9105965744641
0.26 -13.7320369627347
0.27 -0.927911253190794
0.28 -1.63293157860465
0.29 11.4341316670448
0.3 21.4220404500036
0.31 5.4169323950347
0.32 2.51964383352755
0.33 15.5137012095155
0.34 24.6228760225144
0.35 11.8959306754257
0.36 4.02090821119794
0.37 -4.99446225907343
0.38 -1.55909403587216
0.39 10.6422464920707
0.4 16.4569148268493
0.41 12.446785460592
0.42 -13.9339458426555
0.43 14.5651111792411
0.44 8.16604300074344
0.45 18.3783598619207
0.46 34.7381518325978
0.47 4.94872581033668
0.48 9.57121387122384
0.49 3.84203074286637
0.5 -1.83524719697272
0.51 20.9824301746246
0.52 -9.71085858828545
0.53 10.8617958606423
0.54 -1.70797587067125
0.55 -8.06670105310531
0.56 -8.4412185114222
0.57 8.33729892873895
0.58 0.225043703528093
0.59 8.1058413958103
0.6 14.5411771266119
0.61 10.656955561292
0.62 1.45539863204927
0.63 4.29594181403737
0.64 21.5584830839025
0.65 -22.1714015280208
0.66 -0.612942477431529
0.67 0.768282302905264
0.68 -9.67333216543066
0.69 25.0619986753309
0.7 9.45552155465267
0.71 0.883888363581768
0.72 -7.19030271503795
0.73 17.4125645912792
0.74 8.90775449745609
0.75 2.85007215851046
0.76 1.58710805560209
0.77 3.72992146989311
0.78 6.16248634376873
0.79 12.0910233068979
0.8 2.80439397640915
0.81 -6.03872326694912
0.82 18.867272556415
0.83 22.4848753156024
0.84 10.5909602941223
0.85 14.8422127343152
0.86 -3.16860934590648
0.87 -0.0206149916982294
0.88 1.4256663944751
0.89 23.3040181535331
0.9 10.7586204914785
0.91 21.8309208094154
0.92 10.4598832664886
0.93 2.91312521000997
0.94 19.4608950685778
0.95 12.9579614051228
0.96 12.7171611612929
0.97 -12.2045669539663
0.98 17.2008886768569
0.99 20.3754710175166
1 24.6114108579447
1.01 2.9019050555691
1.02 14.2105135795399
1.03 19.050761331407
1.04 19.7545542561389
1.05 -2.72450004023388
1.06 21.1770518170884
1.07 5.72390775276853
1.08 8.6050232764224
1.09 9.87387948693028
1.1 0.8979733602016
1.11 10.1158152484835
1.12 -3.43315316529367
1.13 16.3953686907913
1.14 10.2849309662438
1.15 7.66282386006215
1.16 -7.24050285038065
1.17 1.41975250465713
1.18 9.71835737193297
1.19 18.0848373811783
1.2 -1.51400020138543
1.21 -8.05733051976767
1.22 9.19733751583593
1.23 16.3008742712741
1.24 2.81472200268415
1.25 -2.97719429239465
1.26 -16.1193869703457
1.27 17.3357453624693
1.28 10.0804307503079
1.29 8.04940582673173
1.3 23.4148342392043
1.31 -4.89506939308044
1.32 27.8956147738034
1.33 -3.44645453396343
1.34 -0.556057719126969
1.35 5.01527067259923
1.36 2.91344798749054
1.37 7.90351046174644
1.38 0.714192277850561
1.39 23.947624737735
1.4 -12.5239706191301
1.41 16.0620348462302
1.42 17.6921029692695
1.43 2.27541357458987
1.44 -13.6726566357405
1.45 17.7234046722887
1.46 -2.49507715054724
1.47 17.6530743203331
1.48 12.377994160901
1.49 -9.50351054231806
1.5 11.806875943984
1.51 25.440872282747
1.52 -1.46477895069218
1.53 14.7958461270921
1.54 9.57648326583425
1.55 13.1269522849301
1.56 20.6037153223107
1.57 25.4740947882977
1.58 7.90688778349502
1.59 -5.83858845841879
1.6 9.27500242945245
1.61 9.34996424028849
1.62 -3.08174735606699
1.63 26.883065038403
1.64 -5.54801210348951
1.65 30.0561622140845
1.66 3.84948027631939
1.67 -4.01028086615222
1.68 20.8257774010736
1.69 16.6599071069225
1.7 2.25593154416039
1.71 7.92514214680516
1.72 27.0171989148549
1.73 16.5489788968612
1.74 28.2655381715463
1.75 1.96685057839693
1.76 17.0980278671081
1.77 23.7235752644233
1.78 13.9527208567942
1.79 10.5432945979556
1.8 35.9578364601107
1.81 28.4352481161515
1.82 26.2761267118246
1.83 30.2867227809751
1.84 2.69463852771481
1.85 1.47547488389405
1.86 30.2277473257989
1.87 9.39049305418647
1.88 1.8994740373542
1.89 6.70399231141823
1.9 -8.53354497206338
1.91 -2.25433040439056
1.92 31.2487119969588
1.93 12.2183792740302
1.94 19.5225848309164
1.95 7.09700377817721
1.96 18.8020388023325
1.97 24.3286904915427
1.98 10.38388575638
1.99 20.9043297309809
2 6.65561552907345
2.01 1.56606336522794
2.02 12.2228854398411
2.03 30.8342198664953
2.04 16.8918870071883
2.05 -3.18527522420383
2.06 8.83953430632788
2.07 42.237568494798
2.08 39.4835589823024
2.09 -3.80138537451212
2.1 25.3300527199146
2.11 5.11075668882655
2.12 17.3290254689017
2.13 23.6881752412771
2.14 20.8915521648911
2.15 8.10345244241404
2.16 18.890576677722
2.17 11.3124759333352
2.18 26.750999879911
2.19 2.6712988263562
2.2 21.4586558810343
2.21 8.36813087249132
2.22 6.52798969409219
2.23 17.6087244021566
2.24 33.5626279249737
2.25 20.4915094071903
2.26 27.8514494741163
2.27 5.27804558747554
2.28 28.8393937059147
2.29 18.6898382175972
2.3 9.14343483389871
2.31 7.66803474408089
2.32 22.4978809007654
2.33 30.4885867141949
2.34 17.5334409393574
2.35 25.9277319775746
2.36 15.8570661819154
2.37 -1.72467359548769
2.38 15.3747276763168
2.39 22.9472473280059
2.4 18.8781507703388
2.41 19.0619738198455
2.42 22.3031297605418
2.43 10.0603455451804
2.44 30.0971739554336
2.45 19.2787354655523
2.46 28.5969426574959
2.47 21.3653953315793
2.48 8.16851921175183
2.49 32.7675180164924
2.5 5.27773772449794
2.51 23.2697490770976
2.52 29.1514614633497
2.53 3.28340000824011
2.54 24.6038008404065
2.55 3.79926537929386
2.56 25.1672555599865
2.57 23.6693792237959
2.58 13.7800143922954
2.59 15.6085999833086
2.6 25.221280243171
2.61 -2.55998874792441
2.62 26.4126607246931
2.63 -1.07775027949044
2.64 24.00459282913
2.65 21.4948863359251
2.66 25.5348260149271
2.67 30.6069230300797
2.68 26.7787629494307
2.69 20.7209234081425
2.7 28.7727300636922
2.71 13.2990690644455
2.72 25.4628782634763
2.73 14.6764500907625
2.74 12.8627278448357
2.75 29.0626230016422
2.76 6.54729518196072
2.77 22.7052222367592
2.78 15.5309206483902
2.79 23.5138045601983
2.8 14.094641246093
2.81 15.8872549588129
2.82 32.2651995132956
2.83 15.7655243476621
2.84 33.2795473598338
2.85 20.4128419116949
2.86 30.1896401365952
2.87 34.4290840756397
2.88 27.1182188764603
2.89 20.4387240550912
2.9 11.2040240121656
2.91 22.288189313697
2.92 -0.412659855769601
2.93 32.8364456858072
2.94 5.21931317514349
2.95 22.5137222078957
2.96 3.57506908513386
2.97 16.2355262894425
2.98 23.9456138352094
2.99 13.9959766785249
3 19.7414391608174
3.01 10.1015535140068
3.02 24.2946518709314
3.03 32.1849975159873
3.04 14.467644555282
3.05 24.8831986612711
3.06 32.2534794952389
3.07 10.9081441012286
3.08 13.7961282883886
3.09 1.54550123477105
3.1 23.4482662320964
3.11 20.9018289623823
3.12 19.0887435576891
3.13 -3.90401449751153
3.14 29.8726562883698
3.15 23.8146285809756
3.16 34.1257889920992
3.17 25.1599777867182
3.18 33.1049142501293
3.19 9.4010116260332
3.2 52.0263469818182
3.21 15.4080373892135
3.22 17.0884667348647
3.23 17.7764810351714
3.24 41.6965352737295
3.25 28.6799122458601
3.26 -5.19452527452645
3.27 18.7402199986609
3.28 14.1537146714701
3.29 18.6934972323921
3.3 13.3532819707637
3.31 9.34401746723694
3.32 8.95394145585299
3.33 25.9515837863712
3.34 25.5384698838013
3.35 6.9676947151828
3.36 17.4957277811729
3.37 7.73319478331883
3.38 16.6438703050018
3.39 19.9837022477933
3.4 30.218470385053
3.41 29.2711956239711
3.42 35.1935125804149
3.43 3.66097436126596
3.44 28.742973468419
3.45 39.5030520532035
3.46 13.4147611311996
3.47 24.222422357516
3.48 22.8883421932337
3.49 22.7058602414906
3.5 18.7577915321653
3.51 12.7870524209725
3.52 31.9660191641528
3.53 37.8987672431133
3.54 33.1878836874471
3.55 33.5751193213293
3.56 16.6527280025998
3.57 32.1041953783616
3.58 19.8068681760144
3.59 36.5106380811831
3.6 46.0181327161982
3.61 12.6835295429222
3.62 10.298535978265
3.63 29.3050174443753
3.64 14.9934159808564
3.65 23.2949647269451
3.66 33.2393129345882
3.67 16.0974830908917
3.68 22.6983151830032
3.69 13.6944779752916
3.7 1.8603479674376
3.71 26.7954753425429
3.72 54.3303431386526
3.73 21.468705233297
3.74 17.9518637557755
3.75 26.1054034454194
3.76 26.7299085905381
3.77 26.8074516918158
3.78 34.4470739267076
3.79 6.38683923288598
3.8 21.0671918942837
3.81 19.628316474866
3.82 9.66329295819632
3.83 13.7519932770635
3.84 16.599508976815
3.85 11.997062304189
3.86 25.2277636993113
3.87 18.5730364330233
3.88 29.2469210359802
3.89 20.4798496052544
3.9 24.1262802587839
3.91 40.2213821585663
3.92 27.0145426921337
3.93 13.2653456730663
3.94 33.1068020360871
3.95 14.5156935969359
3.96 20.2454031248506
3.97 39.4809144968353
3.98 13.2567614252018
3.99 28.7955669620157
4 23.86870094789
4.01 14.9415945024294
4.02 10.6680558675758
4.03 13.5508452152672
4.04 18.9609061464555
4.05 25.6972606623508
4.06 23.4722520758812
4.07 24.4790634276878
4.08 26.4986807244374
4.09 30.0649230881979
4.1 33.3274082339712
4.11 30.9018312356175
4.12 40.3574578781019
4.13 35.1806700637904
4.14 3.3449021454447
4.15 25.5570954756217
4.16 19.6834993129682
4.17 12.8076431957848
4.18 25.7431056517816
4.19 45.9404474319308
4.2 39.4002340442551
4.21 23.4286050887175
4.22 28.453524077981
4.23 16.6346964038312
4.24 16.9093125505433
4.25 4.26055446442566
4.26 26.503430931758
4.27 33.8387704897273
4.28 24.5188862169497
4.29 36.302366211603
4.3 41.032545596632
4.31 27.9008241481542
4.32 45.9737868693015
4.33 27.7994371526002
4.34 22.4283794726095
4.35 20.9179406868787
4.36 9.18680862038818
4.37 48.4867380981144
4.38 29.1066782153487
4.39 6.94141805453653
4.4 9.48854251692055
4.41 10.335875956609
4.42 24.015217222937
4.43 27.6097972677946
4.44 31.3484160075204
4.45 36.8173672586374
4.46 17.2674072018142
4.47 46.0983678003039
4.48 20.9734044033674
4.49 47.26098186827
4.5 29.8905353126115
4.51 26.5061133830628
4.52 25.5559190997419
4.53 34.7547498358898
4.54 38.264813391969
4.55 40.3160800030471
4.56 19.2010564522041
4.57 25.7070639050648
4.58 22.6299746880826
4.59 28.6620134925189
4.6 38.9927559287142
4.61 27.768807543039
4.62 17.9342388206067
4.63 12.2184106100958
4.64 37.3632792603315
4.65 25.608356346799
4.66 27.5621062395088
4.67 27.0464948702095
4.68 38.8953656331517
4.69 25.9024171899472
4.7 25.8168571399818
4.71 42.9106289895101
4.72 8.41407299043787
4.73 27.4393376798922
4.74 38.1359467147442
4.75 45.497059787355
4.76 28.2640122184572
4.77 -2.58069456411662
4.78 13.5176976286543
4.79 22.1956963976439
4.8 14.6509867819887
4.81 29.9490789100442
4.82 34.5440211854254
4.83 34.8051202668585
4.84 20.0872652779681
4.85 21.6109077683552
4.86 52.2662404821616
4.87 25.0675430445125
4.88 52.3433318209185
4.89 40.7898210196046
4.9 23.9227747405458
4.91 30.1347883180203
4.92 31.1091422761258
4.93 37.1685309894338
4.94 12.2762621557085
4.95 38.3720746552572
4.96 37.9004074470615
4.97 30.3569794478493
4.98 20.4150632797091
4.99 28.8018537345025
5 30.4274197739771
5.01 16.2186868219644
5.02 30.9102916309028
5.03 18.817333312609
5.04 36.403417763715
5.05 54.8091456797003
5.06 3.79324333575252
5.07 20.6410509918574
5.08 38.0133943047053
5.09 16.9902026515503
5.1 36.4824622756114
5.11 16.7450434781328
5.12 16.3436169076749
5.13 3.40177407182556
5.14 37.5208148232563
5.15 33.0181008062155
5.16 43.2644524725023
5.17 24.417482945994
5.18 33.6241167311154
5.19 34.082968420502
5.2 19.3096966660748
5.21 41.2463481936058
5.22 34.6734143183019
5.23 34.0571844483759
5.24 46.9904251525308
5.25 35.5226165701728
5.26 19.9937018053783
5.27 21.6904586924111
5.28 21.6102220802403
5.29 18.7955938142347
5.3 31.0071766299559
5.31 24.7510137218486
5.32 13.14004615721
5.33 34.4223249237698
5.34 17.9541774727421
5.35 51.2087602095986
5.36 33.0143133531463
5.37 30.7781166766266
5.38 21.8913350047575
5.39 29.1307674128145
5.4 37.9755244846471
5.41 39.1901488209586
5.42 47.893737803894
5.43 30.6327598727792
5.44 25.7307788774851
5.45 33.1782760475131
5.46 33.5594110121268
5.47 42.5819646113788
5.48 31.9138849782407
5.49 28.5589801441579
5.5 37.5038679381051
5.51 30.1268595419606
5.52 38.3142035785061
5.53 31.8788603958037
5.54 34.5027489270011
5.55 35.0036438889757
5.56 22.5081749970805
5.57 51.9676421908137
5.58 24.8930223764179
5.59 31.4304739338548
5.6 35.0017637850403
5.61 28.1750204214254
5.62 43.2544576155314
5.63 15.5074717312715
5.64 30.8810784563656
5.65 35.8239792511545
5.66 26.0777171806128
5.67 47.8113298628604
5.68 20.8611623535688
5.69 23.177288486347
5.7 33.5387869166467
5.71 30.2252511935727
5.72 24.2735727160085
5.73 30.8030893260615
5.74 12.2558220312663
5.75 25.7813366119151
5.76 32.7473435609743
5.77 36.7375826472086
5.78 43.6984463420314
5.79 18.9563423839972
5.8 60.5011010399981
5.81 27.2174822946959
5.82 38.3500141826952
5.83 36.9748438670532
5.84 21.0995334437496
5.85 54.3235606215232
5.86 23.2297642213261
5.87 30.8290658073346
5.88 22.6465750320431
5.89 47.5013838841141
5.9 26.8027876646152
5.91 14.3688522667552
5.92 8.76579625015675
5.93 21.0373646202636
5.94 33.2867194658203
5.95 28.4402793797712
5.96 49.7627471475114
5.97 54.0293226093828
5.98 45.1506138753335
5.99 24.4343458529732
6 34.7928242638773
6.01 31.9144085916776
6.02 43.4838214451835
6.03 33.5146731242666
6.04 41.099795814741
6.05 44.3280366574266
6.06 44.785614732038
6.07 28.3058719443324
6.08 29.2874154450147
6.09 30.5422113335431
6.1 48.6404551166965
6.11 44.238122576835
6.12 29.763853630051
6.13 29.15391214388
6.14 39.4652860271536
6.15 33.4633882596132
6.16 44.0821347090082
6.17 45.6152057099726
6.18 28.8673879730836
6.19 17.0184730939415
6.2 38.2012753123983
6.21 34.3011892901497
6.22 49.2637401476721
6.23 32.9207903912357
6.24 36.3064562338192
6.25 48.3107544032351
6.26 37.5553537262879
6.27 15.9276931324277
6.28 57.1018218249593
6.29 38.2606448929557
6.3 54.4420954089002
6.31 21.9455389476624
6.32 47.1507737865354
6.33 31.3069148196603
6.34 45.7618819445582
6.35 48.2206252733433
6.36 32.4648046383152
6.37 28.5625555780429
6.38 40.1327170166995
6.39 49.2734270369363
6.4 39.1651454963118
6.41 22.4976678569451
6.42 30.8351904310567
6.43 47.769393999027
6.44 33.8258804331279
6.45 43.6184912967562
6.46 41.3085749382947
6.47 42.505986837965
6.48 53.3265744847559
6.49 53.6989628517604
6.5 48.4194448093985
6.51 35.3337139000076
6.52 45.7374359939643
6.53 57.422344194599
6.54 31.3445021710825
6.55 3.48035806136654
6.56 26.8568187630951
6.57 32.5701943907085
6.58 50.6503098041678
6.59 29.5308509016803
6.6 36.0175433901453
6.61 40.703816864166
6.62 44.9948262161351
6.63 24.9664020835443
6.64 37.4742594849894
6.65 38.3589144634859
6.66 33.5998361104513
6.67 36.7382001375245
6.68 29.9809567276855
6.69 51.422594078774
6.7 39.0400906148886
6.71 26.1550849444323
6.72 36.0466326131614
6.73 14.3883359829796
6.74 28.2509972097897
6.75 35.4906549334432
6.76 33.4359974084213
6.77 31.1141699279975
6.78 31.8021527555349
6.79 27.6239595161852
6.8 40.6892347564915
6.81 52.3358441682693
6.82 38.9627003857614
6.83 43.120837706973
6.84 49.5449744046677
6.85 39.5872560884448
6.86 9.96249776521983
6.87 33.974305463686
6.88 59.4983588186305
6.89 22.0183901372909
6.9 37.2398931297978
6.91 53.4689528527387
6.92 36.6147749004457
6.93 38.4671306822061
6.94 47.4424190249043
6.95 34.1968672577592
6.96 64.940414883049
6.97 26.2017297889907
6.98 36.3161316386554
6.99 38.1365991107675
7 55.5041367904082
7.01 53.9690473872003
7.02 61.6511603037281
7.03 31.986967887009
7.04 40.4619766616966
7.05 41.9162236390811
7.06 31.0865942390082
7.07 26.9664331370299
7.08 48.1155229218749
7.09 30.4753735762201
7.1 41.6509021822142
7.11 33.6491416070441
7.12 46.2871285908366
7.13 49.3001526917267
7.14 34.0966041255396
7.15 38.9941070925273
7.16 41.5392714089623
7.17 41.591832010321
7.18 61.8051917514759
7.19 46.9197015001296
7.2 40.4474870485944
7.21 30.4742890025799
7.22 50.0282818425958
7.23 63.5755784699255
7.24 36.6419294237737
7.25 53.4203533659949
7.26 46.1517876679898
7.27 52.4702866482471
7.28 58.8122723488819
7.29 21.3556883940667
7.3 37.0277187557767
7.31 46.7779470706816
7.32 40.9927329710551
7.33 32.7383358481707
7.34 56.2370342009236
7.35 48.2209977443903
7.36 51.1244506107346
7.37 63.8425241353211
7.38 47.1763932099585
7.39 74.4773618405626
7.4 37.5695717661469
7.41 34.4627511274367
7.42 39.9726608212863
7.43 23.9041286980159
7.44 33.5644133419423
7.45 42.3534444470993
7.46 24.5889943624461
7.47 50.7160909903212
7.48 37.6491539435785
7.49 41.5083427191941
7.5 47.0604253705904
7.51 43.2817100328585
7.52 55.57371082794
7.53 44.492630392099
7.54 54.5428504392124
7.55 54.11892270972
7.56 33.9159413090028
7.57 41.5049818895345
7.58 48.6184765354648
7.59 30.0130362808789
7.6 33.9198130774536
7.61 34.7996873222901
7.62 34.8933932522632
7.63 47.9354480057062
7.64 57.5383816333133
7.65 33.9099001819
7.66 42.7158851696193
7.67 52.2138587462797
7.68 42.1804119364539
7.69 42.5631068112364
7.7 52.4079909555403
7.71 48.2665231370771
7.72 37.5942581807641
7.73 57.4854412304242
7.74 55.1236530654312
7.75 49.4220570969344
7.76 38.1241707015818
7.77 45.8141948086005
7.78 32.7316142368311
7.79 44.3790600666421
7.8 45.496701282055
7.81 52.9472141750342
7.82 64.4534085513238
7.83 45.2593966563582
7.84 44.6327494560442
7.85 54.351617360535
7.86 38.0777340056719
7.87 37.9456627654753
7.88 50.5175044103563
7.89 31.9897485185939
7.9 40.4243527927479
7.91 30.5929092675725
7.92 36.1207862679875
7.93 34.6787335482636
7.94 49.8100768789597
7.95 24.1215074817632
7.96 32.3316293873629
7.97 34.8205410833428
7.98 47.7211517137338
7.99 51.2922938931685
8 58.8890692094894
8.01 47.0776548056506
8.02 57.6365399845785
8.03 41.5719009396301
8.04 58.0573211195649
8.05 50.0004758173916
8.06 50.2499909070585
8.07 62.304848859988
8.08 61.1661564221349
8.09 43.5673349037001
8.1 54.9399788539965
8.11 47.1600705360008
8.12 38.5503866504349
8.13 41.0034873476698
8.14 48.7702782088126
8.15 49.5405675362319
8.16 51.4242316654693
8.17 48.3877896517853
8.18 42.10839192184
8.19 57.3030472372845
8.2 32.7601102423699
8.21 53.1709328165218
8.22 64.2449814488314
8.23 53.0332795818564
8.24 46.42759086416
8.25 61.0224240621032
8.26 28.0039252972839
8.27 34.4921348798454
8.28 40.644513053938
8.29 43.3578225633319
8.3 47.5125300772348
8.31 35.925041005206
8.32 52.8887033853067
8.33 45.0362316743184
8.34 26.6240073161263
8.35 36.4174324447514
8.36 63.7849760179745
8.37 42.8563722392089
8.38 57.555387381513
8.39 46.9025812034186
8.4 51.4701441825611
8.41 48.5472511603892
8.42 54.3473884009458
8.43 34.6779541217817
8.44 42.3117376903212
8.45 54.6670832295291
8.46 34.5302696262003
8.47 58.2119854568157
8.48 43.9763780945289
8.49 43.985033094908
8.5 36.5532235347107
8.51 59.4656710369054
8.52 44.5823087471908
8.53 56.8611404306275
8.54 39.1194361784137
8.55 48.6494392455195
8.56 47.1938864945268
8.57 33.9746654789109
8.58 52.0870050062082
8.59 57.4337426872722
8.6 28.4128234115805
8.61 48.3461557322002
8.62 44.8222952243442
8.63 39.2872856212536
8.64 42.1511906180162
8.65 45.2897275365209
8.66 42.3832326169718
8.67 58.2513152152128
8.68 42.9147868775463
8.69 37.6120362463284
8.7 49.4505095143698
8.71 56.5074630008721
8.72 34.6992709752185
8.73 47.4264606213924
8.74 31.1524069663805
8.75 36.0685718140103
8.76 39.1703602706404
8.77 49.0989452511054
8.78 42.6118139569116
8.79 68.6714349639071
8.8 67.5375037090623
8.81 47.3999301653337
8.82 59.0995226780386
8.83 49.8448702052077
8.84 58.1614507198591
8.85 52.2661191002927
8.86 35.7358912795726
8.87 59.9585928346581
8.88 40.121282019605
8.89 40.5045885711674
8.9 41.4688119899264
8.91 55.8467580206518
8.92 59.1975942572949
8.93 30.5570525206146
8.94 47.1598848438283
8.95 47.8800162810427
8.96 66.9757574686617
8.97 31.2242457846822
8.98 45.3432850635087
8.99 52.2699094807903
9 63.9979070568851
9.01 39.4471907673661
9.02 43.9636432153245
9.03 59.8301647280821
9.04 49.2017316868708
9.05 61.1241260758776
9.06 53.9804649539565
9.07 60.7691603466623
9.08 49.7728220311926
9.09 63.7181297009794
9.1 51.268115520126
9.11 61.4307984219461
9.12 59.1869341890307
9.13 43.4231199556007
9.14 66.1783395493905
9.15 44.2873858575471
9.16 53.2916002342721
9.17 54.4191576447044
9.18 34.0319732310029
9.19 42.6491589313529
9.2 54.8745799457503
9.21 55.4381949794085
9.22 31.4400608430445
9.23 54.8697826126019
9.24 30.2224839694274
9.25 58.8817534007595
9.26 45.2842762662587
9.27 61.2723639132197
9.28 60.524554988873
9.29 63.4149286811309
9.3 53.3598559327758
9.31 52.0692806130958
9.32 47.9708182153765
9.33 58.3777268806317
9.34 73.0566861427786
9.35 60.7593980604402
9.36 40.5736236482616
9.37 57.9145327050844
9.38 68.6145730032471
9.39 63.8246367596775
9.4 67.3927262162865
9.41 46.2424487889642
9.42 59.2107811751319
9.43 63.4380529774811
9.44 44.2783053107519
9.45 43.9493237656238
9.46 50.9515892458948
9.47 57.6710332617406
9.48 58.9962833293535
9.49 47.533334565183
9.5 51.8453912493257
9.51 51.7735010152676
9.52 59.2120984742432
9.53 56.6133976476638
9.54 38.7187657623861
9.55 52.9635450572971
9.56 59.6899722307971
9.57 71.5197223830089
9.58 49.6996737809261
9.59 39.450558229165
9.6 60.2225301900923
9.61 26.1989667850839
9.62 49.3895852366137
9.63 61.1725684550298
9.64 58.9178069444327
9.65 64.1091645728066
9.66 55.3305196796757
9.67 52.5244712425481
9.68 40.3907146944561
9.69 63.3900078483425
9.7 55.3639819124769
9.71 56.1349672062178
9.72 47.6117457910265
9.73 40.2753151286479
9.74 66.3216319981439
9.75 51.3378952210767
9.76 51.2286464252233
9.77 65.3122127048352
9.78 50.271456416777
9.79 39.6157355299945
9.8 54.9060130874943
9.81 79.9456534875918
9.82 71.6009017358213
9.83 56.9404039866208
9.84 51.8956004449101
9.85 54.1558456477248
9.86 58.5376650825105
9.87 43.2915822092207
9.88 43.0447850821396
9.89 70.6670560391564
9.9 52.1279757026277
9.91 48.8894084720836
9.92 61.2149808603505
9.93 55.3744894870986
9.94 52.8671823964804
9.95 66.8439567490921
9.96 54.9552841184746
9.97 46.9387194007178
9.98 55.5540783548481
9.99 62.7458200437258
10 58.396446984322
