0.01 23.741532999969
0.02 -2.84089170432864
0.03 8.7145913152727
0.04 -3.06622969027916
0.05 -8.43516059436596
0.06 -0.998877445033888
0.07 9.49309931594023
0.08 -0.0430677572144393
0.09 7.48110270412162
0.1 4.80314952095012
0.11 -0.6388210697443
0.12 29.2157317474486
0.13 0.216962030692037
0.14 16.2722061953558
0.15 5.11895736029812
0.16 -6.49526599469845
0.17 21.4568332111565
0.18 16.7450573900622
0.19 7.149077528753
0.2 -4.95695456944725
0.21 9.66964629815006
0.22 5.74023299093218
0.23 1.10977559207838
0.24 -3.06752618405086
0.25 -7.29459150844743
0.26 8.45120939223524
0.27 13.807976416017
0.28 17.1552540986879
0.29 6.94790508222653
0.3 12.6310471142245
0.31 6.09412028983799
0.32 1.67951942583301
0.33 4.52410008184128
0.34 -0.854172960700293
0.35 10.9378944529143
0.36 0.0064406113224198
0.37 4.10572214814767
0.38 8.42564847696285
0.39 -7.9663984217609
0.4 14.7560088944209
0.41 15.3157084287628
0.42 -4.75908829907008
0.43 19.4401694110745
0.44 -7.43406662490945
0.45 -8.21641092459951
0.46 9.16487259352355
0.47 4.91089957427803
0.48 3.86756009141403
0.49 21.3837422214249
0.5 -10.2333420931679
0.51 32.5581198262653
0.52 2.78665356489718
0.53 17.7885848532451
0.54 17.8707456830192
0.55 20.832455895866
0.56 22.9225259462377
0.57 1.08847340003557
0.58 8.22603988238673
0.59 5.58153128228186
0.6 2.77440025231785
0.61 3.95641355379135
0.62 -11.7829079936077
0.63 4.35951035141337
0.64 10.9940131037456
0.65 -0.0225527384138786
0.66 -2.63504138372484
0.67 15.1076016657926
0.68 12.8441185076024
0.69 24.9080885358805
0.7 -19.5825028697044
0.71 2.91902757404466
0.72 1.06260988650287
0.73 24.5001070186028
0.74 8.0637783747699
0.75 -8.87603582886991
0.76 15.3811544207191
0.77 34.2626156227621
0.78 8.85321709182552
0.79 4.46329382002388
0.8 19.1558949312757
0.81 -3.92429381827997
0.82 -0.68612790438357
0.83 13.0882683640842
0.84 12.7723987189461
0.85 23.762427311321
0.86 13.552692278031
0.87 8.79475695952004
0.88 28.301926379246
0.89 14.042101857825
0.9 11.3135838661307
0.91 -0.843547001042058
0.92 16.3206790415877
0.93 19.4901717029734
0.94 7.0383908130473
0.95 6.85434600748771
0.96 12.7422241150691
0.97 3.6803560457245
0.98 12.9631569200003
0.99 -1.61960583388885
1 8.2818653505357
1.01 15.2692303748509
1.02 2.27808813199598
1.03 2.2261440461796
1.04 -2.13787886043331
1.05 24.7163364749614
1.06 11.3280270746887
1.07 2.6549212096674
1.08 -11.0797625213577
1.09 9.40913777392094
1.1 18.7528891241596
1.11 -5.81688206595407
1.12 25.101045770167
1.13 -4.80830448486244
1.14 4.74363625085272
1.15 11.0405109430911
1.16 3.6701719322521
1.17 -19.1114480634953
1.18 9.21152517116804
1.19 15.751784844166
1.2 29.614646061076
1.21 -2.28766961592009
1.22 11.4438534418928
1.23 8.72538957287942
1.24 31.8703897307762
1.25 16.4559575643455
1.26 -8.01170510084302
1.27 18.7275385858997
1.28 7.81387867390277
1.29 13.6957707971561
1.3 6.55675868348316
1.31 1.14254924147905
1.32 20.8725570435628
1.33 8.70406019710879
1.34 27.2453102721811
1.35 10.296615148083
1.36 4.6434714397478
1.37 1.28582639570381
1.38 22.4663042162927
1.39 1.82189444798301
1.4 4.954603641598
1.41 8.28507251182359
1.42 24.2307510777539
1.43 13.5299716377648
1.44 23.1477634252527
1.45 11.1013252004477
1.46 21.547374090212
1.47 -4.06069616915992
1.48 8.93758058987207
1.49 22.1024513007499
1.5 16.062811411486
1.51 27.5244332992507
1.52 -1.86875345623316
1.53 26.9803640667097
1.54 1.43736656875051
1.55 10.7127643444022
1.56 18.0434516770043
1.57 21.7059327886036
1.58 17.4133795879943
1.59 3.45541457456941
1.6 16.2792536911903
1.61 8.92802514093657
1.62 25.9277456408773
1.63 -8.12798693277496
1.64 5.62242480637223
1.65 1.51352525203578
1.66 13.795553450023
1.67 26.5589542816539
1.68 1.4227496050091
1.69 3.27007560707723
1.7 32.869157919847
1.71 6.69913636040917
1.72 16.6474730666444
1.73 14.5904204163693
1.74 15.2262627316879
1.75 17.59534137729
1.76 19.3783531776848
1.77 31.5732167607857
1.78 21.7118875917153
1.79 11.9672861410312
1.8 13.4661220918841
1.81 8.5006700370885
1.82 11.7044994171928
1.83 35.5575456681832
1.84 32.7911233514299
1.85 5.36409200348891
1.86 12.4164216893143
1.87 6.70260041908671
1.88 9.35802379336779
1.89 15.643406935726
1.9 2.9146280201329
1.91 -6.66110378026653
1.92 7.4280285481648
1.93 8.2913506818215
1.94 41.7923798140112
1.95 14.2956934190955
1.96 13.4373764833306
1.97 14.3336664027839
1.98 -5.95053474248582
1.99 13.7515035380336
2 4.62855942647666
2.01 3.14845683844414
2.02 15.3316431497834
2.03 18.3773851634238
2.04 15.3895849508973
2.05 21.1523326826129
2.06 8.14498412326083
2.07 17.0208005997924
2.08 26.1175943609683
2.09 14.392094085967
2.1 10.6585660540846
2.11 14.2791576935963
2.12 21.7273552646433
2.13 6.17478975665186
2.14 10.2959659261294
2.15 13.740425833416
2.16 5.16031251375783
2.17 -3.79155974471136
2.18 19.9220120853418
2.19 25.477899415308
2.2 15.30551285966
2.21 23.7939050327443
2.22 -0.157293220302449
2.23 35.1221329265516
2.24 16.9615431692554
2.25 2.68675366082057
2.26 -1.29169990746928
2.27 15.3452352247937
2.28 13.9149155841057
2.29 10.1204049422119
2.3 -0.796415947344476
2.31 19.2353621565504
2.32 21.4357634579667
2.33 20.6129061138209
2.34 24.9950341594562
2.35 30.2230686009627
2.36 4.34657659726297
2.37 1.7402042866086
2.38 29.93592038375
2.39 16.1422374929227
2.4 1.09294425947661
2.41 24.2198981058271
2.42 -1.77162744280075
2.43 11.5555350015729
2.44 7.5506943837626
2.45 16.4675804817961
2.46 18.8799241675008
2.47 11.5926816908893
2.48 4.6971899086967
2.49 20.1684396066461
2.5 9.59274609417703
2.51 12.8723982321327
2.52 19.1369241007405
2.53 35.1800709069694
2.54 26.0202824353112
2.55 21.0713598868048
2.56 33.9668660031988
2.57 15.030396000701
2.58 30.2928127565488
2.59 20.7669092874468
2.6 24.922796388595
2.61 26.9356157802262
2.62 22.8398302886053
2.63 9.12349763804798
2.64 15.9490975060645
2.65 25.7505928983283
2.66 26.0164416210651
2.67 22.3520227249546
2.68 20.5914571725441
2.69 12.0365623503659
2.7 17.0480649073732
2.71 18.9949475572906
2.72 5.79626782891881
2.73 39.2755062232914
2.74 20.465478441751
2.75 3.38419364210349
2.76 16.7615005109318
2.77 13.703579558093
2.78 14.0192305096634
2.79 12.6413481472218
2.8 18.3509578424589
2.81 34.1792274061401
2.82 5.96917093197644
2.83 29.7011003664779
2.84 19.2773916204425
2.85 12.013023360761
2.86 26.811618393539
2.87 19.0887277194345
2.88 17.4596255441855
2.89 13.4241054620639
2.9 16.0521711865578
2.91 -1.58572410590889
2.92 20.1518333853302
2.93 15.9476309002512
2.94 21.6201408999908
2.95 41.1129897647027
2.96 0.632084891556913
2.97 8.02387700303193
2.98 25.9791008837996
2.99 18.510718416441
3 27.7067900416407
3.01 34.8035990568093
3.02 5.42197879432773
3.03 13.1097328025731
3.04 22.7330246881013
3.05 4.4916233584273
3.06 18.6002838817701
3.07 8.79172011618287
3.08 8.63316463282926
3.09 34.9454976662526
3.1 22.4356290919437
3.11 24.3711653974031
3.12 -3.48018959978629
3.13 21.5494885073162
3.14 8.50820147581745
3.15 21.0580795180335
3.16 19.1891547269706
3.17 3.19343067023353
3.18 8.91110965684162
3.19 22.217881295157
3.2 11.2947282948086
3.21 -5.93902016650987
3.22 43.378957403365
3.23 26.8090460586902
3.24 28.0844625709808
3.25 27.8644185998277
3.26 12.1084648185439
3.27 8.82012532018082
3.28 24.3195517122642
3.29 30.2583950805448
3.3 12.3844636354555
3.31 28.0004739106417
3.32 10.0806039175761
3.33 18.2227744546982
3.34 7.88536645664864
3.35 28.3167636827999
3.36 28.9589679382796
3.37 26.8776954935329
3.38 19.9933148171597
3.39 11.5009496943164
3.4 0.497454408886824
3.41 34.9789448701757
3.42 16.9112313872964
3.43 49.4756568288541
3.44 33.2532481505293
3.45 13.0453645276744
3.46 26.5327702267266
3.47 14.5024531667747
3.48 29.249022733025
3.49 38.2693508743823
3.5 34.9915448165139
3.51 28.5099407933012
3.52 18.9732997981028
3.53 17.0220964260329
3.54 27.681022909391
3.55 3.1368301842997
3.56 14.0087153332648
3.57 30.2218286865991
3.58 33.1889642029901
3.59 36.8707286556128
3.6 26.3556173357631
3.61 36.757600561685
3.62 21.2283985140004
3.63 42.2087874213268
3.64 23.3872680165
3.65 9.71846596159881
3.66 38.9377554781221
3.67 37.215949059805
3.68 16.9732336801056
3.69 45.9099825337994
3.7 19.9889887480681
3.71 31.5327022068225
3.72 44.3431190998599
3.73 20.2240146896315
3.74 25.7833095843077
3.75 23.3940928287635
3.76 18.9370185344113
3.77 36.5192750068663
3.78 27.2203033359876
3.79 36.6470529177623
3.8 24.2608671987995
3.81 19.0991710322797
3.82 29.4633405498411
3.83 33.7959332332263
3.84 4.80098811653062
3.85 35.4280556263684
3.86 38.8221654984493
3.87 32.9877093210526
3.88 23.1642146192198
3.89 35.8181043863575
3.9 30.0210108952622
3.91 12.4869239355544
3.92 29.8453252506709
3.93 17.6460105959783
3.94 19.6577045593291
3.95 30.0766280236435
3.96 42.791002022694
3.97 18.4946943650805
3.98 45.2029213163619
3.99 23.5266031621115
4 26.5183529202202
4.01 32.1420855336402
4.02 53.1368772899164
4.03 19.989569911173
4.04 36.0500596669317
4.05 30.3165596499135
4.06 22.7412916236902
4.07 28.2058495078059
4.08 21.7652600910226
4.09 42.0014432433601
4.1 27.651636846549
4.11 27.5995693422431
4.12 37.3641841602049
4.13 8.62369760106173
4.14 17.0935483535053
4.15 23.3588767990118
4.16 41.2037747308822
4.17 13.4706092669901
4.18 30.4968989824188
4.19 30.2281596795774
4.2 25.1973659897033
4.21 32.772991656644
4.22 18.1266118700381
4.23 16.8176960837941
4.24 18.8786930928409
4.25 18.1536969327168
4.26 21.4334013599794
4.27 33.1573840235881
4.28 -1.33344511814921
4.29 33.138121611321
4.3 15.7554069536911
4.31 32.797903552327
4.32 20.8331437552328
4.33 9.03323087376976
4.34 28.7586366806646
4.35 33.2272774980588
4.36 22.879483011476
4.37 32.5583719464784
4.38 29.4000265189409
4.39 38.4542125533479
4.4 38.0642714376621
4.41 37.9601070174428
4.42 30.2347391220817
4.43 11.2535131300507
4.44 15.1448054221003
4.45 35.7623525258086
4.46 12.6306178686901
4.47 15.5977410434273
4.48 22.8259580264408
4.49 29.2459597027293
4.5 36.3083922553794
4.51 22.8502273961475
4.52 25.1705377552881
4.53 31.0333359157895
4.54 43.2985466897193
4.55 24.7642144967647
4.56 34.4715543153045
4.57 21.2363096798384
4.58 7.73644177093721
4.59 33.6494125055583
4.6 24.6750283129792
4.61 18.007987729457
4.62 24.345120102481
4.63 19.7901674704174
4.64 33.1962511912488
4.65 22.3920135116146
4.66 23.9161890354799
4.67 10.8426509592537
4.68 22.0854746223337
4.69 25.4314197729014
4.7 34.8973017518377
4.71 20.770855044808
4.72 27.8478163664982
4.73 25.8139020889315
4.74 19.2316651014084
4.75 4.06187651953416
4.76 43.5819455971441
4.77 51.1547597925994
4.78 29.1380818837636
4.79 24.7311015549751
4.8 27.9305678689255
4.81 44.2373779444422
4.82 27.0338004825666
4.83 12.8799942258163
4.84 38.2250191377799
4.85 19.4381111447139
4.86 53.3885728974015
4.87 32.4111484177017
4.88 55.3770972803284
4.89 10.0406409461963
4.9 32.1791004750808
4.91 41.6616587263639
4.92 30.92008857551
4.93 12.0383859586607
4.94 9.20417084598396
4.95 40.7413567559987
4.96 24.7115474088085
4.97 33.4554406454223
4.98 20.8485106106049
4.99 8.34909112132464
5 25.0532841778421
5.01 42.9203865502573
5.02 24.1481547995789
5.03 43.1575577029863
5.04 32.9660852205264
5.05 11.5969082233089
5.06 40.6571725586073
5.07 16.3898145230505
5.08 37.8447813189764
5.09 23.304273585307
5.1 9.85020093997739
5.11 43.0984207145015
5.12 23.9008907393628
5.13 33.5792399499199
5.14 17.5961746823769
5.15 26.839128091561
5.16 29.0065040024577
5.17 32.7008681755926
5.18 37.6362205321616
5.19 31.4512259186082
5.2 38.7741251370889
5.21 25.8525469936135
5.22 22.3895397230087
5.23 42.547609678353
5.24 23.1628440259792
5.25 30.6675660214207
5.26 28.8862091332118
5.27 15.1863166884174
5.28 33.2085307657812
5.29 46.5574029492973
5.3 24.3591450383111
5.31 39.3657470191812
5.32 28.0462455500286
5.33 26.3050947019699
5.34 44.2726281306842
5.35 41.906040698229
5.36 26.070591354963
5.37 39.2039326226435
5.38 28.1033247066896
5.39 43.0619292544115
5.4 30.6816765355377
5.41 31.6124205850644
5.42 39.5747247338276
5.43 22.6472647011778
5.44 28.1183317640533
5.45 22.9328261889139
5.46 37.8358079117974
5.47 38.6465349940064
5.48 38.2309069581194
5.49 34.8075978058851
5.5 20.3853194277854
5.51 18.3634034235809
5.52 56.132216975975
5.53 31.9638072738639
5.54 27.4686108608797
5.55 41.9704302214312
5.56 18.8975657311871
5.57 48.7838686588396
5.58 41.9050863373986
5.59 5.05332176812461
5.6 23.6569014248524
5.61 55.0063493563098
5.62 38.4527084176397
5.63 35.7738213935944
5.64 31.5890697575452
5.65 42.39157516582
5.66 34.3620245157631
5.67 63.1786470335146
5.68 37.9840802557261
5.69 43.1052364589227
5.7 15.2300804409999
5.71 39.8649348152237
5.72 39.247064130957
5.73 51.4091325698384
5.74 31.6227773723696
5.75 36.8407842046469
5.76 30.063499745408
5.77 37.0568125952369
5.78 17.5680252019602
5.79 51.1739981574551
5.8 31.3411034007531
5.81 46.2891547797387
5.82 57.2147077768894
5.83 19.3214979954616
5.84 16.6681094974595
5.85 13.5228017521541
5.86 38.5453885747742
5.87 36.4814322306226
5.88 12.240422477933
5.89 35.4527606531172
5.9 42.731302135135
5.91 45.0413965927664
5.92 30.4811635315869
5.93 26.517785396448
5.94 29.2348841664238
5.95 34.7246345521318
5.96 43.6869217179348
5.97 28.955171111519
5.98 34.5287025461201
5.99 40.720023120297
6 28.2600876887404
6.01 46.5022170959576
6.02 38.3429981628549
6.03 24.910783630007
6.04 37.0010241056676
6.05 30.1727644626335
6.06 23.6518084652926
6.07 35.7398496498694
6.08 26.1753091344133
6.09 41.6600534714545
6.1 35.3828571166682
6.11 14.2577815830231
6.12 42.1963399990659
6.13 22.186932819388
6.14 25.0170468732467
6.15 28.3530277432483
6.16 34.7035621415641
6.17 43.8028662090662
6.18 34.0785517972822
6.19 36.0327804864424
6.2 43.7256729270094
6.21 38.9575643659424
6.22 17.4636137646508
6.23 28.7791374988373
6.24 30.7569293148602
6.25 34.9238379915452
6.26 42.0386105977908
6.27 50.9045330258797
6.28 35.9742716105616
6.29 45.9795345501694
6.3 41.9981296036405
6.31 40.6508713821102
6.32 30.9741670210453
6.33 28.7289490988597
6.34 42.9385272884968
6.35 32.0869798267898
6.36 37.3839837471605
6.37 51.4580541828656
6.38 53.5561258849323
6.39 31.8771333300151
6.4 42.3848199661906
6.41 38.8054930593362
6.42 31.1080603687594
6.43 39.4071776593846
6.44 48.161653689229
6.45 38.0294158929366
6.46 39.0320435857705
6.47 34.8087643670566
6.48 31.584129393178
6.49 58.1365798822553
6.5 35.3968449642446
6.51 33.9315118908727
6.52 40.6811686801775
6.53 29.0049780179232
6.54 39.7188812141857
6.55 27.1608891369334
6.56 40.6670691811982
6.57 34.1128447727989
6.58 19.0478896198771
6.59 28.9254855730939
6.6 39.8045189969883
6.61 21.2613714890939
6.62 35.567256925525
6.63 29.0135092038921
6.64 41.852393973932
6.65 64.6489755777707
6.66 39.2289679981052
6.67 41.7371229699443
6.68 33.0117552991256
6.69 52.9658821978097
6.7 55.5190678280775
6.71 22.3518510268414
6.72 21.700641982438
6.73 57.7670352371
6.74 53.4563553765261
6.75 16.5470249723322
6.76 40.0835750873829
6.77 29.5499958853327
6.78 33.60545606418
6.79 21.2925006654735
6.8 21.366266195595
6.81 44.8324387589083
6.82 41.6845631004966
6.83 33.0578008871237
6.84 52.9283196291859
6.85 38.4558646681527
6.86 45.5696095462481
6.87 41.7274804286259
6.88 43.7528037438662
6.89 28.9654540084497
6.9 21.3110982952058
6.91 44.723195272243
6.92 30.065895361629
6.93 49.9965362672677
6.94 43.3904231993929
6.95 31.9644502026389
6.96 41.1753830018152
6.97 43.8057278062146
6.98 27.732614373164
6.99 37.3684759234888
7 45.3901507823963
7.01 50.9333975039884
7.02 40.9394088390954
7.03 11.40407315239
7.04 38.7015532872406
7.05 57.1843789049602
7.06 33.8354745733296
7.07 43.6712559457459
7.08 45.2384900289242
7.09 42.4552505657401
7.1 18.7543588354039
7.11 37.8041094572453
7.12 41.707498233662
7.13 48.9041803496734
7.14 35.0748224576128
7.15 20.9524184823745
7.16 42.5092245046423
7.17 48.3570829243921
7.18 46.7654028855937
7.19 35.1704586350379
7.2 33.4399234413873
7.21 30.9163861088204
7.22 36.8033973748027
7.23 41.3750056522365
7.24 48.9241865314474
7.25 40.5408189068622
7.26 39.8230725972052
7.27 45.1909268977686
7.28 41.3699360863266
7.29 40.4511172326153
7.3 63.9221846029183
7.31 38.6965054891267
7.32 32.1097475946731
7.33 64.0097859707101
7.34 29.6210257329124
7.35 54.2449407375478
7.36 29.5836738559926
7.37 53.2400600540949
7.38 38.2626189702794
7.39 34.4363944448789
7.4 43.2539658338673
7.41 35.1697123342587
7.42 45.4243071338894
7.43 38.2882809039758
7.44 36.2298326179284
7.45 44.1001155327914
7.46 50.27833914768
7.47 30.0687876797559
7.48 46.4971619050058
7.49 50.8187809640962
7.5 50.3586565729082
7.51 40.2126178888146
7.52 45.4428082911697
7.53 63.8392165654129
7.54 51.1997930481261
7.55 34.210127541901
7.56 33.9456295336703
7.57 48.8261233012261
7.58 43.2802426138039
7.59 40.584350750461
7.6 42.5732345994557
7.61 37.8738636470981
7.62 37.2375761022961
7.63 51.0828452564421
7.64 47.6770388004909
7.65 34.629184422364
7.66 43.9560502205338
7.67 26.2955890377623
7.68 39.876491564155
7.69 45.8860364151388
7.7 58.2421382289994
7.71 43.1254433320646
7.72 51.0377466359126
7.73 41.5311459638267
7.74 50.2247884266048
7.75 40.3794529437371
7.76 38.8844606817296
7.77 51.3714354374177
7.78 33.7299871984905
7.79 37.2765548928445
7.8 37.1783271783299
7.81 28.4278909989565
7.82 37.0040344033794
7.83 34.5612327418182
7.84 35.9595351052838
7.85 43.1805348955632
7.86 63.769578679031
7.87 36.2736621430739
7.88 21.8725738708723
7.89 38.5876191695291
7.9 35.4550987171199
7.91 40.015555173538
7.92 28.0563336994108
7.93 49.6181782622224
7.94 47.511040735942
7.95 45.4387790451264
7.96 45.8024097887219
7.97 40.9013875865527
7.98 49.9300577056004
7.99 29.0700950445784
8 39.5119505382027
8.01 62.6949815963515
8.02 52.8266630024703
8.03 29.8177817270005
8.04 52.5075047063694
8.05 37.2270900540852
8.06 53.6561510130611
8.07 42.9016619865203
8.08 35.7833126115572
8.09 56.1929618911981
8.1 51.0640555270845
8.11 46.8383618239076
8.12 53.502755895811
8.13 26.5302565764648
8.14 52.0170589320168
8.15 66.8331781717474
8.16 42.5730339184698
8.17 58.5460558720092
8.18 65.3857706112268
8.19 37.7960403805373
8.2 43.4219314434379
8.21 69.8793385848387
8.22 44.3222738888319
8.23 68.2839544519487
8.24 49.873200562694
8.25 42.2673287233042
8.26 26.0846005755909
8.27 50.0450853220259
8.28 28.7772529509087
8.29 54.4629029803389
8.3 48.1880274670586
8.31 35.6890546749216
8.32 52.9259067178868
8.33 45.7249236595402
8.34 53.5599359036096
8.35 41.0460451588934
8.36 61.904797391805
8.37 46.7636976401934
8.38 42.205007017017
8.39 61.7188988407732
8.4 41.252794542764
8.41 64.9018063707748
8.42 39.9475009416953
8.43 39.297623641133
8.44 37.0214454992149
8.45 53.1834963471585
8.46 52.1086252435044
8.47 36.4881226560021
8.48 59.0381893480626
8.49 38.5812576240521
8.5 43.4161308528345
8.51 63.9608534509684
8.52 45.9068097237185
8.53 47.8701853556935
8.54 46.4843866460136
8.55 28.0462490237672
8.56 58.9517608479059
8.57 49.0732235453789
8.58 59.8855175512499
8.59 62.9470836461791
8.6 47.1010545916339
8.61 44.485514190411
8.62 36.4186417705154
8.63 55.7569058154223
8.64 47.6774325910046
8.65 42.2038405338712
8.66 62.1940874300883
8.67 68.4683241837004
8.68 49.5129096380417
8.69 40.1596804356268
8.7 46.7674466731409
8.71 65.6941531770855
8.72 37.8734516359304
8.73 39.8597664531925
8.74 41.1697796379878
8.75 32.8336324988508
8.76 36.4974210211219
8.77 59.6840530490452
8.78 43.3738426337271
8.79 38.9928934643605
8.8 43.901431956332
8.81 82.4964865906311
8.82 57.2133333654772
8.83 62.8441648467881
8.84 45.9731754547455
8.85 34.1037941824975
8.86 55.0887251233445
8.87 52.3514818482195
8.88 54.6448562572536
8.89 50.6697439831584
8.9 41.6356653992275
8.91 34.6467939941503
8.92 46.9091869007722
8.93 49.3488331348833
8.94 55.727560273295
8.95 55.4464257205627
8.96 69.2479074435061
8.97 45.8387530051997
8.98 62.3781490737969
8.99 55.3570184892373
9 53.6077134894636
9.01 44.6457631237797
9.02 40.7347385112386
9.03 50.6652242288973
9.04 54.5085971629451
9.05 45.9054350802025
9.06 55.4931665700017
9.07 57.4652109998967
9.08 49.947695835685
9.09 55.5774923783933
9.1 39.1534142417896
9.11 69.692213712113
9.12 41.8697236892118
9.13 64.7816105719474
9.14 52.8391803928805
9.15 72.7677183713924
9.16 49.5741378396253
9.17 61.5026244727081
9.18 57.5087214405767
9.19 69.374433389373
9.2 48.6969101014749
9.21 77.3435955103703
9.22 56.3368251441769
9.23 49.4370833329645
9.24 36.4352988204398
9.25 55.8166537137557
9.26 57.1336181870093
9.27 63.4647138707657
9.28 60.8305700392873
9.29 50.5658925773607
9.3 54.1215370914883
9.31 48.3782072742918
9.32 55.1133184810418
9.33 38.6136842394314
9.34 64.3108894389734
9.35 59.9634798019642
9.36 64.4187434988522
9.37 44.5518662587342
9.38 51.2532874457849
9.39 49.5126194144046
9.4 50.1414965541816
9.41 61.4927436014832
9.42 46.9810324746521
9.43 56.5169407183315
9.44 63.9426379947943
9.45 63.9109919983847
9.46 46.8687566819583
9.47 43.6384168876874
9.48 29.9463341913185
9.49 54.5747982718052
9.5 52.7140705959485
9.51 58.8761528928732
9.52 56.246389995186
9.53 39.9198598127205
9.54 62.5894717321735
9.55 32.3832682341656
9.56 45.0763751848896
9.57 50.4443750182793
9.58 57.924847009869
9.59 66.3803912526093
9.6 37.5525314856914
9.61 34.8098353032753
9.62 54.2989226894286
9.63 53.3861758032088
9.64 53.0677139354738
9.65 56.7172961618885
9.66 50.9012433378675
9.67 74.1079190636191
9.68 53.2245350321464
9.69 57.0709770374908
9.7 64.8369518338029
9.71 57.4246017599558
9.72 49.784419393692
9.73 39.0013827458756
9.74 62.1967285283428
9.75 38.7820155426889
9.76 65.9012794204037
9.77 58.7784328475664
9.78 50.8696795902399
9.79 61.195775727998
9.8 53.641734914266
9.81 57.3263375630707
9.82 53.8010110846599
9.83 38.039071739832
9.84 47.9273814336043
9.85 63.5569316587044
9.86 47.999484497416
9.87 48.4371288237023
9.88 72.9902147377107
9.89 54.7090464552152
9.9 62.6677669013232
9.91 52.3586859973227
9.92 23.487741382265
9.93 42.3554532135296
9.94 64.0881211597406
9.95 37.6488840136901
9.96 65.0301633500663
9.97 47.6270764393765
9.98 74.2081313467868
9.99 34.0555274031788
10 42.457420348322
