0.01 15.669040230235
0.02 0.0530807748401347
0.03 13.3583445881601
0.04 24.9889988861817
0.05 36.8577955398545
0.06 13.4943841582321
0.07 -6.2289898369898
0.08 11.5005462193905
0.09 -2.25746036179652
0.1 -9.25063720502654
0.11 3.25670442684857
0.12 12.0287254987041
0.13 16.8365438695065
0.14 1.90679223097507
0.15 7.68565265807897
0.16 -3.28259510759998
0.17 -1.91055862375563
0.18 16.1428439707385
0.19 3.78705218174853
0.2 43.7713254886671
0.21 3.76887143506815
0.22 -20.4589116550905
0.23 28.0591753091121
0.24 13.733086199077
0.25 -3.19716507728236
0.26 25.8950623886102
0.27 -8.64922589895863
0.28 7.11378880091516
0.29 8.76318333286664
0.3 17.0275346343773
0.31 -5.86968262101953
0.32 -3.38933316918927
0.33 -4.21297705892249
0.34 8.50215609066187
0.35 15.8677442327985
0.36 -0.010227203934134
0.37 10.6565065323539
0.38 10.2817142587461
0.39 15.2657488106125
0.4 -1.5085557738164
0.41 16.7446811124884
0.42 21.6403426123721
0.43 13.7760046221304
0.44 6.43513654551735
0.45 20.7811659728902
0.46 -5.64275147088922
0.47 4.38054350850531
0.48 -11.708336481081
0.49 -0.874601259256768
0.5 -0.663710973161246
0.51 20.6406535706234
0.52 14.6682799823059
0.53 7.98655923155869
0.54 3.63538075781753
0.55 -10.3071589462204
0.56 18.3782981700785
0.57 4.03934770558215
0.58 -13.4102294459886
0.59 12.0822545000135
0.6 -10.5193992864751
0.61 4.90466771017205
0.62 10.6246187998525
0.63 4.11684610908202
0.64 10.2975689254946
0.65 2.26184924762718
0.66 11.4112354735875
0.67 6.50576657158427
0.68 -2.17817448506155
0.69 10.9265325841703
0.7 5.32403182542336
0.71 19.433616919471
0.72 7.72982188578706
0.73 3.67679378898083
0.74 0.213642951348656
0.75 6.09036166250116
0.76 1.03126326595684
0.77 19.5420794840566
0.78 12.6915996986354
0.79 2.60727799392293
0.8 9.83612207477546
0.81 11.3747599195343
0.82 15.7504475392472
0.83 -1.14603110204691
0.84 11.9094543074095
0.85 1.03881979646983
0.86 13.9864179036174
0.87 2.08020414902525
0.88 19.3130440088663
0.89 -0.161854180342679
0.9 24.2815161019229
0.91 10.303957969809
0.92 12.1179086358438
0.93 7.97705443155672
0.94 -10.2085557706024
0.95 -6.18621879276353
0.96 8.39908535622684
0.97 1.87964731692906
0.98 6.71066336589193
0.99 7.34845001994277
1 6.43683428057686
1.01 7.56222933185444
1.02 5.45907659716885
1.03 17.3799845545332
1.04 28.6286435203285
1.05 3.47523441530536
1.06 15.035903072667
1.07 15.6612122877164
1.08 13.5211983532217
1.09 -2.60160791253997
1.1 12.1842386021392
1.11 25.0821734771184
1.12 -18.1619279995052
1.13 28.0653319523754
1.14 8.87430334629016
1.15 24.0816794407235
1.16 31.1915548933374
1.17 19.105237262512
1.18 2.30114285035404
1.19 12.6929502077497
1.2 8.62608627819044
1.21 5.88748726942448
1.22 3.1866310582105
1.23 4.27918140444665
1.24 30.0307589446636
1.25 13.9255083503712
1.26 24.3970143709203
1.27 12.1072969891182
1.28 -2.27617312658654
1.29 8.12423834471269
1.3 32.1966688053143
1.31 -0.439975723447168
1.32 29.6994549776773
1.33 32.335360020841
1.34 27.3161755095128
1.35 -6.19381039006041
1.36 27.5973926423808
1.37 4.30498010526578
1.38 14.6497597839401
1.39 15.8376745677046
1.4 6.90747569592131
1.41 -2.96154581844765
1.42 21.8929206927727
1.43 21.6392816306822
1.44 15.8988042476808
1.45 -3.16480971189877
1.46 4.17875324720953
1.47 15.7542387490127
1.48 20.1201680241004
1.49 29.1900597218683
1.5 13.6846618378859
1.51 2.29801436627802
1.52 8.41547161540207
1.53 4.86393291984029
1.54 23.6811498561932
1.55 19.9049191528703
1.56 9.6726802672775
1.57 9.39692108868716
1.58 20.6307295046947
1.59 10.4684592480462
1.6 -0.138623130661701
1.61 6.24253933756069
1.62 18.8479138729364
1.63 19.1102079128079
1.64 21.9131889407143
1.65 8.25259762849548
1.66 -3.40878975704715
1.67 22.715119353096
1.68 2.42343021155521
1.69 25.7051806283658
1.7 17.191979945767
1.71 6.32966202216797
1.72 25.6979030984908
1.73 11.5169186218638
1.74 4.42493476771045
1.75 11.0857645712904
1.76 3.95244278529048
1.77 21.1542782682113
1.78 -2.74618344838098
1.79 11.1588882092007
1.8 14.4014761571222
1.81 5.40964821463104
1.82 16.9783415930941
1.83 3.10020162836162
1.84 10.4811595884196
1.85 -3.45624448571883
1.86 2.51465356144808
1.87 18.0233455684599
1.88 12.1738804298946
1.89 -5.58745288662292
1.9 18.8836504630803
1.91 -13.677935461674
1.92 33.7197583277487
1.93 22.9076579563713
1.94 21.623707874499
1.95 18.7280528235135
1.96 19.2099899910062
1.97 25.5835311436817
1.98 16.5366222740503
1.99 -0.863888340151735
2 1.0519219160361
2.01 27.4231644133211
2.02 8.17942498836124
2.03 27.6344423678633
2.04 19.715094450562
2.05 7.85028004865516
2.06 -3.32728902273115
2.07 17.1399691163031
2.08 18.8784320351206
2.09 14.2749524277654
2.1 16.7771863519076
2.11 29.3506346306009
2.12 27.5474935661145
2.13 0.625884141342796
2.14 3.72163176977308
2.15 9.22928718647802
2.16 1.26908487931442
2.17 15.6352090377827
2.18 0.0813342778596926
2.19 36.9234609664544
2.2 23.6703928548866
2.21 15.5075836260208
2.22 12.6157840830935
2.23 10.5028628902527
2.24 24.7734857735066
2.25 -4.7940949462187
2.26 35.8668532024305
2.27 2.92178651518905
2.28 12.756204403792
2.29 24.0329106038456
2.3 17.7782529589287
2.31 12.1091073665259
2.32 20.9367384064237
2.33 32.1071228907407
2.34 16.8877613422283
2.35 28.4089810413074
2.36 24.2250451775207
2.37 9.86949959660639
2.38 24.5939059524617
2.39 13.8155807966808
2.4 -0.513049894933381
2.41 11.5652880647972
2.42 12.9345336811976
2.43 14.4634923182686
2.44 25.1750288475195
2.45 28.9273725059955
2.46 24.6849960559531
2.47 11.4774628772754
2.48 29.0374521567633
2.49 12.0570663975843
2.5 19.7613944657127
2.51 -0.0836406219855501
2.52 26.50298760721
2.53 21.6511020533601
2.54 2.34063541138136
2.55 14.8294442489637
2.56 -5.40441756399512
2.57 10.532844360035
2.58 12.5845832871165
2.59 24.3422660492196
2.6 33.6349909835986
2.61 17.4558643877124
2.62 17.4814387230039
2.63 12.8487953828319
2.64 22.6578117383748
2.65 6.39478888020074
2.66 26.9709124927734
2.67 12.3583280930097
2.68 36.642229890352
2.69 13.349541075856
2.7 23.3752545055818
2.71 23.9616032732217
2.72 20.5982245912652
2.73 15.0979620496605
2.74 11.2693567724464
2.75 8.84531853999542
2.76 21.1064989409922
2.77 5.14992240464321
2.78 10.637359656579
2.79 25.5209748151919
2.8 20.9375638512607
2.81 12.2866039515661
2.82 9.41437734525055
2.83 14.5926109970613
2.84 14.3158876817361
2.85 23.7163313568664
2.86 12.8341631568492
2.87 37.9658594794071
2.88 11.1194210729693
2.89 -8.76619743150622
2.9 18.08874564611
2.91 20.8783911145914
2.92 2.92439700214834
2.93 17.867021367134
2.94 15.2319830833153
2.95 22.5549526634344
2.96 16.131443412197
2.97 6.34661144418111
2.98 19.4058949715211
2.99 19.4356805261782
3 12.3959525345683
3.01 28.3258456104995
3.02 -0.530946178963536
3.03 9.56506290177561
3.04 20.3076749655161
3.05 8.39565941091932
3.06 -0.941448465297071
3.07 29.872863612439
3.08 -5.40713388672612
3.09 20.2630410484298
3.1 23.6770500204667
3.11 11.5965043520128
3.12 19.9266950806314
3.13 6.75429900509943
3.14 26.1879027829544
3.15 34.8212650866049
3.16 24.5353402541552
3.17 10.5160286653134
3.18 38.1588643074611
3.19 40.992891433286
3.2 31.4990339260001
3.21 31.5011432039365
3.22 25.3740050858506
3.23 21.6034999722051
3.24 21.1513247633428
3.25 -7.08241781562096
3.26 17.3499930086808
3.27 34.1184383996584
3.28 18.5962820008559
3.29 18.0674703007565
3.3 14.3514653224361
3.31 2.95863725209231
3.32 10.4031615538672
3.33 17.5391592986164
3.34 30.0083757936987
3.35 16.9912146089017
3.36 27.96556466919
3.37 22.687755212089
3.38 19.831297149912
3.39 10.7949533802185
3.4 19.4160479073603
3.41 29.280929262269
3.42 -1.48861421482902
3.43 35.6647346986387
3.44 16.9111866142476
3.45 3.154676691217
3.46 18.2219645778258
3.47 21.2616800290439
3.48 7.59695346860035
3.49 15.03743763
3.5 17.9044613436374
3.51 38.0081616095024
3.52 31.8964106171694
3.53 36.3448292920156
3.54 38.3710108192868
3.55 8.22699936576705
3.56 16.8147148772801
3.57 27.3931666211608
3.58 28.879344497837
3.59 42.5140737128095
3.6 16.5848258436036
3.61 26.3812696537522
3.62 21.5404503725788
3.63 17.0314849588707
3.64 33.8324946060497
3.65 14.82790318652
3.66 30.3594911697726
3.67 18.1408026085021
3.68 31.5846768227711
3.69 0.292866052950977
3.7 5.47920569963903
3.71 13.367896734852
3.72 15.3321136936979
3.73 34.4421277304396
3.74 22.6294773794026
3.75 23.074804529218
3.76 28.0380620886383
3.77 21.6392531069037
3.78 14.5919958285163
3.79 21.0413004801162
3.8 33.2538471802529
3.81 24.4641822221619
3.82 41.8683865358209
3.83 1.66222862440911
3.84 7.87372099047371
3.85 29.5441083059377
3.86 20.4778754271174
3.87 18.926832545529
3.88 26.0571742408135
3.89 33.0090742800015
3.9 29.4806327953601
3.91 28.0810276273777
3.92 36.7026443809356
3.93 20.5812532146708
3.94 9.93940223437123
3.95 21.5834106897145
3.96 15.610720745801
3.97 25.3122114145633
3.98 34.9361298749056
3.99 22.49315247879
4 19.4364737059449
4.01 38.5721665269998
4.02 41.4789759261099
4.03 16.3051477632971
4.04 15.891137590622
4.05 45.0332050764285
4.06 26.3609662727351
4.07 44.2352633140325
4.08 12.363631025047
4.09 32.3839196464859
4.1 31.1937276425681
4.11 48.4976123385701
4.12 39.185771488378
4.13 13.689204392355
4.14 15.8426661341981
4.15 10.5464263542439
4.16 41.0566420510382
4.17 22.4924406915495
4.18 23.9779869405986
4.19 39.93065147728
4.2 29.58432097451
4.21 25.3614448055155
4.22 28.6008401772659
4.23 9.19183158362763
4.24 39.182472150699
4.25 9.05664224833256
4.26 24.322340780752
4.27 32.9664730995573
4.28 15.543728471837
4.29 11.4110572409449
4.3 17.3559817640307
4.31 31.3759107902412
4.32 35.8644327582911
4.33 26.3219806349665
4.34 2.19876143728668
4.35 33.4279724509369
4.36 35.4594590409231
4.37 18.7107411722213
4.38 12.9907020662394
4.39 25.0252289349006
4.4 5.83582511202197
4.41 52.6167677602763
4.42 39.0329544080227
4.43 23.3336338076952
4.44 28.9898001436692
4.45 12.9081453095787
4.46 18.0405393346474
4.47 25.0105240739154
4.48 11.8315692769894
4.49 44.0790738065772
4.5 24.8648637122046
4.51 39.5115233150044
4.52 6.20694712313637
4.53 36.8951106757594
4.54 30.0896793079867
4.55 28.5534400373471
4.56 30.7926441396179
4.57 33.5638540964315
4.58 37.0438663429664
4.59 7.38782828461527
4.6 19.5788027152542
4.61 28.7340075998508
4.62 26.0484321418849
4.63 42.7181407857496
4.64 22.0319230991683
4.65 26.2038432546118
4.66 24.0617982326419
4.67 22.5578007265159
4.68 28.4952459764012
4.69 22.5905671033311
4.7 42.5654604022344
4.71 30.0387155546107
4.72 36.4829802990517
4.73 22.2422076076332
4.74 20.9693330281564
4.75 33.9497179619696
4.76 30.6741955903283
4.77 8.31480403378736
4.78 25.5747270170731
4.79 12.3676090433389
4.8 13.705862628001
4.81 13.7404869246329
4.82 25.5951457467748
4.83 31.7270139671
4.84 36.7538548303292
4.85 21.8993101151879
4.86 31.2761302513088
4.87 17.3216110043585
4.88 20.8907269256077
4.89 18.8680678518392
4.9 50.0012421077433
4.91 21.9689068692356
4.92 32.1647642301617
4.93 29.5142328145491
4.94 25.8383726906197
4.95 20.5547293438554
4.96 35.5463416477998
4.97 10.894636388569
4.98 38.9493163165457
4.99 23.6677224763137
5 22.1891046225658
5.01 29.492340380039
5.02 36.5204944408218
5.03 47.3175971393809
5.04 30.4214181233952
5.05 24.674670800215
5.06 31.0097654601267
5.07 34.2002974808815
5.08 30.4775819894832
5.09 37.4751042866906
5.1 24.4189573391619
5.11 25.6736148545921
5.12 3.4583935573723
5.13 23.6722124277368
5.14 26.715816808008
5.15 43.4732407431336
5.16 35.4322808020459
5.17 20.0929659446059
5.18 44.9707181399842
5.19 42.8875558505502
5.2 21.1660189188525
5.21 53.9423773016264
5.22 27.5194720992299
5.23 37.469052860549
5.24 28.1781411244286
5.25 41.1653457168828
5.26 28.3484308996015
5.27 43.4205876620428
5.28 31.9053625798242
5.29 14.8559367335044
5.3 31.4641203179484
5.31 39.564850950062
5.32 28.2122382622898
5.33 23.436719913515
5.34 25.8327191244491
5.35 53.3556916072463
5.36 46.3651060256766
5.37 12.5889154705211
5.38 28.8267085502752
5.39 40.8220093011834
5.4 36.5952465902048
5.41 35.4357548928395
5.42 36.0272897517759
5.43 35.2703324695439
5.44 39.0419308575901
5.45 48.7415974085606
5.46 30.3290948759869
5.47 32.9338698053792
5.48 29.6146346389329
5.49 29.9690320114942
5.5 43.6471964045378
5.51 44.516724498138
5.52 32.6019242075547
5.53 48.507661173054
5.54 54.1690441190881
5.55 9.88858232788374
5.56 36.7150042756902
5.57 4.0573751505358
5.58 15.8849069036771
5.59 20.4571891589972
5.6 14.5058837842352
5.61 29.9615644908533
5.62 32.3253631511163
5.63 41.105313303587
5.64 30.3567147898534
5.65 29.7862677856176
5.66 26.8411546369569
5.67 30.2904087125315
5.68 42.4079282017879
5.69 34.2028741385098
5.7 20.8392816313005
5.71 54.1942060480327
5.72 35.33029187857
5.73 22.8132540777942
5.74 29.1690720118554
5.75 31.0305229331754
5.76 26.322471467873
5.77 34.4540652546407
5.78 41.1793885943652
5.79 38.4545717499995
5.8 45.7425362251077
5.81 26.8519215200188
5.82 29.8441669599718
5.83 64.019765571807
5.84 34.8500640189269
5.85 26.6548112263899
5.86 26.1092232152014
5.87 26.2457677286085
5.88 32.8846355352309
5.89 26.5488511586574
5.9 50.2281291878717
5.91 37.3367216126381
5.92 43.2000949326636
5.93 48.5757121157273
5.94 36.6234077611077
5.95 40.6817102211484
5.96 35.8832094209276
5.97 39.1336267273285
5.98 27.9206369148375
5.99 33.1138555201437
6 20.7760284390496
6.01 45.6528255936014
6.02 35.0144076570258
6.03 31.9906401590263
6.04 27.1186537447429
6.05 41.3114072761354
6.06 31.0653687209637
6.07 24.1842596970614
6.08 43.482796118481
6.09 33.9586046172341
6.1 15.8790281951271
6.11 51.2186037674301
6.12 36.7354940242246
6.13 51.3514474449386
6.14 39.2255810692665
6.15 37.0052588609798
6.16 26.0474104638401
6.17 40.6665344338491
6.18 31.5286753686479
6.19 11.2486417862456
6.2 38.257632638545
6.21 32.6543581145147
6.22 18.1596401539011
6.23 41.327431381406
6.24 35.8713502290623
6.25 38.3270662351903
6.26 51.727661571317
6.27 18.6995789606143
6.28 44.1296415806283
6.29 28.4706759945058
6.3 53.1280908809504
6.31 56.4120585362772
6.32 35.3897035852146
6.33 46.1488094712927
6.34 37.7732831888581
6.35 41.0992920313651
6.36 41.5959662311873
6.37 37.8278417197689
6.38 31.9948122297872
6.39 37.2973554743528
6.4 50.6216958004132
6.41 42.5590614163199
6.42 30.4551987657258
6.43 24.8379414237706
6.44 41.3004470751612
6.45 40.8295375813188
6.46 42.0450982934685
6.47 25.9171854732941
6.48 35.3026772199612
6.49 40.3214831238525
6.5 53.5843270957378
6.51 25.0692923971774
6.52 50.4965682106233
6.53 34.1805853369512
6.54 28.576295199209
6.55 33.3457295112753
6.56 27.5283083578647
6.57 51.2535724304688
6.58 55.7170013480276
6.59 33.2114058290869
6.6 41.924429571097
6.61 45.2606952869578
6.62 30.9997045668097
6.63 49.7001150506369
6.64 45.727569627887
6.65 25.7668743289145
6.66 37.296351856643
6.67 28.5268920738489
6.68 36.4031015648237
6.69 51.0394374268715
6.7 24.6653679696046
6.71 55.3304242806721
6.72 21.4868241680007
6.73 30.1527533612639
6.74 30.040327628859
6.75 37.0819125178089
6.76 36.8190807984729
6.77 43.2147749627895
6.78 32.4133221019384
6.79 24.9102078508011
6.8 23.4542532128314
6.81 38.301917459067
6.82 33.0147798418125
6.83 19.0559554740108
6.84 42.3600535407579
6.85 38.3806685791197
6.86 28.3693751584452
6.87 29.684559162475
6.88 43.2557738582826
6.89 28.5242976325905
6.9 65.5697917700213
6.91 46.9108363304226
6.92 35.3749036823987
6.93 44.3535969524676
6.94 40.2365324004868
6.95 59.680929867814
6.96 29.6855384719681
6.97 38.6688495833618
6.98 34.9908378349197
6.99 47.9884524217676
7 44.0015779296869
7.01 58.3501576085279
7.02 30.7162318052988
7.03 43.6728571380563
7.04 51.719255626865
7.05 26.1317206985403
7.06 24.6841007719151
7.07 38.9139721523795
7.08 43.0850779638074
7.09 27.5170711550107
7.1 52.2817124381889
7.11 43.592598062776
7.12 58.9146399306971
7.13 28.6485696877426
7.14 43.7317244250675
7.15 23.8862253860864
7.16 35.4313478137445
7.17 53.2760080457651
7.18 54.0249954604364
7.19 31.218300725877
7.2 45.0736485863491
7.21 55.4397651048221
7.22 40.1057315448817
7.23 30.4544132674848
7.24 54.4734181432605
7.25 22.9122252704658
7.26 52.5498633770869
7.27 37.3073764105574
7.28 43.8002549590879
7.29 49.355973443446
7.3 23.5401915562565
7.31 30.3354671460145
7.32 44.6934340666734
7.33 45.4244843373713
7.34 57.0248101297951
7.35 41.1994560760385
7.36 48.2741323194287
7.37 47.6118284864124
7.38 47.328317918567
7.39 37.7750809864495
7.4 44.4397414173186
7.41 30.0703986419621
7.42 44.4254838760457
7.43 58.2980018612123
7.44 25.466551982763
7.45 35.7570561780642
7.46 49.1859398309462
7.47 30.3594060471886
7.48 71.8192160277608
7.49 43.9870366465671
7.5 44.3065928028439
7.51 36.7307159471383
7.52 40.3559440108309
7.53 46.8106174654356
7.54 57.9212360037189
7.55 52.0629600969341
7.56 49.3572360106349
7.57 19.1263823099096
7.58 31.4750485226168
7.59 30.099616424509
7.6 41.0743464785619
7.61 23.4787805903834
7.62 30.6399995189865
7.63 52.2167926678707
7.64 51.1466270553558
7.65 40.5993606147
7.66 43.7698906993826
7.67 30.8957952478799
7.68 38.6435045839928
7.69 35.2368699001594
7.7 44.9161066280149
7.71 47.4764884629546
7.72 33.8184160684457
7.73 35.2697140760609
7.74 54.6680564647058
7.75 64.2670086908599
7.76 33.2145756121935
7.77 54.9193957425692
7.78 53.6417518548785
7.79 25.1609227017461
7.8 29.2259293497684
7.81 41.1961598684298
7.82 45.6245643350551
7.83 63.8030508108327
7.84 44.3704448887491
7.85 44.9016112109409
7.86 51.5291073444107
7.87 25.9938989608378
7.88 47.3287408339738
7.89 49.6092562330384
7.9 44.7180987835156
7.91 65.4346572096427
7.92 50.7397408691578
7.93 57.7812889121316
7.94 29.1750025823908
7.95 45.4062074057521
7.96 70.6099473104134
7.97 38.8526612391439
7.98 50.84849283838
7.99 43.2502317707122
8 51.0396996333854
8.01 54.6827212521827
8.02 58.0844631346537
8.03 45.9832770318218
8.04 35.3387869489827
8.05 38.5601877693585
8.06 55.9157154508718
8.07 37.7749916402449
8.08 37.7111703743094
8.09 40.5975014909879
8.1 41.3394259636702
8.11 51.785297461541
8.12 41.2637197006736
8.13 32.4419960676889
8.14 40.0620309975903
8.15 54.9739198446149
8.16 53.3767345004225
8.17 22.2557079565533
8.18 49.7887645904486
8.19 54.2912086068717
8.2 46.2434686343196
8.21 52.6620872661885
8.22 39.9471776065803
8.23 50.6209591817501
8.24 49.0045491042673
8.25 37.9106952156985
8.26 53.5569414837994
8.27 17.4107933789788
8.28 47.6878280661949
8.29 61.1769008519735
8.3 58.8558797689786
8.31 17.5898786060326
8.32 42.8487320753796
8.33 46.4667470387547
8.34 15.622160762496
8.35 49.3636866629682
8.36 46.9461562841269
8.37 47.8665937691081
8.38 38.5703856140172
8.39 32.609271642732
8.4 51.3687350642511
8.41 50.9132832650415
8.42 51.3725346954688
8.43 42.1989924550791
8.44 41.166878239776
8.45 59.8957983271179
8.46 52.4527325721006
8.47 67.7176396234181
8.48 43.1425334781464
8.49 62.6241359884572
8.5 54.88897665972
8.51 50.7453821768133
8.52 46.8173792421946
8.53 41.4336968445806
8.54 45.8666109456884
8.55 34.6877773082997
8.56 46.2735662515109
8.57 39.9637687040423
8.58 41.5716429736619
8.59 32.8621478150335
8.6 59.307584580058
8.61 47.8096829448389
8.62 33.8363465788023
8.63 53.4185682466058
8.64 41.8518204926592
8.65 59.8671321786828
8.66 50.4292175079372
8.67 56.2753914487376
8.68 65.0397872917011
8.69 64.6922266856688
8.7 54.365368457997
8.71 53.977943261711
8.72 57.9181641722015
8.73 44.7726155625617
8.74 37.068016328798
8.75 60.4610564464044
8.76 50.3914121795416
8.77 61.4875580326995
8.78 48.8836805745894
8.79 57.110961695881
8.8 48.7091288044941
8.81 52.0919263589144
8.82 54.5591018846136
8.83 51.413194357924
8.84 58.0903639817862
8.85 54.4474644322427
8.86 40.71899494207
8.87 46.0890237155248
8.88 57.0240653250893
8.89 43.8685934844305
8.9 43.1679927145695
8.91 55.0597836825978
8.92 36.5393127887258
8.93 62.5743854478042
8.94 47.3300224917927
8.95 44.7504009716552
8.96 45.4904676320917
8.97 50.2597272799758
8.98 34.2660362833483
8.99 52.0259076088835
9 55.5226720231186
9.01 59.61082369535
9.02 34.8944549888865
9.03 50.8990326086075
9.04 64.2716561113589
9.05 45.1377962589023
9.06 62.4724231960763
9.07 69.1260922063903
9.08 44.097077813258
9.09 35.158000321475
9.1 45.7323801792366
9.11 62.3571976433887
9.12 74.0490134026236
9.13 39.0107863196958
9.14 41.8228090299798
9.15 42.3943331650936
9.16 53.6371274433713
9.17 46.4771931402583
9.18 58.3820871159865
9.19 19.0027447053397
9.2 67.0737021716554
9.21 46.1170336819629
9.22 62.6749782187494
9.23 28.0586068634711
9.24 69.371691012422
9.25 29.6774727496753
9.26 42.8302675500323
9.27 56.8066676749104
9.28 52.1882717957679
9.29 34.7852808130125
9.3 64.3897147766665
9.31 70.647743533541
9.32 29.8121835764712
9.33 51.9864209934947
9.34 53.3094600017285
9.35 59.3911697807428
9.36 62.7110385793586
9.37 41.5838763480411
9.38 41.6720904675658
9.39 56.2554579810556
9.4 58.5019018564585
9.41 48.868936261031
9.42 46.4417293636547
9.43 44.3990949216854
9.44 61.6439820803392
9.45 56.5701209969233
9.46 41.4102463970647
9.47 59.1940325257232
9.48 60.5325095210484
9.49 70.9560032419593
9.5 44.064860267137
9.51 33.8479346064526
9.52 55.6784982489081
9.53 45.1888227543485
9.54 62.0759046000627
9.55 37.2277549881561
9.56 57.5588666288852
9.57 77.7520643876584
9.58 49.2724144871397
9.59 56.9014878706954
9.6 74.4733574503427
9.61 57.7050354311901
9.62 32.5377284596031
9.63 58.5049160396988
9.64 53.2776074709617
9.65 57.5343183867202
9.66 40.5584502232174
9.67 58.8803692204901
9.68 62.1949298506295
9.69 65.6652185654202
9.7 77.39370792463
9.71 55.4148057524435
9.72 57.6211284534117
9.73 49.9022589635831
9.74 43.3839631909346
9.75 53.0143092737829
9.76 42.2128922203653
9.77 46.7114716913991
9.78 80.6914646930754
9.79 46.6022115210843
9.8 55.1969153027318
9.81 42.0264909018321
9.82 66.5833915779041
9.83 70.6652050414557
9.84 45.8959455360299
9.85 40.6829815311274
9.86 53.6255331773968
9.87 60.7687542968374
9.88 49.2641811382862
9.89 46.577118218094
9.9 50.8243598876853
9.91 45.3192687460296
9.92 56.9530196088281
9.93 60.9459247615513
9.94 77.5848164975938
9.95 60.7492405534523
9.96 51.4346661626369
9.97 51.3651694247632
9.98 47.3016163894105
9.99 64.9485619610675
10 41.7051555658079
