0.01 11.8479292536326
0.02 -0.477964142228169
0.03 21.2446000665237
0.04 17.0335446755656
0.05 8.91645523534569
0.06 3.56869248973879
0.07 12.680731053802
0.08 17.5272972516152
0.09 -2.10330571652282
0.1 21.4653130572713
0.11 0.0306423710501855
0.12 -22.0353869797741
0.13 7.33545273803276
0.14 -0.428351726538789
0.15 15.906080998838
0.16 -2.97322821140418
0.17 8.76997318238441
0.18 10.6941168546142
0.19 22.0930447809023
0.2 16.8921168912794
0.21 4.00806791691444
0.22 -12.424538406829
0.23 6.01682728343043
0.24 17.5252557735155
0.25 1.2473986447923
0.26 -18.7836537034816
0.27 -4.87694438471778
0.28 13.3220153345614
0.29 2.69703523732271
0.3 12.9491538815495
0.31 -14.2227319194582
0.32 26.7271637680265
0.33 14.1821385386494
0.34 -4.8867304023672
0.35 14.1234701433938
0.36 -23.1978870403736
0.37 -3.50393480298742
0.38 9.78771359707279
0.39 2.36443699140281
0.4 7.35330255278767
0.41 15.2433774923572
0.42 13.1559167791418
0.43 24.7588619733498
0.44 8.30749484778304
0.45 7.87508223333327
0.46 -1.15560722945832
0.47 -4.09561192679372
0.48 9.08972133425008
0.49 0.646092306177508
0.5 1.79342082081552
0.51 4.89174485714351
0.52 7.04468976823918
0.53 23.8881535332189
0.54 16.0129197010248
0.55 17.3798584606902
0.56 24.1244050466372
0.57 -3.50629140645979
0.58 8.0580805468551
0.59 8.73645579300273
0.6 6.61680097300867
0.61 10.5292058025105
0.62 -19.1742075864157
0.63 -6.23713964867091
0.64 0.668286899602124
0.65 13.717698432945
0.66 12.1169217213194
0.67 30.6314826527111
0.68 -7.90125065918867
0.69 11.956713479382
0.7 11.7408650845349
0.71 15.7670861820375
0.72 8.16399639486651
0.73 7.11511844291915
0.74 -0.825927432573345
0.75 13.4182042995912
0.76 19.3550919447288
0.77 10.4095468522754
0.78 0.645864198621252
0.79 7.82886560543352
0.8 7.88411828231968
0.81 17.2074523653972
0.82 11.9898010231501
0.83 16.8862917786886
0.84 10.4704346162013
0.85 -13.723474028294
0.86 19.5134073705116
0.87 1.0324595115842
0.88 0.68314266894715
0.89 10.3529511770864
0.9 6.69658244368121
0.91 20.6316698326157
0.92 21.8925163333159
0.93 13.2268867197242
0.94 13.3475189162815
0.95 8.97385025739605
0.96 6.26265216992767
0.97 17.8937977352295
0.98 10.0293180494705
0.99 -6.55391428240114
1 15.2300816263824
1.01 15.7610118148954
1.02 7.72904319822716
1.03 10.0379965876331
1.04 3.95196948650536
1.05 -8.77133011013404
1.06 23.5475092383705
1.07 14.7821810520035
1.08 24.2891614798932
1.09 -4.53580991042147
1.1 24.870084514942
1.11 -6.08801826198576
1.12 15.7826347687918
1.13 12.6197829523037
1.14 24.7626758044741
1.15 21.3476055627442
1.16 13.8374583802302
1.17 7.09098799634281
1.18 8.16655512799242
1.19 15.6161686448268
1.2 25.0814182870643
1.21 1.09869377328515
1.22 8.26427267417336
1.23 1.88695178936628
1.24 17.2416006404404
1.25 -1.4124548867286
1.26 1.98654169896196
1.27 4.52073581138651
1.28 25.3933309211405
1.29 6.59251578415169
1.3 24.3844278259532
1.31 -8.99515470575819
1.32 0.88261242145367
1.33 11.0528710284173
1.34 -1.12375540509311
1.35 16.8627303093474
1.36 8.05762860360753
1.37 3.98830974479333
1.38 7.3506879857269
1.39 7.0619966192569
1.4 6.87024596469345
1.41 21.0057942322145
1.42 26.1503153240353
1.43 5.9005013686477
1.44 28.5426007835585
1.45 9.94690615041942
1.46 18.1841373089665
1.47 35.3746431959426
1.48 0.693485793905296
1.49 3.24744098562776
1.5 20.8643892800569
1.51 16.1483266994834
1.52 4.59921877332029
1.53 9.57178238843343
1.54 29.2677544889182
1.55 18.6125434772031
1.56 8.34767663275012
1.57 14.0507258987235
1.58 16.4083962054009
1.59 16.6641933068663
1.6 31.1407357553088
1.61 7.68091202310879
1.62 25.0184929987575
1.63 5.59957348852853
1.64 6.79135559253801
1.65 19.7870115008204
1.66 28.198112479026
1.67 10.8146233660328
1.68 13.7739889657961
1.69 27.2921122491432
1.7 16.5265870749498
1.71 17.6103118547294
1.72 25.1987906233071
1.73 19.6730884513173
1.74 17.5496076242765
1.75 12.0641565692265
1.76 -2.9457805054859
1.77 12.237194410784
1.78 12.5704922869633
1.79 -0.847002910670799
1.8 6.59130641224498
1.81 23.6612073960588
1.82 26.0694026913972
1.83 7.95638226176574
1.84 23.7775065957407
1.85 22.3959755229347
1.86 11.8861114993423
1.87 5.87181763684266
1.88 24.7041124509543
1.89 -0.207351111587238
1.9 12.7464544194746
1.91 33.4128320180924
1.92 -1.54489388176526
1.93 13.7829704995043
1.94 12.4601393324133
1.95 -9.32679145923197
1.96 29.6294952689014
1.97 13.8933130623455
1.98 13.4366577463002
1.99 11.3681263794424
2 -8.47061931048803
2.01 2.10045331470835
2.02 6.02268844742359
2.03 8.40541586656513
2.04 12.3544880146481
2.05 12.8261308857934
2.06 23.2426094837395
2.07 12.425420210248
2.08 15.5951124771754
2.09 26.8748813330943
2.1 14.9754823161273
2.11 14.7753694364215
2.12 4.13035089268242
2.13 4.57742082717865
2.14 24.8144348854135
2.15 -1.08060816946573
2.16 -2.07868455523883
2.17 -0.617035412239495
2.18 7.79219885936615
2.19 25.9922443549229
2.2 13.567800797655
2.21 14.4203948829148
2.22 13.2250812644327
2.23 26.5722023892869
2.24 7.93083939484918
2.25 33.4031586530086
2.26 22.1553556634812
2.27 28.2360000637504
2.28 17.0482889998113
2.29 22.6062242357514
2.3 8.7539016363808
2.31 19.5500328077249
2.32 -12.6755555342512
2.33 8.64438646123976
2.34 14.412246316467
2.35 27.8403074800921
2.36 21.6225947299411
2.37 11.1430655604204
2.38 22.4274689159235
2.39 13.8346450787733
2.4 23.307700405851
2.41 11.3977180295132
2.42 33.4418199612339
2.43 31.2090553597023
2.44 8.70350840264684
2.45 18.2715417691717
2.46 17.0710339372622
2.47 10.2927841131146
2.48 30.5270033118475
2.49 13.8813005954918
2.5 14.7712250703093
2.51 15.9999392494129
2.52 29.6237544827593
2.53 19.6391068729386
2.54 37.5666930140793
2.55 24.1541131704576
2.56 33.2562671796286
2.57 13.4058636333581
2.58 26.7840581568025
2.59 14.1653303101865
2.6 20.393007929644
2.61 18.4636671605021
2.62 26.2315591576658
2.63 26.6953244818686
2.64 9.53475071995122
2.65 18.0635941609159
2.66 40.317726465399
2.67 22.3262302025554
2.68 5.05885543708822
2.69 17.8471755387509
2.7 12.984724965974
2.71 24.8984552745451
2.72 4.03604701239516
2.73 20.4212969434998
2.74 21.683074874786
2.75 14.9713707034953
2.76 32.8721837040979
2.77 33.5320647457945
2.78 32.2599030456587
2.79 17.3884832019767
2.8 11.9702632312461
2.81 16.7084529203032
2.82 27.0774629301364
2.83 29.7187234995525
2.84 6.23133976770424
2.85 23.1220575332064
2.86 7.60622241585037
2.87 32.2888256287804
2.88 20.3209394017233
2.89 28.997321193868
2.9 23.6591211367546
2.91 10.4363453191684
2.92 23.5599440660569
2.93 30.4556923328966
2.94 5.67708630133142
2.95 12.7836321207029
2.96 16.9205742130935
2.97 23.6294587727405
2.98 30.0699074455886
2.99 23.1256618582649
3 18.876820931913
3.01 15.0937725112426
3.02 19.2804949750441
3.03 27.9469878138827
3.04 37.3913935998416
3.05 20.6953231595673
3.06 14.2511609669248
3.07 28.0100330438829
3.08 8.09772325302594
3.09 25.1047293169415
3.1 19.643181090239
3.11 44.2924255183915
3.12 19.0841253967065
3.13 13.1303397404015
3.14 0.606752867489094
3.15 17.8376863745583
3.16 32.6383170321374
3.17 20.5725842427982
3.18 21.2524256182402
3.19 5.69198667497264
3.2 16.2093748000308
3.21 1.63473933749658
3.22 23.4980573087644
3.23 3.34972518199081
3.24 17.6480129361503
3.25 9.18445855948681
3.26 23.1491656959679
3.27 20.5476547265406
3.28 2.57159279857419
3.29 38.6918285370881
3.3 26.0768640083538
3.31 28.3968349078386
3.32 6.32534223468827
3.33 14.0526906831464
3.34 32.7872649024087
3.35 17.8714074247335
3.36 26.2095433645878
3.37 31.4567520284233
3.38 29.2181881269699
3.39 9.05172597859433
3.4 11.350341071873
3.41 6.78613325006724
3.42 38.7428144533782
3.43 29.7339887288346
3.44 20.5264706339915
3.45 10.5592057499377
3.46 32.317354197219
3.47 14.4532746285835
3.48 -4.40552248470845
3.49 22.7642909454793
3.5 13.2653917308877
3.51 21.4625893652589
3.52 29.6913188024137
3.53 23.7152403960406
3.54 11.0708157733268
3.55 15.9430118246025
3.56 18.2282719463418
3.57 27.1093616789196
3.58 24.7283450669927
3.59 30.367096281862
3.6 23.4742924985117
3.61 26.0105464043503
3.62 28.7626407079433
3.63 21.4165656328614
3.64 32.1945355364566
3.65 4.31716036959569
3.66 29.0383725528195
3.67 1.02878216061933
3.68 24.6768199926015
3.69 7.09263268871615
3.7 7.1529296893753
3.71 18.7484713037293
3.72 16.9148722073395
3.73 9.74628653034395
3.74 33.6003580600104
3.75 39.836611872732
3.76 7.88617548929477
3.77 11.9834946022133
3.78 30.4938639906843
3.79 4.96710053030087
3.8 19.8011365978044
3.81 24.7728112959456
3.82 5.61088541008021
3.83 10.1905033090766
3.84 47.450993878513
3.85 31.5041488207955
3.86 17.1811845445329
3.87 28.7617897144061
3.88 27.7266839138481
3.89 32.5864506784546
3.9 16.1300719815897
3.91 26.9060002424586
3.92 17.1547145036055
3.93 18.6311070841752
3.94 9.84063087878192
3.95 27.1394230096503
3.96 28.324154348719
3.97 17.093277619316
3.98 9.07311667350488
3.99 -1.28092114437801
4 18.2389654506774
4.01 22.647045407592
4.02 18.7107140350469
4.03 26.0598506902309
4.04 16.2596607542427
4.05 17.4742628106162
4.06 15.7778302048745
4.07 19.1392767405949
4.08 13.0176396580379
4.09 20.7476259518908
4.1 38.7582944168982
4.11 30.1564422373886
4.12 12.1817676655851
4.13 35.8895687805387
4.14 24.8962494938457
4.15 24.6989312667657
4.16 16.1781044012213
4.17 32.1483803096024
4.18 16.092971533772
4.19 36.2039631610334
4.2 50.5210678551627
4.21 34.3519039710189
4.22 29.292211927065
4.23 18.7427538328012
4.24 36.4339615925777
4.25 28.2351732292373
4.26 34.1295642345673
4.27 26.4864182530606
4.28 16.6987055321611
4.29 21.9635370908495
4.3 21.0631308501842
4.31 35.4153037404482
4.32 14.4021074872377
4.33 32.6022437853291
4.34 36.7390452002956
4.35 17.7032275247023
4.36 37.8450097842926
4.37 23.0598562438732
4.38 38.3786507266625
4.39 7.83414916494156
4.4 10.9590081765345
4.41 33.1633768854675
4.42 21.0255851987089
4.43 16.4551584198101
4.44 31.8209051718905
4.45 23.90448805435
4.46 29.3958199468628
4.47 -0.224496765710356
4.48 48.9898727146221
4.49 27.2995321115154
4.5 12.2830460666952
4.51 46.8303949781843
4.52 27.0326500651592
4.53 29.2131820371187
4.54 9.08966230762001
4.55 15.8109947029086
4.56 31.760552013318
4.57 18.3591325156063
4.58 16.1275665853713
4.59 30.8376337256922
4.6 13.1648125622512
4.61 25.4172234804074
4.62 10.647960962126
4.63 36.7944900237241
4.64 28.2482970581558
4.65 33.9451084343641
4.66 45.2388313764395
4.67 52.6388244519274
4.68 29.2593076691588
4.69 28.7887573862218
4.7 18.5497355370128
4.71 30.2785578700811
4.72 27.4565202471847
4.73 26.1913729129697
4.74 43.0646572783405
4.75 25.3364881495529
4.76 19.8433086556651
4.77 37.8677786011068
4.78 30.2574800709907
4.79 26.7728146924145
4.8 19.6985196329764
4.81 30.8432907303241
4.82 31.9091695566252
4.83 19.0042064751846
4.84 38.9240387889908
4.85 20.7770469700307
4.86 26.6439285868104
4.87 39.3798032896957
4.88 33.4859772773707
4.89 33.8995799530877
4.9 32.94158206292
4.91 29.4039217303331
4.92 11.04969638821
4.93 15.6541339201706
4.94 45.0247452753452
4.95 29.826168774418
4.96 28.3369015017727
4.97 17.6755684582167
4.98 32.7581861680025
4.99 34.4042086661044
5 36.6713635884436
5.01 18.6624889816476
5.02 41.4071448520098
5.03 31.8004054595499
5.04 20.332275027584
5.05 39.6965966704612
5.06 28.3979072748198
5.07 26.2484865539682
5.08 34.5533492660518
5.09 27.7677097838964
5.1 31.7292818910128
5.11 34.8168427974263
5.12 44.1244018407057
5.13 43.5371006225119
5.14 30.6262516280252
5.15 36.6696118826223
5.16 24.2027518035253
5.17 34.7713312360599
5.18 30.8462399993694
5.19 35.769546543056
5.2 31.582053984684
5.21 32.4471672839417
5.22 29.0013672263842
5.23 28.8839423877532
5.24 21.0393388525544
5.25 36.1442811374635
5.26 58.2267109697144
5.27 19.724042893537
5.28 20.5773679796205
5.29 48.3581846644226
5.3 36.0492345202071
5.31 25.5180099290888
5.32 37.1126713850523
5.33 57.1470009668556
5.34 44.8596156245556
5.35 34.7325476601322
5.36 42.5558466858067
5.37 36.356898342015
5.38 30.4924931265941
5.39 18.2990767395538
5.4 46.2770503496402
5.41 25.7147537372441
5.42 35.2892434545553
5.43 31.3631049053471
5.44 32.6007077187724
5.45 38.6008448386257
5.46 32.0846843304592
5.47 28.3934129392142
5.48 32.9094286172954
5.49 35.9541874559185
5.5 46.1084383545918
5.51 37.1163432536842
5.52 11.7169851173686
5.53 57.0712608388812
5.54 43.3209733059988
5.55 25.063948684205
5.56 28.7635840212891
5.57 30.7365936358707
5.58 26.6703226238835
5.59 56.3381837549972
5.6 47.1865915390261
5.61 34.667332377646
5.62 39.0941035304495
5.63 48.7946890935008
5.64 30.1638832185516
5.65 41.5994500736846
5.66 46.9741059281729
5.67 31.9474340378233
5.68 62.0404413591692
5.69 25.1851684252463
5.7 28.995588205052
5.71 43.3299235359691
5.72 30.0834143836942
5.73 20.738495041643
5.74 15.6231767550055
5.75 20.3596356456556
5.76 15.7604510298781
5.77 43.3355538240069
5.78 45.4053970456748
5.79 -2.40297399446827
5.8 35.2347699578307
5.81 52.8133644218706
5.82 31.8184978604044
5.83 25.0818171085289
5.84 58.6245785205387
5.85 20.82247423382
5.86 24.1900667375948
5.87 39.5492578651145
5.88 38.703510394797
5.89 33.6615898125283
5.9 24.7470766293988
5.91 32.9756977569505
5.92 42.6204025565751
5.93 37.5652231624721
5.94 23.2050097498169
5.95 36.267723275429
5.96 27.4128313341354
5.97 65.3243315096011
5.98 13.601698008528
5.99 28.9813168428246
6 45.9250563032457
6.01 31.0564884955321
6.02 36.6220540545481
6.03 54.2580533268842
6.04 36.1979708808253
6.05 30.5779511419541
6.06 38.4226820232389
6.07 40.0800512653791
6.08 40.2254981069608
6.09 10.159360825031
6.1 24.8532156454375
6.11 31.2042671225854
6.12 49.716825236618
6.13 32.335108343857
6.14 26.8541133446329
6.15 40.6160260499908
6.16 41.5805520651966
6.17 32.0058227437765
6.18 28.4487462201428
6.19 24.6851504339822
6.2 31.6823723411162
6.21 15.4749955826527
6.22 36.5625513784016
6.23 48.868207673486
6.24 29.5916860217983
6.25 43.090638703279
6.26 50.5849605457729
6.27 43.9670789139026
6.28 46.2479086139077
6.29 32.4240154358929
6.3 34.4965324138262
6.31 36.1160596945339
6.32 53.90396655804
6.33 21.0077682002118
6.34 37.2437572000994
6.35 44.8629391206976
6.36 23.6078908131732
6.37 45.7244724815342
6.38 33.6670877769568
6.39 27.7398712315217
6.4 40.6339393753618
6.41 38.3076292664113
6.42 47.4007813851124
6.43 30.3817525437014
6.44 39.8339063349753
6.45 41.5045631090972
6.46 27.9980303604127
6.47 41.4323560039993
6.48 50.2020281965104
6.49 68.543582902628
6.5 39.5104002519099
6.51 19.7800135683368
6.52 37.9618685871361
6.53 53.2054893738534
6.54 31.9019857543087
6.55 30.5422870359994
6.56 26.8539941468191
6.57 60.3470109371068
6.58 40.2221466899481
6.59 18.2017716198674
6.6 49.1615464335736
6.61 38.615610996464
6.62 50.1255192067199
6.63 53.4117047448955
6.64 38.6038276534324
6.65 29.3580525245474
6.66 55.7927714708668
6.67 49.8284609039642
6.68 58.9095998767875
6.69 44.3540409832294
6.7 32.2333410457105
6.71 30.2483566897318
6.72 11.8838288203776
6.73 51.4615298412828
6.74 35.3720412521712
6.75 24.2242806737772
6.76 46.7948212341582
6.77 24.5330077817532
6.78 42.2844070633981
6.79 35.3177630576933
6.8 39.6900649794026
6.81 36.8280102240891
6.82 27.6645812894161
6.83 46.573558887662
6.84 45.6273238184732
6.85 47.4527857761003
6.86 34.1118517785112
6.87 20.9073859862232
6.88 44.3042305235978
6.89 53.6496201753248
6.9 15.7234115566783
6.91 42.0195508954315
6.92 45.3460299328515
6.93 26.15923688251
6.94 41.5885027874813
6.95 19.0326671217744
6.96 23.8717501637788
6.97 31.633144358303
6.98 50.5464763433438
6.99 40.9609459782063
7 47.4787358906567
7.01 36.4941133571418
7.02 50.4421461728699
7.03 28.0298181898155
7.04 53.4911764796312
7.05 31.2783737400095
7.06 52.4006528433947
7.07 33.4854174152233
7.08 50.0845013356574
7.09 43.3850283875782
7.1 30.3243941749693
7.11 47.6637987608016
7.12 36.3868509126589
7.13 53.1423147744726
7.14 38.9080216038284
7.15 51.546078937764
7.16 43.0574336441206
7.17 60.4472814047021
7.18 67.845898722696
7.19 50.6784629883953
7.2 46.2801708952821
7.21 70.5613818542123
7.22 34.431651609348
7.23 44.9717334914154
7.24 37.093049679555
7.25 63.404253148172
7.26 39.2144369108129
7.27 32.9590677398493
7.28 20.5782178133461
7.29 55.3485367079646
7.3 39.4227718684067
7.31 40.2003768683092
7.32 46.8744071996652
7.33 54.4502024509518
7.34 36.3724496993965
7.35 59.2947644958503
7.36 40.7516822463006
7.37 52.2963674467219
7.38 46.8662647167956
7.39 30.5447192267777
7.4 43.0402022437603
7.41 61.7043822548521
7.42 38.5548120287604
7.43 40.3442854824149
7.44 41.6384117477289
7.45 62.2984810487985
7.46 37.8875945181853
7.47 60.6428066493633
7.48 59.2924739840566
7.49 42.677858079205
7.5 47.5237262633164
7.51 37.0837678352001
7.52 45.5409882961036
7.53 17.2957963858215
7.54 54.6806889829511
7.55 49.7091923528106
7.56 52.0536015896417
7.57 33.9437838633967
7.58 62.4159030848893
7.59 45.4098683032432
7.6 35.5421041844236
7.61 55.829336949556
7.62 51.1996863010687
7.63 53.7857406982782
7.64 40.5001790259739
7.65 46.9064207571655
7.66 53.6080530829282
7.67 53.0980100636555
7.68 55.0582984935053
7.69 48.170197859697
7.7 66.5599773697437
7.71 55.3524675235537
7.72 44.8902506759599
7.73 43.8385745964814
7.74 44.71655207863
7.75 37.716009739673
7.76 39.2739318947818
7.77 55.4320899193922
7.78 54.5119713378722
7.79 50.7916831812482
7.8 25.8216266089397
7.81 30.4585042035224
7.82 38.3927156849252
7.83 36.8736374492468
7.84 31.4987351786765
7.85 25.6944282603204
7.86 67.7222320767428
7.87 51.2201812004855
7.88 43.6561740920514
7.89 44.7245237406249
7.9 43.9444233578524
7.91 31.5632245594246
7.92 36.8402762000382
7.93 43.9803339044796
7.94 36.3686203439143
7.95 31.261942882725
7.96 45.3241271880203
7.97 49.7031853436053
7.98 59.1101216936293
7.99 47.9059887064847
8 50.5985322427111
8.01 42.597527414635
8.02 55.4980714181767
8.03 41.8763661364475
8.04 51.5936319445677
8.05 58.0156506340901
8.06 52.2827989783561
8.07 42.0475001258569
8.08 56.6414447798108
8.09 35.9875712030558
8.1 63.2240287802778
8.11 66.6700280328666
8.12 41.066798636358
8.13 43.2537646847447
8.14 51.6829759218589
8.15 39.4162132946158
8.16 43.7584075806663
8.17 31.9374488209377
8.18 38.4279667851729
8.19 28.8824157163852
8.2 44.6181588428233
8.21 38.7807716153385
8.22 56.651759796371
8.23 47.5128155615015
8.24 32.0273098191093
8.25 58.0193431849624
8.26 44.6045460428546
8.27 46.1922687334236
8.28 45.8619416226377
8.29 48.3192008545074
8.3 52.1213505243264
8.31 60.5151720643758
8.32 50.3000488246696
8.33 46.8614886485627
8.34 34.7082844784009
8.35 37.9949499355232
8.36 38.7867817642571
8.37 48.0791531841054
8.38 52.7292073577307
8.39 45.7403283764369
8.4 44.7373969294784
8.41 38.3120617441924
8.42 37.1051638657048
8.43 39.1269513023021
8.44 54.3266706071911
8.45 55.0456587098967
8.46 37.795391990206
8.47 41.4894232987099
8.48 54.7264990674523
8.49 18.8968250715351
8.5 67.8849408381563
8.51 49.383192765383
8.52 50.557615652829
8.53 37.743074317242
8.54 31.1633619781183
8.55 37.5878594343572
8.56 41.0123128467958
8.57 25.1410668908457
8.58 32.8863180224701
8.59 50.9353772973926
8.6 61.1561157256774
8.61 33.4905752711676
8.62 48.6251918386197
8.63 48.6221276361878
8.64 51.3787536258273
8.65 51.790064975361
8.66 52.0128297436091
8.67 36.3511210905425
8.68 45.689962729617
8.69 50.5739592263842
8.7 55.2820036504477
8.71 46.7561284601949
8.72 37.8057964575541
8.73 43.5517602127018
8.74 41.801118243418
8.75 41.2212122249517
8.76 45.3886433669776
8.77 57.2580357118498
8.78 36.4251243971874
8.79 49.6400790345774
8.8 50.0040107544883
8.81 44.0819653523602
8.82 48.4328199333238
8.83 50.7291522013214
8.84 50.4906244567083
8.85 43.7136439255724
8.86 39.8583545117334
8.87 42.9263975865308
8.88 38.1245843728924
8.89 66.0383049786189
8.9 52.3639293491365
8.91 48.6424417343304
8.92 49.5477705279892
8.93 43.6342811119484
8.94 60.3618536029083
8.95 43.9382215935307
8.96 44.5030767679381
8.97 84.2676327567232
8.98 42.2699656921827
8.99 43.8679065719944
9 54.7723446428921
9.01 54.7793048385829
9.02 59.1293282856688
9.03 62.7176153025321
9.04 47.0897067450193
9.05 49.3540138189744
9.06 50.7447826103087
9.07 51.4913186149239
9.08 45.6064136930908
9.09 68.5764887841426
9.1 60.6789411738679
9.11 43.6805295029094
9.12 48.5778999319451
9.13 49.2024214745636
9.14 55.0089135680509
9.15 47.0776466967173
9.16 46.1972517388139
9.17 36.2385435303483
9.18 47.1785156823083
9.19 54.107242700381
9.2 53.9655612375245
9.21 53.2084793172828
9.22 50.7553721255956
9.23 45.1380113961923
9.24 57.6423381324157
9.25 29.0309622520805
9.26 39.6788187873584
9.27 51.903878520382
9.28 47.6201511580848
9.29 56.2409204726515
9.3 40.9216583134172
9.31 44.359638702965
9.32 49.0449838858478
9.33 58.2723714196034
9.34 28.7664227432976
9.35 57.2598112131104
9.36 44.2308958769091
9.37 37.4322288323496
9.38 56.2523539538979
9.39 50.4019019171982
9.4 54.0140399069933
9.41 35.8800188793847
9.42 43.0666907357975
9.43 58.1457580245286
9.44 46.8135244449489
9.45 24.8640977634838
9.46 35.9646330163748
9.47 38.205760642401
9.48 57.4371683232799
9.49 68.9277757958275
9.5 67.666952581391
9.51 39.503538749103
9.52 60.6570679401835
9.53 49.6296186180454
9.54 60.0087327425193
9.55 65.2643873059335
9.56 60.4849906065572
9.57 40.8854984047755
9.58 37.4794026618417
9.59 43.0155888368858
9.6 75.2312915042069
9.61 55.3730572754979
9.62 45.2431660060737
9.63 51.2197424130806
9.64 63.1093896589932
9.65 65.6440842785666
9.66 49.1559559075111
9.67 58.2491614020047
9.68 60.6408891122069
9.69 50.9472557145702
9.7 41.2908559931707
9.71 61.2620538960382
9.72 62.1848267328628
9.73 50.2771956045837
9.74 33.0245052470466
9.75 68.042669771043
9.76 39.0239960178268
9.77 55.7787849910602
9.78 54.0623451308391
9.79 45.7066186020552
9.8 53.0118788321981
9.81 56.2986271599029
9.82 54.2800777600152
9.83 53.5398055812805
9.84 51.3072648486828
9.85 60.1240768636449
9.86 51.7871857018777
9.87 56.5481226416571
9.88 38.7212035061474
9.89 47.6412441623781
9.9 56.8655901679221
9.91 46.1527727194718
9.92 45.1618603368085
9.93 34.8461863839769
9.94 61.2925846921902
9.95 57.4607753736859
9.96 69.2901685830205
9.97 43.7739989768315
9.98 67.7196292410981
9.99 44.4332062121255
10 57.6663841113868
